 1300.0000    57.2000 
 1302.0000    57.0900 
 1304.0000    57.0400 
 1306.0000    56.9800 
 1308.0000    56.8200 
 1310.0000    56.9100 
 1312.0000    56.9400 
 1314.0000    56.9900 
 1316.0000    57.0400 
 1318.0000    57.0500 
 1320.0000    56.9400 
 1322.0000    56.8400 
 1324.0000    56.7900 
 1326.0000    56.7400 
 1328.0000    56.7400 
 1330.0000    56.7800 
 1332.0000    56.8000 
 1334.0000    56.7700 
 1336.0000    56.6800 
 1338.0000    56.6100 
 1340.0000    56.5700 
 1342.0000    56.5700 
 1344.0000    56.5700 
 1346.0000    56.5600 
 1348.0000    56.5400 
 1350.0000    56.5900 
 1352.0000    56.5150 
 1354.0000    56.4600 
 1356.0000    56.3500 
 1358.0000    56.3500 
 1360.0000    56.3800 
 1362.0000    56.4100 
 1364.0000    56.3700 
 1366.0000    56.3100 
 1368.0000    56.2500 
 1370.0000    56.2600 
 1372.0000    56.2900 
 1374.0000    56.2800 
 1376.0000    56.2600 
 1378.0000    56.2300 
 1380.0000    56.1900 
 1382.0000    56.1500 
 1384.0000    56.1000 
 1386.0000    56.0300 
 1388.0000    55.9400 
 1390.0000    55.8500 
 1392.0000    55.7250 
 1394.0000    55.6200 
 1396.0000    55.5000 
 1398.0000    55.3400 
 1400.0000    55.1150 
 1402.0000    54.9350 
 1404.0000    54.7400 
 1406.0000    54.5600 
 1408.0000    54.4300 
 1410.0000    54.2600 
 1412.0000    54.0750 
 1414.0000    53.9100 
 1416.0000    53.7300 
 1418.0000    53.5200 
 1420.0000    53.3300 
 1422.0000    53.1300 
 1424.0000    52.9500 
 1426.0000    52.8400 
 1428.0000    52.7450 
 1430.0000    52.6600 
 1432.0000    52.5300 
 1434.0000    52.3850 
 1436.0000    52.2200 
 1438.0000    52.0100 
 1440.0000    51.7750 
 1442.0000    51.5950 
 1444.0000    51.3300 
 1446.0000    51.1500 
 1448.0000    51.0400 
 1450.0000    50.9600 
 1452.0000    51.0200 
 1454.0000    51.1500 
 1456.0000    51.3100 
 1458.0000    51.4900 
 1460.0000    51.6800 
 1462.0000    51.8450 
 1464.0000    51.9900 
 1466.0000    52.1200 
 1468.0000    52.2200 
 1470.0000    52.3000 
 1472.0000    52.3800 
 1474.0000    52.4600 
 1476.0000    52.5300 
 1478.0000    52.6100 
 1480.0000    52.6800 
 1482.0000    52.7200 
 1484.0000    52.7700 
 1486.0000    52.8150 
 1488.0000    52.8600 
 1490.0000    52.8900 
 1492.0000    52.8900 
 1494.0000    52.9000 
 1496.0000    52.9400 
 1498.0000    53.0300 
 1500.0000    53.1600 
 1502.0000    53.3100 
 1504.0000    53.5000 
 1506.0000    53.7000 
 1508.0000    53.8900 
 1510.0000    54.0500 
 1512.0000    54.1900 
 1514.0000    54.3100 
 1516.0000    54.4300 
 1518.0000    54.5300 
 1520.0000    54.6200 
 1522.0000    54.6800 
 1524.0000    54.7100 
 1526.0000    54.7300 
 1528.0000    54.7500 
 1530.0000    54.7700 
 1532.0000    54.7900 
 1534.0000    54.8200 
 1536.0000    54.8300 
 1538.0000    54.8400 
 1540.0000    54.8900 
 1542.0000    54.9300 
 1544.0000    54.9900 
 1546.0000    55.0600 
 1548.0000    55.1700 
 1550.0000    55.3200 
 1552.0000    55.5100 
 1554.0000    55.6500 
 1556.0000    55.7600 
 1558.0000    55.8600 
 1560.0000    55.9800 
 1562.0000    56.1100 
 1564.0000    56.2100 
 1566.0000    56.2800 
 1568.0000    56.3200 
 1570.0000    56.3800 
 1572.0000    56.4600 
 1574.0000    56.5150 
 1576.0000    56.6100 
 1578.0000    56.6900 
 1580.0000    56.7400 
 1582.0000    56.7400 
 1584.0000    56.7300 
 1586.0000    56.7700 
 1588.0000    56.8700 
 1590.0000    57.0000 
 1592.0000    57.0900 
 1594.0000    57.1500 
 1596.0000    57.1700 
 1598.0000    57.1800 
 1600.0000    57.2100 
 1602.0000    57.2600 
 1604.0000    57.2600 
 1606.0000    57.3300 
 1608.0000    57.4000 
 1610.0000    57.4500 
 1612.0000    57.4800 
 1614.0000    57.4850 
 1616.0000    57.5100 
 1618.0000    57.5400 
 1620.0000    57.5600 
 1622.0000    57.5900 
 1624.0000    57.6200 
 1626.0000    57.6600 
 1628.0000    57.6500 
 1630.0000    57.6400 
 1632.0000    57.6650 
 1634.0000    57.6900 
 1636.0000    57.7300 
 1638.0000    57.7800 
 1640.0000    57.7800 
 1642.0000    57.7900 
 1644.0000    57.7800 
 1646.0000    57.7600 
 1648.0000    57.7700 
 1650.0000    57.8000 
 1652.0000    57.8450 
 1654.0000    57.9000 
 1656.0000    57.9100 
 1658.0000    57.8800 
 1660.0000    57.8600 
 1662.0000    57.8300 
 1664.0000    57.8200 
 1666.0000    57.8000 
 1668.0000    57.7600 
 1670.0000    57.7700 
 1672.0000    57.7500 
 1674.0000    57.7500 
 1676.0000    57.7300 
 1678.0000    57.7000 
 1680.0000    57.7200 
 1682.0000    57.7700 
 1684.0000    57.7900 
 1686.0000    57.7800 
 1688.0000    57.7400 
 1690.0000    57.7100 
 1692.0000    57.7100 
 1694.0000    57.7400 
 1696.0000    57.7700 
 1698.0000    57.7600 
 1700.0000    57.7200 
 1702.0000    57.6800 
 1704.0000    57.6300 
 1706.0000    57.5900 
 1708.0000    57.5500 
 1710.0000    57.5100 
 1712.0000    57.4600 
 1714.0000    57.4300 
 1716.0000    57.3700 
 1718.0000    57.3050 
 1720.0000    57.2300 
 1722.0000    57.1200 
 1724.0000    57.0200 
 1726.0000    56.9300 
 1728.0000    56.8500 
 1730.0000    56.8000 
 1732.0000    56.7200 
 1734.0000    56.6400 
 1736.0000    56.5300 
 1738.0000    56.3900 
 1740.0000    56.2900 
 1742.0000    56.1600 
 1744.0000    56.0500 
 1746.0000    56.0000 
 1748.0000    55.9500 
 1750.0000    55.8800 
 1752.0000    55.8350 
 1754.0000    55.7900 
 1756.0000    55.7800 
 1758.0000    55.8300 
 1760.0000    55.8700 
 1762.0000    55.9000 
 1764.0000    55.9200 
 1766.0000    55.9700 
 1768.0000    56.0100 
 1770.0000    56.0500 
 1772.0000    56.0500 
 1774.0000    56.0500 
 1776.0000    56.0300 
 1778.0000    56.0400 
 1780.0000    56.0600 
 1782.0000    56.0800 
 1784.0000    56.1300 
 1786.0000    56.1800 
 1788.0000    56.2200 
 1790.0000    56.2800 
 1792.0000    56.3300 
 1794.0000    56.3900 
 1796.0000    56.4100 
 1798.0000    56.4400 
 1800.0000    56.4800 
 1802.0000    56.5500 
 1804.0000    56.6250 
 1806.0000    56.6500 
 1808.0000    56.6400 
 1810.0000    56.6500 
 1812.0000    56.6800 
 1814.0000    56.7100 
 1816.0000    56.7200 
 1818.0000    56.7300 
 1820.0000    56.6950 
 1822.0000    56.6800 
 1824.0000    56.6500 
 1826.0000    56.6400 
 1828.0000    56.6700 
 1830.0000    56.6800 
 1832.0000    56.6950 
 1834.0000    56.6800 
 1836.0000    56.6200 
 1838.0000    56.5700 
 1840.0000    56.5100 
 1842.0000    56.4450 
 1844.0000    56.4200 
 1846.0000    56.3800 
 1848.0000    56.3000 
 1850.0000    56.2300 
 1852.0000    56.1400 
 1854.0000    56.0100 
 1856.0000    55.8700 
 1858.0000    55.7200 
 1860.0000    55.5400 
 1862.0000    55.3650 
 1864.0000    55.1700 
 1866.0000    54.9500 
 1868.0000    54.7000 
 1870.0000    54.3900 
 1872.0000    54.0400 
 1874.0000    53.6500 
 1876.0000    53.2500 
 1878.0000    52.8700 
 1880.0000    52.4600 
 1882.0000    52.0600 
 1884.0000    51.6100 
 1886.0000    51.1300 
 1888.0000    50.6250 
 1890.0000    50.0600 
 1892.0000    49.4900 
 1894.0000    48.9100 
 1896.0000    48.3400 
 1898.0000    47.8000 
 1900.0000    47.2400 
 1902.0000    46.6700 
 1904.0000    46.0600 
 1906.0000    45.5100 
 1908.0000    45.0100 
 1910.0000    44.5400 
 1912.0000    44.0600 
 1914.0000    43.5500 
 1916.0000    43.0600 
 1918.0000    42.6200 
 1920.0000    42.1800 
 1922.0000    41.7600 
 1924.0000    41.3400 
 1926.0000    40.9300 
 1928.0000    40.5600 
 1930.0000    40.1900 
 1932.0000    39.8000 
 1934.0000    39.4400 
 1936.0000    39.1400 
 1938.0000    38.9000 
 1940.0000    38.7000 
 1942.0000    38.5500 
 1944.0000    38.4750 
 1946.0000    38.4700 
 1948.0000    38.4900 
 1950.0000    38.5200 
 1952.0000    38.5900 
 1954.0000    38.7200 
 1956.0000    38.9300 
 1958.0000    39.2300 
 1960.0000    39.5350 
 1962.0000    39.8600 
 1964.0000    40.1600 
 1966.0000    40.4300 
 1968.0000    40.6500 
 1970.0000    40.7800 
 1972.0000    40.8900 
 1974.0000    40.9500 
 1976.0000    41.0500 
 1978.0000    41.2000 
 1980.0000    41.3900 
 1982.0000    41.6300 
 1984.0000    41.8500 
 1986.0000    42.0700 
 1988.0000    42.3300 
 1990.0000    42.6100 
 1992.0000    42.9300 
 1994.0000    43.2700 
 1996.0000    43.7100 
 1998.0000    44.2200 
 2000.0000    44.7500 
 2002.0000    45.3200 
 2004.0000    45.8500 
 2006.0000    46.3700 
 2008.0000    46.8300 
 2010.0000    47.1900 
 2012.0000    47.5800 
 2014.0000    47.9300 
 2016.0000    48.2400 
 2018.0000    48.5300 
 2020.0000    48.7500 
 2022.0000    48.9800 
 2024.0000    49.1800 
 2026.0000    49.3900 
 2028.0000    49.5900 
 2030.0000    49.7800 
 2032.0000    49.9200 
 2034.0000    50.0600 
 2036.0000    50.2200 
 2038.0000    50.3600 
 2040.0000    50.4800 
 2042.0000    50.6000 
 2044.0000    50.7100 
 2046.0000    50.8050 
 2048.0000    50.9000 
 2050.0000    50.9500 
 2052.0000    50.9850 
 2054.0000    51.0550 
 2056.0000    51.0900 
 2058.0000    51.1300 
 2060.0000    51.1500 
 2062.0000    51.1650 
 2064.0000    51.2000 
 2066.0000    51.2500 
 2068.0000    51.3000 
 2070.0000    51.3400 
 2072.0000    51.3450 
 2074.0000    51.3450 
 2076.0000    51.3700 
 2078.0000    51.3900 
 2080.0000    51.4100 
 2082.0000    51.3900 
 2084.0000    51.3600 
 2086.0000    51.3200 
 2088.0000    51.3000 
 2090.0000    51.2800 
 2092.0000    51.3000 
 2094.0000    51.3100 
 2096.0000    51.2900 
 2098.0000    51.2350 
 2100.0000    51.1500 
 2102.0000    51.1200 
 2104.0000    51.1100 
 2106.0000    51.0800 
 2108.0000    51.0000 
 2110.0000    50.9400 
 2112.0000    50.9200 
 2114.0000    50.9000 
 2116.0000    50.8700 
 2118.0000    50.8200 
 2120.0000    50.7700 
 2122.0000    50.7000 
 2124.0000    50.6200 
 2126.0000    50.5400 
 2128.0000    50.4800 
 2130.0000    50.4400 
 2132.0000    50.4300 
 2134.0000    50.4000 
 2136.0000    50.3600 
 2138.0000    50.3200 
 2140.0000    50.2900 
 2142.0000    50.2500 
 2144.0000    50.1800 
 2146.0000    50.1100 
 2148.0000    50.0600 
 2150.0000    50.0000 
 2152.0000    49.9200 
 2154.0000    49.8900 
 2156.0000    49.8500 
 2158.0000    49.8000 
 2160.0000    49.7100 
 2162.0000    49.6900 
 2164.0000    49.6900 
 2166.0000    49.6800 
 2168.0000    49.6400 
 2170.0000    49.5500 
 2172.0000    49.4700 
 2174.0000    49.3500 
 2176.0000    49.3000 
 2178.0000    49.2100 
 2180.0000    49.1600 
 2182.0000    49.0800 
 2184.0000    49.0100 
 2186.0000    48.9600 
 2188.0000    48.9200 
 2190.0000    48.8600 
 2192.0000    48.7600 
 2194.0000    48.6800 
 2196.0000    48.6100 
 2198.0000    48.5600 
 2200.0000    48.4900 
 2202.0000    48.4300 
 2204.0000    48.3700 
 2206.0000    48.2800 
 2208.0000    48.1300 
 2210.0000    48.0400 
 2212.0000    47.9700 
 2214.0000    47.9300 
 2216.0000    47.8400 
 2218.0000    47.7500 
 2220.0000    47.7400 
 2222.0000    47.7600 
 2224.0000    47.8700 
 2226.0000    47.9900 
 2228.0000    48.1300 
 2230.0000    48.2500 
 2232.0000    48.3600 
 2234.0000    48.4800 
 2236.0000    48.5400 
 2238.0000    48.6100 
 2240.0000    48.6600 
 2242.0000    48.7500 
 2244.0000    48.7900 
 2246.0000    48.7600 
 2248.0000    48.7500 
 2250.0000    48.7300 
 2252.0000    48.6800 
 2254.0000    48.6200 
 2256.0000    48.5900 
 2258.0000    48.6200 
 2260.0000    48.5700 
 2262.0000    48.4800 
 2264.0000    48.3800 
 2266.0000    48.3900 
 2268.0000    48.3900 
 2270.0000    48.4400 
 2272.0000    48.5000 
 2274.0000    48.6100 
 2276.0000    48.6600 
 2278.0000    48.6900 
 2280.0000    48.7400 
 2282.0000    48.7700 
 2284.0000    48.7700 
 2286.0000    48.7700 
 2288.0000    48.7800 
 2290.0000    48.8100 
 2292.0000    48.8100 
 2294.0000    48.7500 
 2296.0000    48.7100 
 2298.0000    48.7000 
 2300.0000    48.6400 
 2302.0000    48.6000 
 2304.0000    48.5900 
 2306.0000    48.5600 
 2308.0000    48.5100 
 2310.0000    48.4500 
 2312.0000    48.4300 
 2314.0000    48.4100 
 2316.0000    48.3500 
 2318.0000    48.2300 
 2320.0000    48.1300 
 2322.0000    48.0700 
 2324.0000    48.0300 
 2326.0000    47.9200 
 2328.0000    47.7700 
 2330.0000    47.6900 
 2332.0000    47.5800 
 2334.0000    47.4900 
 2336.0000    47.3700 
 2338.0000    47.2800 
 2340.0000    47.1500 
 2342.0000    46.9600 
 2344.0000    46.7700 
 2346.0000    46.6000 
 2348.0000    46.4500 
 2350.0000    46.3200 
 2352.0000    46.1800 
 2354.0000    46.1200 
 2356.0000    46.0200 
 2358.0000    45.9400 
 2360.0000    45.8900 
 2362.0000    45.7700 
 2364.0000    45.5800 
 2366.0000    45.3500 
 2368.0000    45.2500 
 2370.0000    45.1200 
 2372.0000    44.9400 
 2374.0000    44.7500 
 2376.0000    44.5600 
 2378.0000    44.3300 
 2380.0000    44.1700 
 2382.0000    43.9700 
 2384.0000    43.7300 
 2386.0000    43.4900 
 2388.0000    43.2400 
 2390.0000    42.9000 
 2392.0000    42.5900 
 2394.0000    42.2900 
 2396.0000    42.0600 
 2398.0000    41.9100 
 2400.0000    41.7000 
 2402.0000    41.3400 
 2404.0000    41.0000 
 2406.0000    40.7200 
 2408.0000    40.5300 
 2410.0000    40.2900 
 2412.0000    40.1100 
 2414.0000    39.8700 
 2416.0000    39.6500 
 2418.0000    39.4400 
 2420.0000    39.2500 
 2422.0000    39.0100 
 2424.0000    38.8000 
 2426.0000    38.6300 
 2428.0000    38.4500 
 2430.0000    38.2700 
 2432.0000    38.0900 
 2434.0000    37.9600 
 2436.0000    37.8400 
 2438.0000    37.7100 
 2440.0000    37.5900 
 2442.0000    37.4500 
 2444.0000    37.3400 
 2446.0000    37.1900 
 2448.0000    37.0800 
 2450.0000    37.0500 
 2452.0000    36.9200 
 2454.0000    36.7400 
 2456.0000    36.6000 
 2458.0000    36.5100 
 2460.0000    36.4900 
 2462.0000    36.3900 
 2464.0000    36.3000 
 2466.0000    36.2000 
 2468.0000    36.1900 
 2470.0000    36.1300 
 2472.0000    35.9900 
 2474.0000    35.8500 
 2476.0000    35.8000 
 2478.0000    35.7400 
 2480.0000    35.7450 
 2482.0000    35.7600 
 2484.0000    35.7400 
 2486.0000    35.7000 
 2488.0000    35.6550 
 2490.0000    35.5650 
 2492.0000    35.4900 
 2494.0000    35.4750 
 2496.0000    35.5000 
 2498.0000    35.4900 
 2500.0000    35.5400 
