 1300.0000    62.8400 
 1302.0000    62.6900 
 1304.0000    62.5500 
 1306.0000    62.5150 
 1308.0000    62.6950 
 1310.0000    62.8900 
 1312.0000    62.9600 
 1314.0000    63.0200 
 1316.0000    63.1600 
 1318.0000    63.2100 
 1320.0000    63.2200 
 1322.0000    63.2800 
 1324.0000    63.4850 
 1326.0000    63.6600 
 1328.0000    63.7600 
 1330.0000    63.7100 
 1332.0000    63.6000 
 1334.0000    63.5200 
 1336.0000    63.5500 
 1338.0000    63.7000 
 1340.0000    63.8000 
 1342.0000    63.8900 
 1344.0000    63.9100 
 1346.0000    63.7500 
 1348.0000    63.7100 
 1350.0000    63.7000 
 1352.0000    63.5900 
 1354.0000    63.4500 
 1356.0000    63.1800 
 1358.0000    62.9000 
 1360.0000    62.7400 
 1362.0000    62.6400 
 1364.0000    62.6400 
 1366.0000    62.7100 
 1368.0000    62.8100 
 1370.0000    62.9450 
 1372.0000    62.9600 
 1374.0000    62.6000 
 1376.0000    61.7100 
 1378.0000    60.2900 
 1380.0000    58.6100 
 1382.0000    57.0200 
 1384.0000    55.7500 
 1386.0000    54.8900 
 1388.0000    54.3700 
 1390.0000    54.0300 
 1392.0000    53.6900 
 1394.0000    53.4400 
 1396.0000    53.3100 
 1398.0000    53.3800 
 1400.0000    53.7850 
 1402.0000    54.5000 
 1404.0000    55.4300 
 1406.0000    56.6100 
 1408.0000    57.9100 
 1410.0000    59.1900 
 1412.0000    60.4200 
 1414.0000    61.4700 
 1416.0000    62.3350 
 1418.0000    63.0500 
 1420.0000    63.5550 
 1422.0000    63.9000 
 1424.0000    64.1800 
 1426.0000    64.3900 
 1428.0000    64.5700 
 1430.0000    64.7000 
 1432.0000    64.8700 
 1434.0000    64.9900 
 1436.0000    65.1400 
 1438.0000    65.2300 
 1440.0000    65.3500 
 1442.0000    65.4400 
 1444.0000    65.5600 
 1446.0000    65.6050 
 1448.0000    65.6300 
 1450.0000    65.6700 
 1452.0000    65.7600 
 1454.0000    65.8400 
 1456.0000    65.9400 
 1458.0000    66.0000 
 1460.0000    66.0600 
 1462.0000    66.1200 
 1464.0000    66.1500 
 1466.0000    66.1800 
 1468.0000    66.1600 
 1470.0000    66.1700 
 1472.0000    66.1700 
 1474.0000    66.1800 
 1476.0000    66.2500 
 1478.0000    66.3500 
 1480.0000    66.4100 
 1482.0000    66.5200 
 1484.0000    66.5400 
 1486.0000    66.5600 
 1488.0000    66.6100 
 1490.0000    66.6200 
 1492.0000    66.6400 
 1494.0000    66.6800 
 1496.0000    66.6800 
 1498.0000    66.7300 
 1500.0000    66.7800 
 1502.0000    66.8200 
 1504.0000    66.8500 
 1506.0000    66.8200 
 1508.0000    66.8000 
 1510.0000    66.8250 
 1512.0000    66.8900 
 1514.0000    66.9900 
 1516.0000    67.0200 
 1518.0000    67.0000 
 1520.0000    66.9800 
 1522.0000    66.9900 
 1524.0000    67.0200 
 1526.0000    67.0500 
 1528.0000    67.0750 
 1530.0000    67.1000 
 1532.0000    67.1200 
 1534.0000    67.1400 
 1536.0000    67.1400 
 1538.0000    67.1500 
 1540.0000    67.1300 
 1542.0000    67.1600 
 1544.0000    67.1850 
 1546.0000    67.2100 
 1548.0000    67.2400 
 1550.0000    67.2500 
 1552.0000    67.2550 
 1554.0000    67.3000 
 1556.0000    67.3500 
 1558.0000    67.3650 
 1560.0000    67.3900 
 1562.0000    67.3900 
 1564.0000    67.4000 
 1566.0000    67.4300 
 1568.0000    67.4500 
 1570.0000    67.4500 
 1572.0000    67.5000 
 1574.0000    67.5000 
 1576.0000    67.5200 
 1578.0000    67.5300 
 1580.0000    67.5100 
 1582.0000    67.5200 
 1584.0000    67.5500 
 1586.0000    67.5900 
 1588.0000    67.6150 
 1590.0000    67.6400 
 1592.0000    67.6700 
 1594.0000    67.6500 
 1596.0000    67.6150 
 1598.0000    67.6150 
 1600.0000    67.6400 
 1602.0000    67.6500 
 1604.0000    67.6800 
 1606.0000    67.6700 
 1608.0000    67.6800 
 1610.0000    67.7100 
 1612.0000    67.7400 
 1614.0000    67.7600 
 1616.0000    67.7600 
 1618.0000    67.7700 
 1620.0000    67.7700 
 1622.0000    67.7950 
 1624.0000    67.7950 
 1626.0000    67.8400 
 1628.0000    67.8600 
 1630.0000    67.8650 
 1632.0000    67.8900 
 1634.0000    67.8800 
 1636.0000    67.8800 
 1638.0000    67.8900 
 1640.0000    67.8800 
 1642.0000    67.8650 
 1644.0000    67.8600 
 1646.0000    67.7950 
 1648.0000    67.8400 
 1650.0000    67.8900 
 1652.0000    67.8900 
 1654.0000    67.9200 
 1656.0000    67.9400 
 1658.0000    67.9500 
 1660.0000    67.9600 
 1662.0000    67.9300 
 1664.0000    67.9000 
 1666.0000    67.9000 
 1668.0000    67.9300 
 1670.0000    67.9600 
 1672.0000    68.0000 
 1674.0000    68.0200 
 1676.0000    68.0400 
 1678.0000    68.0400 
 1680.0000    68.0300 
 1682.0000    67.9900 
 1684.0000    67.9500 
 1686.0000    67.9400 
 1688.0000    67.9300 
 1690.0000    67.9400 
 1692.0000    67.9500 
 1694.0000    67.9600 
 1696.0000    67.9700 
 1698.0000    67.9600 
 1700.0000    67.9600 
 1702.0000    67.9500 
 1704.0000    67.9400 
 1706.0000    67.9300 
 1708.0000    67.9100 
 1710.0000    67.8800 
 1712.0000    67.8650 
 1714.0000    67.8500 
 1716.0000    67.8300 
 1718.0000    67.8300 
 1720.0000    67.8600 
 1722.0000    67.8800 
 1724.0000    67.8900 
 1726.0000    67.8900 
 1728.0000    67.8600 
 1730.0000    67.8500 
 1732.0000    67.8400 
 1734.0000    67.7900 
 1736.0000    67.7600 
 1738.0000    67.7500 
 1740.0000    67.7400 
 1742.0000    67.7200 
 1744.0000    67.6700 
 1746.0000    67.6300 
 1748.0000    67.5600 
 1750.0000    67.5300 
 1752.0000    67.5100 
 1754.0000    67.4600 
 1756.0000    67.4500 
 1758.0000    67.4300 
 1760.0000    67.4200 
 1762.0000    67.4100 
 1764.0000    67.3600 
 1766.0000    67.3300 
 1768.0000    67.3100 
 1770.0000    67.2900 
 1772.0000    67.3100 
 1774.0000    67.3200 
 1776.0000    67.3200 
 1778.0000    67.3200 
 1780.0000    67.2800 
 1782.0000    67.2300 
 1784.0000    67.2100 
 1786.0000    67.1800 
 1788.0000    67.1800 
 1790.0000    67.1850 
 1792.0000    67.1850 
 1794.0000    67.2000 
 1796.0000    67.2000 
 1798.0000    67.1600 
 1800.0000    67.0900 
 1802.0000    67.0500 
 1804.0000    67.0300 
 1806.0000    67.0500 
 1808.0000    67.0500 
 1810.0000    67.0300 
 1812.0000    67.0200 
 1814.0000    67.0050 
 1816.0000    67.0700 
 1818.0000    67.0900 
 1820.0000    67.1100 
 1822.0000    67.1200 
 1824.0000    67.1000 
 1826.0000    67.0700 
 1828.0000    67.0300 
 1830.0000    67.0300 
 1832.0000    67.0400 
 1834.0000    66.9700 
 1836.0000    66.8900 
 1838.0000    66.8400 
 1840.0000    66.8250 
 1842.0000    66.8250 
 1844.0000    66.8100 
 1846.0000    66.7500 
 1848.0000    66.6900 
 1850.0000    66.7000 
 1852.0000    66.6700 
 1854.0000    66.6450 
 1856.0000    66.6100 
 1858.0000    66.5750 
 1860.0000    66.6100 
 1862.0000    66.6600 
 1864.0000    66.6600 
 1866.0000    66.6200 
 1868.0000    66.5900 
 1870.0000    66.5900 
 1872.0000    66.5300 
 1874.0000    66.4800 
 1876.0000    66.4400 
 1878.0000    66.3950 
 1880.0000    66.3500 
 1882.0000    66.2500 
 1884.0000    66.1300 
 1886.0000    66.0500 
 1888.0000    65.9800 
 1890.0000    65.8800 
 1892.0000    65.7600 
 1894.0000    65.6300 
 1896.0000    65.5400 
 1898.0000    65.3600 
 1900.0000    65.1100 
 1902.0000    64.8800 
 1904.0000    64.7200 
 1906.0000    64.5600 
 1908.0000    64.4100 
 1910.0000    64.2100 
 1912.0000    64.0100 
 1914.0000    63.9150 
 1916.0000    63.7800 
 1918.0000    63.7000 
 1920.0000    63.6100 
 1922.0000    63.5100 
 1924.0000    63.4700 
 1926.0000    63.4100 
 1928.0000    63.2700 
 1930.0000    63.1500 
 1932.0000    63.0300 
 1934.0000    62.9300 
 1936.0000    62.8600 
 1938.0000    62.7200 
 1940.0000    62.6200 
 1942.0000    62.4900 
 1944.0000    62.3350 
 1946.0000    62.1800 
 1948.0000    62.0000 
 1950.0000    61.8900 
 1952.0000    61.7800 
 1954.0000    61.6900 
 1956.0000    61.5600 
 1958.0000    61.3650 
 1960.0000    61.2100 
 1962.0000    61.0800 
 1964.0000    60.9800 
 1966.0000    60.8250 
 1968.0000    60.7000 
 1970.0000    60.5900 
 1972.0000    60.5500 
 1974.0000    60.4700 
 1976.0000    60.3500 
 1978.0000    60.2900 
 1980.0000    60.2400 
 1982.0000    60.2400 
 1984.0000    60.2500 
 1986.0000    60.3000 
 1988.0000    60.3800 
 1990.0000    60.4200 
 1992.0000    60.4700 
 1994.0000    60.5600 
 1996.0000    60.6900 
 1998.0000    60.8100 
 2000.0000    60.8400 
 2002.0000    60.9000 
 2004.0000    60.9350 
 2006.0000    60.9700 
 2008.0000    61.0400 
 2010.0000    61.1100 
 2012.0000    61.2000 
 2014.0000    61.2800 
 2016.0000    61.3200 
 2018.0000    61.4400 
 2020.0000    61.5700 
 2022.0000    61.7600 
 2024.0000    61.9050 
 2026.0000    61.9900 
 2028.0000    62.1550 
 2030.0000    62.2500 
 2032.0000    62.3900 
 2034.0000    62.5300 
 2036.0000    62.6500 
 2038.0000    62.8100 
 2040.0000    62.8900 
 2042.0000    62.9700 
 2044.0000    63.0400 
 2046.0000    63.1600 
 2048.0000    63.3400 
 2050.0000    63.4200 
 2052.0000    63.4400 
 2054.0000    63.4500 
 2056.0000    63.5100 
 2058.0000    63.6000 
 2060.0000    63.6500 
 2062.0000    63.6600 
 2064.0000    63.6900 
 2066.0000    63.6800 
 2068.0000    63.5800 
 2070.0000    63.5100 
 2072.0000    63.3600 
 2074.0000    63.1800 
 2076.0000    62.9700 
 2078.0000    62.6100 
 2080.0000    62.2800 
 2082.0000    61.9300 
 2084.0000    61.5800 
 2086.0000    61.3000 
 2088.0000    61.0200 
 2090.0000    60.8500 
 2092.0000    60.7400 
 2094.0000    60.5700 
 2096.0000    60.3900 
 2098.0000    60.2500 
 2100.0000    60.1600 
 2102.0000    60.0700 
 2104.0000    59.9400 
 2106.0000    59.8900 
 2108.0000    59.9100 
 2110.0000    59.9800 
 2112.0000    60.0600 
 2114.0000    60.1700 
 2116.0000    60.2800 
 2118.0000    60.3600 
 2120.0000    60.4300 
 2122.0000    60.4400 
 2124.0000    60.4200 
 2126.0000    60.3400 
 2128.0000    60.1600 
 2130.0000    60.0000 
 2132.0000    59.8900 
 2134.0000    59.8300 
 2136.0000    59.8700 
 2138.0000    59.8400 
 2140.0000    59.9200 
 2142.0000    60.0300 
 2144.0000    60.2400 
 2146.0000    60.4400 
 2148.0000    60.5750 
 2150.0000    60.6700 
 2152.0000    60.7200 
 2154.0000    60.8900 
 2156.0000    61.0600 
 2158.0000    61.2000 
 2160.0000    61.2400 
 2162.0000    61.3400 
 2164.0000    61.4600 
 2166.0000    61.5800 
 2168.0000    61.6300 
 2170.0000    61.6300 
 2172.0000    61.6600 
 2174.0000    61.7100 
 2176.0000    61.7000 
 2178.0000    61.6500 
 2180.0000    61.5900 
 2182.0000    61.5600 
 2184.0000    61.5100 
 2186.0000    61.5600 
 2188.0000    61.5300 
 2190.0000    61.4400 
 2192.0000    61.2400 
 2194.0000    61.1150 
 2196.0000    61.0700 
 2198.0000    61.0300 
 2200.0000    60.9600 
 2202.0000    60.8900 
 2204.0000    60.8000 
 2206.0000    60.6700 
 2208.0000    60.5600 
 2210.0000    60.5200 
 2212.0000    60.4800 
 2214.0000    60.3400 
 2216.0000    60.1300 
 2218.0000    59.9500 
 2220.0000    59.8550 
 2222.0000    59.7200 
 2224.0000    59.4400 
 2226.0000    59.1300 
 2228.0000    58.7300 
 2230.0000    58.2300 
 2232.0000    57.7400 
 2234.0000    57.1200 
 2236.0000    56.4400 
 2238.0000    55.7200 
 2240.0000    55.0100 
 2242.0000    54.4500 
 2244.0000    53.9650 
 2246.0000    53.5900 
 2248.0000    53.3100 
 2250.0000    53.1000 
 2252.0000    52.9200 
 2254.0000    52.8150 
 2256.0000    52.7200 
 2258.0000    52.6200 
 2260.0000    52.4100 
 2262.0000    52.0700 
 2264.0000    51.6200 
 2266.0000    51.0900 
 2268.0000    50.5200 
 2270.0000    49.9700 
 2272.0000    49.5400 
 2274.0000    49.2600 
 2276.0000    49.1500 
 2278.0000    49.1100 
 2280.0000    49.0800 
 2282.0000    48.9700 
 2284.0000    48.8300 
 2286.0000    48.6300 
 2288.0000    48.3300 
 2290.0000    47.9900 
 2292.0000    47.5400 
 2294.0000    47.1200 
 2296.0000    46.6400 
 2298.0000    46.1000 
 2300.0000    45.6000 
 2302.0000    44.9700 
 2304.0000    44.3300 
 2306.0000    43.6500 
 2308.0000    42.9900 
 2310.0000    42.3800 
 2312.0000    41.6800 
 2314.0000    41.0300 
 2316.0000    40.4100 
 2318.0000    39.9900 
 2320.0000    39.6400 
 2322.0000    39.2900 
 2324.0000    39.1100 
 2326.0000    39.1300 
 2328.0000    39.5000 
 2330.0000    39.9800 
 2332.0000    40.5100 
 2334.0000    41.1500 
 2336.0000    41.8300 
 2338.0000    42.5400 
 2340.0000    43.3400 
 2342.0000    44.1400 
 2344.0000    44.9400 
 2346.0000    45.8100 
 2348.0000    46.7900 
 2350.0000    47.8100 
 2352.0000    48.6800 
 2354.0000    49.4500 
 2356.0000    50.0800 
 2358.0000    50.5300 
 2360.0000    50.7900 
 2362.0000    50.9500 
 2364.0000    51.0550 
 2366.0000    50.9600 
 2368.0000    50.7100 
 2370.0000    50.3700 
 2372.0000    49.9300 
 2374.0000    49.3700 
 2376.0000    48.7300 
 2378.0000    48.1200 
 2380.0000    47.5100 
 2382.0000    46.9400 
 2384.0000    46.5600 
 2386.0000    46.3700 
 2388.0000    46.4200 
 2390.0000    46.5400 
 2392.0000    46.7000 
 2394.0000    46.7900 
 2396.0000    46.7900 
 2398.0000    46.6700 
 2400.0000    46.4500 
 2402.0000    46.3200 
 2404.0000    46.2100 
 2406.0000    46.0900 
 2408.0000    45.7800 
 2410.0000    45.4500 
 2412.0000    45.0900 
 2414.0000    44.8600 
 2416.0000    44.5800 
 2418.0000    44.3000 
 2420.0000    44.0800 
 2422.0000    43.8600 
 2424.0000    43.6500 
 2426.0000    43.5000 
 2428.0000    43.4800 
 2430.0000    43.5400 
 2432.0000    43.6300 
 2434.0000    43.6900 
 2436.0000    43.7100 
 2438.0000    43.7000 
 2440.0000    43.6300 
 2442.0000    43.4500 
 2444.0000    43.1600 
 2446.0000    42.8600 
 2448.0000    42.5300 
 2450.0000    42.3200 
 2452.0000    42.2100 
 2454.0000    42.1500 
 2456.0000    42.0700 
 2458.0000    42.0700 
 2460.0000    42.1800 
 2462.0000    42.3800 
 2464.0000    42.6200 
 2466.0000    43.0200 
 2468.0000    43.3200 
 2470.0000    43.4800 
 2472.0000    43.5200 
 2474.0000    43.6300 
 2476.0000    43.7200 
 2478.0000    43.7400 
 2480.0000    43.6000 
 2482.0000    43.3300 
 2484.0000    43.0200 
 2486.0000    42.6300 
 2488.0000    42.2600 
 2490.0000    42.0100 
 2492.0000    41.7000 
 2494.0000    41.2600 
 2496.0000    41.0100 
 2498.0000    40.8900 
 2500.0000    40.8700 
