 1300.0000    81.3100 
 1302.0000    81.3500 
 1304.0000    81.6000 
 1306.0000    82.0100 
 1308.0000    82.2300 
 1310.0000    82.0900 
 1312.0000    81.9900 
 1314.0000    81.9700 
 1316.0000    82.0200 
 1318.0000    82.1200 
 1320.0000    82.1000 
 1322.0000    81.9900 
 1324.0000    81.9300 
 1326.0000    81.7900 
 1328.0000    81.6200 
 1330.0000    81.4300 
 1332.0000    81.4800 
 1334.0000    81.5100 
 1336.0000    81.4300 
 1338.0000    81.2200 
 1340.0000    80.9400 
 1342.0000    80.7250 
 1344.0000    80.7900 
 1346.0000    80.7200 
 1348.0000    80.6500 
 1350.0000    80.3650 
 1352.0000    79.6800 
 1354.0000    78.4300 
 1356.0000    76.8100 
 1358.0000    75.0300 
 1360.0000    73.6500 
 1362.0000    72.9200 
 1364.0000    72.7700 
 1366.0000    73.0200 
 1368.0000    73.4300 
 1370.0000    73.7200 
 1372.0000    73.7900 
 1374.0000    73.6300 
 1376.0000    73.2550 
 1378.0000    72.7800 
 1380.0000    72.2300 
 1382.0000    71.6100 
 1384.0000    70.6800 
 1386.0000    69.2700 
 1388.0000    66.9600 
 1390.0000    63.5000 
 1392.0000    59.1500 
 1394.0000    55.0000 
 1396.0000    52.2000 
 1398.0000    51.8200 
 1400.0000    53.9800 
 1402.0000    57.8700 
 1404.0000    62.3300 
 1406.0000    66.4600 
 1408.0000    69.6100 
 1410.0000    71.7450 
 1412.0000    73.1200 
 1414.0000    73.9400 
 1416.0000    74.4900 
 1418.0000    74.9400 
 1420.0000    75.2400 
 1422.0000    75.4900 
 1424.0000    75.7000 
 1426.0000    75.8400 
 1428.0000    75.9500 
 1430.0000    76.0550 
 1432.0000    76.1500 
 1434.0000    76.1650 
 1436.0000    76.1800 
 1438.0000    76.1650 
 1440.0000    76.2300 
 1442.0000    76.2900 
 1444.0000    76.3450 
 1446.0000    76.3900 
 1448.0000    76.4150 
 1450.0000    76.4600 
 1452.0000    76.5200 
 1454.0000    76.5300 
 1456.0000    76.5300 
 1458.0000    76.5800 
 1460.0000    76.6500 
 1462.0000    76.7100 
 1464.0000    76.7600 
 1466.0000    76.7600 
 1468.0000    76.7400 
 1470.0000    76.7700 
 1472.0000    76.7700 
 1474.0000    76.8200 
 1476.0000    76.8900 
 1478.0000    76.9800 
 1480.0000    77.0700 
 1482.0000    77.1350 
 1484.0000    77.1200 
 1486.0000    77.1500 
 1488.0000    77.2300 
 1490.0000    77.2800 
 1492.0000    77.3400 
 1494.0000    77.4100 
 1496.0000    77.4900 
 1498.0000    77.6300 
 1500.0000    77.7300 
 1502.0000    77.7900 
 1504.0000    77.8150 
 1506.0000    77.8800 
 1508.0000    77.9400 
 1510.0000    77.9950 
 1512.0000    78.0200 
 1514.0000    78.0800 
 1516.0000    78.1300 
 1518.0000    78.1500 
 1520.0000    78.2400 
 1522.0000    78.3100 
 1524.0000    78.3900 
 1526.0000    78.4300 
 1528.0000    78.3900 
 1530.0000    78.3500 
 1532.0000    78.3400 
 1534.0000    78.3300 
 1536.0000    78.3700 
 1538.0000    78.4000 
 1540.0000    78.4400 
 1542.0000    78.4800 
 1544.0000    78.5000 
 1546.0000    78.5300 
 1548.0000    78.5200 
 1550.0000    78.5300 
 1552.0000    78.5800 
 1554.0000    78.6300 
 1556.0000    78.6600 
 1558.0000    78.6600 
 1560.0000    78.6900 
 1562.0000    78.7150 
 1564.0000    78.7500 
 1566.0000    78.7100 
 1568.0000    78.7150 
 1570.0000    78.7100 
 1572.0000    78.7600 
 1574.0000    78.7600 
 1576.0000    78.7500 
 1578.0000    78.7500 
 1580.0000    78.8000 
 1582.0000    78.8200 
 1584.0000    78.8200 
 1586.0000    78.7700 
 1588.0000    78.7150 
 1590.0000    78.7300 
 1592.0000    78.7400 
 1594.0000    78.7100 
 1596.0000    78.7000 
 1598.0000    78.6600 
 1600.0000    78.6500 
 1602.0000    78.6600 
 1604.0000    78.6800 
 1606.0000    78.6800 
 1608.0000    78.6400 
 1610.0000    78.6000 
 1612.0000    78.5700 
 1614.0000    78.5700 
 1616.0000    78.5700 
 1618.0000    78.5350 
 1620.0000    78.5100 
 1622.0000    78.4800 
 1624.0000    78.4500 
 1626.0000    78.4300 
 1628.0000    78.4000 
 1630.0000    78.3500 
 1632.0000    78.3200 
 1634.0000    78.3000 
 1636.0000    78.2900 
 1638.0000    78.2700 
 1640.0000    78.2500 
 1642.0000    78.2000 
 1644.0000    78.1400 
 1646.0000    78.0900 
 1648.0000    78.0400 
 1650.0000    77.9800 
 1652.0000    77.9250 
 1654.0000    77.8500 
 1656.0000    77.7900 
 1658.0000    77.7300 
 1660.0000    77.6600 
 1662.0000    77.6000 
 1664.0000    77.5300 
 1666.0000    77.4900 
 1668.0000    77.4700 
 1670.0000    77.4300 
 1672.0000    77.3700 
 1674.0000    77.2700 
 1676.0000    77.1700 
 1678.0000    77.1200 
 1680.0000    77.1000 
 1682.0000    77.0400 
 1684.0000    76.9550 
 1686.0000    76.8800 
 1688.0000    76.8300 
 1690.0000    76.8200 
 1692.0000    76.7400 
 1694.0000    76.6900 
 1696.0000    76.6400 
 1698.0000    76.5800 
 1700.0000    76.5100 
 1702.0000    76.4400 
 1704.0000    76.3600 
 1706.0000    76.3000 
 1708.0000    76.2500 
 1710.0000    76.1600 
 1712.0000    76.0700 
 1714.0000    76.0000 
 1716.0000    75.9400 
 1718.0000    75.9100 
 1720.0000    75.8600 
 1722.0000    75.7900 
 1724.0000    75.7300 
 1726.0000    75.6600 
 1728.0000    75.6100 
 1730.0000    75.5400 
 1732.0000    75.4600 
 1734.0000    75.4400 
 1736.0000    75.4000 
 1738.0000    75.3400 
 1740.0000    75.2600 
 1742.0000    75.1500 
 1744.0000    75.0700 
 1746.0000    74.9700 
 1748.0000    74.8900 
 1750.0000    74.8350 
 1752.0000    74.7600 
 1754.0000    74.7200 
 1756.0000    74.6500 
 1758.0000    74.5400 
 1760.0000    74.4600 
 1762.0000    74.3900 
 1764.0000    74.3700 
 1766.0000    74.3300 
 1768.0000    74.3200 
 1770.0000    74.2800 
 1772.0000    74.2100 
 1774.0000    74.1100 
 1776.0000    74.0000 
 1778.0000    73.9600 
 1780.0000    73.9200 
 1782.0000    73.8800 
 1784.0000    73.8100 
 1786.0000    73.7300 
 1788.0000    73.6800 
 1790.0000    73.6500 
 1792.0000    73.6100 
 1794.0000    73.5300 
 1796.0000    73.4350 
 1798.0000    73.3400 
 1800.0000    73.3100 
 1802.0000    73.2800 
 1804.0000    73.2500 
 1806.0000    73.2200 
 1808.0000    73.1500 
 1810.0000    73.0700 
 1812.0000    72.9700 
 1814.0000    72.8800 
 1816.0000    72.8100 
 1818.0000    72.7100 
 1820.0000    72.6600 
 1822.0000    72.5500 
 1824.0000    72.4300 
 1826.0000    72.3100 
 1828.0000    72.2100 
 1830.0000    72.1200 
 1832.0000    72.0200 
 1834.0000    71.9600 
 1836.0000    71.8700 
 1838.0000    71.7400 
 1840.0000    71.6000 
 1842.0000    71.4700 
 1844.0000    71.3900 
 1846.0000    71.2300 
 1848.0000    71.0900 
 1850.0000    70.9200 
 1852.0000    70.7500 
 1854.0000    70.5800 
 1856.0000    70.3900 
 1858.0000    70.2700 
 1860.0000    70.1100 
 1862.0000    69.9300 
 1864.0000    69.6600 
 1866.0000    69.3400 
 1868.0000    69.0150 
 1870.0000    68.6800 
 1872.0000    68.2700 
 1874.0000    67.8600 
 1876.0000    67.3200 
 1878.0000    66.8200 
 1880.0000    66.3500 
 1882.0000    65.9900 
 1884.0000    65.7600 
 1886.0000    65.5700 
 1888.0000    65.4600 
 1890.0000    65.2700 
 1892.0000    65.0600 
 1894.0000    64.8000 
 1896.0000    64.4700 
 1898.0000    64.1700 
 1900.0000    63.8450 
 1902.0000    63.5500 
 1904.0000    63.2500 
 1906.0000    62.9300 
 1908.0000    62.6100 
 1910.0000    62.3350 
 1912.0000    62.0800 
 1914.0000    61.8300 
 1916.0000    61.5800 
 1918.0000    61.3300 
 1920.0000    61.1800 
 1922.0000    61.0200 
 1924.0000    60.8500 
 1926.0000    60.6800 
 1928.0000    60.4600 
 1930.0000    60.3250 
 1932.0000    60.1900 
 1934.0000    60.1000 
 1936.0000    59.9900 
 1938.0000    59.8900 
 1940.0000    59.8500 
 1942.0000    59.7800 
 1944.0000    59.7500 
 1946.0000    59.6700 
 1948.0000    59.5800 
 1950.0000    59.5300 
 1952.0000    59.5600 
 1954.0000    59.5900 
 1956.0000    59.6200 
 1958.0000    59.5800 
 1960.0000    59.5300 
 1962.0000    59.4900 
 1964.0000    59.4400 
 1966.0000    59.4600 
 1968.0000    59.5100 
 1970.0000    59.5300 
 1972.0000    59.5200 
 1974.0000    59.4800 
 1976.0000    59.4500 
 1978.0000    59.3900 
 1980.0000    59.3500 
 1982.0000    59.3550 
 1984.0000    59.3800 
 1986.0000    59.3900 
 1988.0000    59.3100 
 1990.0000    59.2400 
 1992.0000    59.1600 
 1994.0000    59.0900 
 1996.0000    59.0200 
 1998.0000    58.9600 
 2000.0000    58.8700 
 2002.0000    58.7600 
 2004.0000    58.6700 
 2006.0000    58.5900 
 2008.0000    58.5100 
 2010.0000    58.4300 
 2012.0000    58.3400 
 2014.0000    58.2500 
 2016.0000    58.2050 
 2018.0000    58.1600 
 2020.0000    58.1900 
 2022.0000    58.2050 
 2024.0000    58.1900 
 2026.0000    58.1500 
 2028.0000    58.0800 
 2030.0000    58.0900 
 2032.0000    58.0950 
 2034.0000    58.0600 
 2036.0000    58.0400 
 2038.0000    58.0000 
 2040.0000    58.0000 
 2042.0000    57.9600 
 2044.0000    57.9100 
 2046.0000    57.8800 
 2048.0000    57.8450 
 2050.0000    57.7900 
 2052.0000    57.7500 
 2054.0000    57.6800 
 2056.0000    57.5900 
 2058.0000    57.5400 
 2060.0000    57.4800 
 2062.0000    57.4150 
 2064.0000    57.4000 
 2066.0000    57.3500 
 2068.0000    57.3300 
 2070.0000    57.2700 
 2072.0000    57.2500 
 2074.0000    57.2700 
 2076.0000    57.3000 
 2078.0000    57.3200 
 2080.0000    57.2600 
 2082.0000    57.2100 
 2084.0000    57.1900 
 2086.0000    57.1600 
 2088.0000    57.1300 
 2090.0000    57.0500 
 2092.0000    57.0400 
 2094.0000    57.0200 
 2096.0000    56.9700 
 2098.0000    56.8200 
 2100.0000    56.6900 
 2102.0000    56.6500 
 2104.0000    56.6400 
 2106.0000    56.6500 
 2108.0000    56.6250 
 2110.0000    56.5300 
 2112.0000    56.4900 
 2114.0000    56.4450 
 2116.0000    56.4600 
 2118.0000    56.4100 
 2120.0000    56.3100 
 2122.0000    56.2800 
 2124.0000    56.2900 
 2126.0000    56.3100 
 2128.0000    56.3200 
 2130.0000    56.3100 
 2132.0000    56.2500 
 2134.0000    56.2000 
 2136.0000    56.1600 
 2138.0000    56.1900 
 2140.0000    56.2500 
 2142.0000    56.2500 
 2144.0000    56.2600 
 2146.0000    56.2650 
 2148.0000    56.3000 
 2150.0000    56.3700 
 2152.0000    56.4700 
 2154.0000    56.5100 
 2156.0000    56.4600 
 2158.0000    56.3200 
 2160.0000    56.2100 
 2162.0000    56.1400 
 2164.0000    56.1100 
 2166.0000    55.9900 
 2168.0000    55.7900 
 2170.0000    55.4750 
 2172.0000    55.1500 
 2174.0000    54.8000 
 2176.0000    54.4200 
 2178.0000    54.0400 
 2180.0000    53.5800 
 2182.0000    53.1000 
 2184.0000    52.6700 
 2186.0000    52.2800 
 2188.0000    51.8700 
 2190.0000    51.4500 
 2192.0000    51.0400 
 2194.0000    50.6500 
 2196.0000    50.3300 
 2198.0000    50.0150 
 2200.0000    49.7500 
 2202.0000    49.4000 
 2204.0000    49.1100 
 2206.0000    48.9800 
 2208.0000    48.8200 
 2210.0000    48.6500 
 2212.0000    48.4200 
 2214.0000    48.1600 
 2216.0000    47.9000 
 2218.0000    47.6300 
 2220.0000    47.4700 
 2222.0000    47.3300 
 2224.0000    47.0000 
 2226.0000    46.6400 
 2228.0000    46.3300 
 2230.0000    46.1500 
 2232.0000    45.9500 
 2234.0000    45.6800 
 2236.0000    45.4700 
 2238.0000    45.3200 
 2240.0000    45.1200 
 2242.0000    44.9500 
 2244.0000    44.7000 
 2246.0000    44.5500 
 2248.0000    44.4100 
 2250.0000    44.3000 
 2252.0000    44.2500 
 2254.0000    44.1600 
 2256.0000    44.0300 
 2258.0000    43.8900 
 2260.0000    43.8200 
 2262.0000    43.8300 
 2264.0000    43.7800 
 2266.0000    43.6400 
 2268.0000    43.5600 
 2270.0000    43.4700 
 2272.0000    43.4200 
 2274.0000    43.3400 
 2276.0000    43.2700 
 2278.0000    43.1400 
 2280.0000    42.9900 
 2282.0000    42.8200 
 2284.0000    42.6200 
 2286.0000    42.3600 
 2288.0000    42.0500 
 2290.0000    41.7100 
 2292.0000    41.3400 
 2294.0000    40.9100 
 2296.0000    40.4600 
 2298.0000    39.9400 
 2300.0000    39.4900 
 2302.0000    39.0500 
 2304.0000    38.5650 
 2306.0000    38.1300 
 2308.0000    37.6850 
 2310.0000    37.2900 
 2312.0000    36.8900 
 2314.0000    36.5000 
 2316.0000    36.2100 
 2318.0000    36.0000 
 2320.0000    35.9500 
 2322.0000    35.9800 
 2324.0000    36.1400 
 2326.0000    36.3550 
 2328.0000    36.6800 
 2330.0000    37.0700 
 2332.0000    37.6700 
 2334.0000    38.3300 
 2336.0000    39.0200 
 2338.0000    39.7500 
 2340.0000    40.4400 
 2342.0000    41.2000 
 2344.0000    41.9500 
 2346.0000    42.6700 
 2348.0000    43.1700 
 2350.0000    43.5900 
 2352.0000    43.9500 
 2354.0000    44.3500 
 2356.0000    44.6400 
 2358.0000    44.7700 
 2360.0000    44.9800 
 2362.0000    45.1900 
 2364.0000    45.4000 
 2366.0000    45.4300 
 2368.0000    45.3900 
 2370.0000    45.3400 
 2372.0000    45.2800 
 2374.0000    45.3000 
 2376.0000    45.3200 
 2378.0000    45.2600 
 2380.0000    45.1300 
 2382.0000    44.9900 
 2384.0000    44.8400 
 2386.0000    44.7000 
 2388.0000    44.4900 
 2390.0000    44.3100 
 2392.0000    44.1100 
 2394.0000    43.9400 
 2396.0000    43.6500 
 2398.0000    43.3400 
 2400.0000    43.0100 
 2402.0000    42.6200 
 2404.0000    42.1400 
 2406.0000    41.4900 
 2408.0000    40.7100 
 2410.0000    39.8600 
 2412.0000    38.8400 
 2414.0000    37.5900 
 2416.0000    36.1700 
 2418.0000    34.6850 
 2420.0000    33.1400 
 2422.0000    31.5300 
 2424.0000    30.1400 
 2426.0000    29.0000 
 2428.0000    28.0900 
 2430.0000    27.4400 
 2432.0000    26.9400 
 2434.0000    26.5100 
 2436.0000    26.0200 
 2438.0000    25.4700 
 2440.0000    24.8400 
 2442.0000    24.2900 
 2444.0000    23.7500 
 2446.0000    23.2600 
 2448.0000    22.7100 
 2450.0000    22.2900 
 2452.0000    21.8400 
 2454.0000    21.4100 
 2456.0000    20.9900 
 2458.0000    20.5900 
 2460.0000    20.2700 
 2462.0000    20.0000 
 2464.0000    19.7100 
 2466.0000    19.3000 
 2468.0000    18.6700 
 2470.0000    18.1300 
 2472.0000    17.6400 
 2474.0000    17.1200 
 2476.0000    16.6100 
 2478.0000    16.3500 
 2480.0000    16.3400 
 2482.0000    16.5050 
 2484.0000    16.8000 
 2486.0000    17.2400 
 2488.0000    17.6300 
 2490.0000    18.0500 
 2492.0000    18.4200 
 2494.0000    18.8600 
 2496.0000    19.3000 
 2498.0000    19.7900 
 2500.0000    20.2900 
