 1300.0000    77.4300 
 1302.0000    77.2500 
 1304.0000    77.3850 
 1306.0000    77.2300 
 1308.0000    77.2050 
 1310.0000    77.4500 
 1312.0000    77.6600 
 1314.0000    77.5300 
 1316.0000    77.3600 
 1318.0000    77.2500 
 1320.0000    77.1600 
 1322.0000    77.0800 
 1324.0000    77.0000 
 1326.0000    76.9400 
 1328.0000    77.0000 
 1330.0000    77.0700 
 1332.0000    77.0200 
 1334.0000    76.9900 
 1336.0000    76.9550 
 1338.0000    76.9400 
 1340.0000    76.9200 
 1342.0000    76.8450 
 1344.0000    76.8000 
 1346.0000    76.7600 
 1348.0000    76.7300 
 1350.0000    76.6800 
 1352.0000    76.7200 
 1354.0000    76.6900 
 1356.0000    76.6900 
 1358.0000    76.6700 
 1360.0000    76.6800 
 1362.0000    76.7000 
 1364.0000    76.6900 
 1366.0000    76.6600 
 1368.0000    76.6200 
 1370.0000    76.5950 
 1372.0000    76.6200 
 1374.0000    76.5950 
 1376.0000    76.5300 
 1378.0000    76.4500 
 1380.0000    76.3450 
 1382.0000    76.2600 
 1384.0000    76.1800 
 1386.0000    76.1000 
 1388.0000    75.9800 
 1390.0000    75.8300 
 1392.0000    75.6700 
 1394.0000    75.5200 
 1396.0000    75.3750 
 1398.0000    75.2300 
 1400.0000    75.0850 
 1402.0000    74.9600 
 1404.0000    74.8350 
 1406.0000    74.7000 
 1408.0000    74.5700 
 1410.0000    74.4750 
 1412.0000    74.4000 
 1414.0000    74.3400 
 1416.0000    74.3300 
 1418.0000    74.3200 
 1420.0000    74.3500 
 1422.0000    74.4050 
 1424.0000    74.4500 
 1426.0000    74.5200 
 1428.0000    74.6000 
 1430.0000    74.6700 
 1432.0000    74.7300 
 1434.0000    74.7700 
 1436.0000    74.7700 
 1438.0000    74.7800 
 1440.0000    74.8000 
 1442.0000    74.8350 
 1444.0000    74.9000 
 1446.0000    74.9800 
 1448.0000    74.9900 
 1450.0000    75.0300 
 1452.0000    75.0500 
 1454.0000    75.0500 
 1456.0000    75.0600 
 1458.0000    75.1000 
 1460.0000    75.1700 
 1462.0000    75.2500 
 1464.0000    75.3000 
 1466.0000    75.3000 
 1468.0000    75.3000 
 1470.0000    75.3100 
 1472.0000    75.3300 
 1474.0000    75.3750 
 1476.0000    75.4100 
 1478.0000    75.4450 
 1480.0000    75.5400 
 1482.0000    75.6100 
 1484.0000    75.6700 
 1486.0000    75.7100 
 1488.0000    75.7700 
 1490.0000    75.8400 
 1492.0000    75.9300 
 1494.0000    75.9700 
 1496.0000    76.0000 
 1498.0000    76.0500 
 1500.0000    76.1400 
 1502.0000    76.2350 
 1504.0000    76.3000 
 1506.0000    76.3400 
 1508.0000    76.3900 
 1510.0000    76.4400 
 1512.0000    76.5200 
 1514.0000    76.5900 
 1516.0000    76.6600 
 1518.0000    76.7100 
 1520.0000    76.7500 
 1522.0000    76.7700 
 1524.0000    76.8100 
 1526.0000    76.8450 
 1528.0000    76.8900 
 1530.0000    76.9100 
 1532.0000    76.9100 
 1534.0000    76.9500 
 1536.0000    77.0250 
 1538.0000    77.1100 
 1540.0000    77.1600 
 1542.0000    77.2000 
 1544.0000    77.2050 
 1546.0000    77.2300 
 1548.0000    77.2400 
 1550.0000    77.2050 
 1552.0000    77.2300 
 1554.0000    77.2700 
 1556.0000    77.3150 
 1558.0000    77.3850 
 1560.0000    77.4300 
 1562.0000    77.4300 
 1564.0000    77.4600 
 1566.0000    77.4900 
 1568.0000    77.5300 
 1570.0000    77.5800 
 1572.0000    77.5650 
 1574.0000    77.5800 
 1576.0000    77.6400 
 1578.0000    77.6500 
 1580.0000    77.7000 
 1582.0000    77.7450 
 1584.0000    77.8100 
 1586.0000    77.8700 
 1588.0000    77.8800 
 1590.0000    77.9000 
 1592.0000    77.9100 
 1594.0000    77.9200 
 1596.0000    77.9400 
 1598.0000    77.9400 
 1600.0000    77.9400 
 1602.0000    77.9800 
 1604.0000    78.0200 
 1606.0000    78.0200 
 1608.0000    78.0400 
 1610.0000    77.9950 
 1612.0000    77.9700 
 1614.0000    77.9800 
 1616.0000    77.9950 
 1618.0000    78.0200 
 1620.0000    78.0500 
 1622.0000    78.0500 
 1624.0000    78.0400 
 1626.0000    78.0300 
 1628.0000    77.9900 
 1630.0000    78.0200 
 1632.0000    78.0800 
 1634.0000    78.1000 
 1636.0000    78.1300 
 1638.0000    78.1050 
 1640.0000    78.0800 
 1642.0000    78.0700 
 1644.0000    78.0400 
 1646.0000    78.0300 
 1648.0000    77.9700 
 1650.0000    77.9200 
 1652.0000    77.9200 
 1654.0000    77.9600 
 1656.0000    77.9900 
 1658.0000    77.9900 
 1660.0000    77.9500 
 1662.0000    77.9500 
 1664.0000    77.9400 
 1666.0000    77.9100 
 1668.0000    77.8900 
 1670.0000    77.8100 
 1672.0000    77.7300 
 1674.0000    77.6800 
 1676.0000    77.6500 
 1678.0000    77.6600 
 1680.0000    77.7000 
 1682.0000    77.7200 
 1684.0000    77.7300 
 1686.0000    77.7100 
 1688.0000    77.6500 
 1690.0000    77.6500 
 1692.0000    77.6700 
 1694.0000    77.7200 
 1696.0000    77.7400 
 1698.0000    77.7700 
 1700.0000    77.7900 
 1702.0000    77.7600 
 1704.0000    77.7000 
 1706.0000    77.6200 
 1708.0000    77.5800 
 1710.0000    77.5800 
 1712.0000    77.5400 
 1714.0000    77.5300 
 1716.0000    77.4700 
 1718.0000    77.4200 
 1720.0000    77.4100 
 1722.0000    77.3850 
 1724.0000    77.3800 
 1726.0000    77.3700 
 1728.0000    77.3400 
 1730.0000    77.3500 
 1732.0000    77.3600 
 1734.0000    77.3700 
 1736.0000    77.3700 
 1738.0000    77.3400 
 1740.0000    77.3100 
 1742.0000    77.2400 
 1744.0000    77.1900 
 1746.0000    77.1500 
 1748.0000    77.1350 
 1750.0000    77.1700 
 1752.0000    77.2200 
 1754.0000    77.2000 
 1756.0000    77.2200 
 1758.0000    77.2000 
 1760.0000    77.1500 
 1762.0000    77.1200 
 1764.0000    77.1100 
 1766.0000    77.1200 
 1768.0000    77.1500 
 1770.0000    77.1350 
 1772.0000    77.1350 
 1774.0000    77.1600 
 1776.0000    77.1700 
 1778.0000    77.2000 
 1780.0000    77.2300 
 1782.0000    77.2700 
 1784.0000    77.2900 
 1786.0000    77.2700 
 1788.0000    77.2700 
 1790.0000    77.2600 
 1792.0000    77.2300 
 1794.0000    77.1900 
 1796.0000    77.1350 
 1798.0000    77.1000 
 1800.0000    77.0900 
 1802.0000    77.0500 
 1804.0000    77.0500 
 1806.0000    77.0400 
 1808.0000    77.0100 
 1810.0000    76.9700 
 1812.0000    76.9300 
 1814.0000    76.8700 
 1816.0000    76.8300 
 1818.0000    76.7750 
 1820.0000    76.7100 
 1822.0000    76.6300 
 1824.0000    76.5500 
 1826.0000    76.4700 
 1828.0000    76.3700 
 1830.0000    76.3000 
 1832.0000    76.1650 
 1834.0000    76.0800 
 1836.0000    75.9850 
 1838.0000    75.9200 
 1840.0000    75.8700 
 1842.0000    75.8000 
 1844.0000    75.7300 
 1846.0000    75.6500 
 1848.0000    75.5700 
 1850.0000    75.4800 
 1852.0000    75.3700 
 1854.0000    75.2500 
 1856.0000    75.0700 
 1858.0000    74.8700 
 1860.0000    74.6550 
 1862.0000    74.4600 
 1864.0000    74.2000 
 1866.0000    73.8500 
 1868.0000    73.4300 
 1870.0000    73.0600 
 1872.0000    72.7500 
 1874.0000    72.5300 
 1876.0000    72.3800 
 1878.0000    72.2600 
 1880.0000    72.2100 
 1882.0000    72.1500 
 1884.0000    72.0400 
 1886.0000    71.8550 
 1888.0000    71.5500 
 1890.0000    71.2400 
 1892.0000    70.8700 
 1894.0000    70.4700 
 1896.0000    70.0300 
 1898.0000    69.5900 
 1900.0000    69.1900 
 1902.0000    68.8100 
 1904.0000    68.5000 
 1906.0000    68.1900 
 1908.0000    67.9600 
 1910.0000    67.8100 
 1912.0000    67.7700 
 1914.0000    67.7500 
 1916.0000    67.7300 
 1918.0000    67.6900 
 1920.0000    67.7100 
 1922.0000    67.7700 
 1924.0000    67.8400 
 1926.0000    67.8800 
 1928.0000    67.8800 
 1930.0000    67.8800 
 1932.0000    67.8800 
 1934.0000    67.8800 
 1936.0000    67.9000 
 1938.0000    67.9200 
 1940.0000    67.9900 
 1942.0000    68.0400 
 1944.0000    68.1100 
 1946.0000    68.1700 
 1948.0000    68.2000 
 1950.0000    68.2100 
 1952.0000    68.1900 
 1954.0000    68.2000 
 1956.0000    68.2400 
 1958.0000    68.2800 
 1960.0000    68.2700 
 1962.0000    68.2500 
 1964.0000    68.3000 
 1966.0000    68.3500 
 1968.0000    68.4700 
 1970.0000    68.5400 
 1972.0000    68.5600 
 1974.0000    68.6100 
 1976.0000    68.6300 
 1978.0000    68.6800 
 1980.0000    68.7400 
 1982.0000    68.7800 
 1984.0000    68.8500 
 1986.0000    68.9300 
 1988.0000    68.9300 
 1990.0000    68.8800 
 1992.0000    68.8300 
 1994.0000    68.7900 
 1996.0000    68.7600 
 1998.0000    68.7400 
 2000.0000    68.7300 
 2002.0000    68.8300 
 2004.0000    68.9800 
 2006.0000    69.1700 
 2008.0000    69.4100 
 2010.0000    69.6600 
 2012.0000    69.9300 
 2014.0000    70.1900 
 2016.0000    70.3700 
 2018.0000    70.4900 
 2020.0000    70.5900 
 2022.0000    70.6500 
 2024.0000    70.7900 
 2026.0000    70.9200 
 2028.0000    71.0300 
 2030.0000    71.1600 
 2032.0000    71.2200 
 2034.0000    71.3300 
 2036.0000    71.4300 
 2038.0000    71.4900 
 2040.0000    71.5600 
 2042.0000    71.5800 
 2044.0000    71.6100 
 2046.0000    71.7100 
 2048.0000    71.8400 
 2050.0000    71.9250 
 2052.0000    71.9900 
 2054.0000    72.0100 
 2056.0000    72.0800 
 2058.0000    72.1050 
 2060.0000    72.1000 
 2062.0000    72.1200 
 2064.0000    72.1600 
 2066.0000    72.2100 
 2068.0000    72.2600 
 2070.0000    72.2800 
 2072.0000    72.2850 
 2074.0000    72.2800 
 2076.0000    72.2700 
 2078.0000    72.2800 
 2080.0000    72.2400 
 2082.0000    72.2500 
 2084.0000    72.2700 
 2086.0000    72.2850 
 2088.0000    72.3000 
 2090.0000    72.3000 
 2092.0000    72.3500 
 2094.0000    72.3500 
 2096.0000    72.3000 
 2098.0000    72.2600 
 2100.0000    72.2100 
 2102.0000    72.1800 
 2104.0000    72.1600 
 2106.0000    72.1300 
 2108.0000    72.1300 
 2110.0000    72.0600 
 2112.0000    72.0300 
 2114.0000    72.0100 
 2116.0000    72.0300 
 2118.0000    72.0500 
 2120.0000    72.0500 
 2122.0000    72.0500 
 2124.0000    71.9900 
 2126.0000    71.9250 
 2128.0000    71.8300 
 2130.0000    71.7800 
 2132.0000    71.7800 
 2134.0000    71.7450 
 2136.0000    71.7000 
 2138.0000    71.6100 
 2140.0000    71.4900 
 2142.0000    71.3150 
 2144.0000    71.1800 
 2146.0000    71.0200 
 2148.0000    70.9000 
 2150.0000    70.7900 
 2152.0000    70.7000 
 2154.0000    70.6400 
 2156.0000    70.5900 
 2158.0000    70.5600 
 2160.0000    70.5400 
 2162.0000    70.5250 
 2164.0000    70.5250 
 2166.0000    70.6100 
 2168.0000    70.6700 
 2170.0000    70.7050 
 2172.0000    70.7600 
 2174.0000    70.8100 
 2176.0000    70.8850 
 2178.0000    70.8850 
 2180.0000    70.9100 
 2182.0000    70.8800 
 2184.0000    70.8600 
 2186.0000    70.8100 
 2188.0000    70.7700 
 2190.0000    70.7000 
 2192.0000    70.6400 
 2194.0000    70.5600 
 2196.0000    70.4600 
 2198.0000    70.3300 
 2200.0000    70.1800 
 2202.0000    70.0700 
 2204.0000    69.9400 
 2206.0000    69.8000 
 2208.0000    69.6100 
 2210.0000    69.4500 
 2212.0000    69.3300 
 2214.0000    69.2100 
 2216.0000    69.1500 
 2218.0000    69.0000 
 2220.0000    68.8900 
 2222.0000    68.8200 
 2224.0000    68.7600 
 2226.0000    68.7300 
 2228.0000    68.6200 
 2230.0000    68.5000 
 2232.0000    68.3700 
 2234.0000    68.2000 
 2236.0000    68.0200 
 2238.0000    67.8500 
 2240.0000    67.6900 
 2242.0000    67.4800 
 2244.0000    67.2300 
 2246.0000    67.0200 
 2248.0000    66.8100 
 2250.0000    66.5500 
 2252.0000    66.2800 
 2254.0000    66.0350 
 2256.0000    65.8000 
 2258.0000    65.5600 
 2260.0000    65.2600 
 2262.0000    65.0000 
 2264.0000    64.7400 
 2266.0000    64.4200 
 2268.0000    64.1100 
 2270.0000    63.7900 
 2272.0000    63.3600 
 2274.0000    62.9000 
 2276.0000    62.4100 
 2278.0000    61.9700 
 2280.0000    61.5450 
 2282.0000    61.1100 
 2284.0000    60.6600 
 2286.0000    60.3250 
 2288.0000    60.1000 
 2290.0000    59.8700 
 2292.0000    59.5400 
 2294.0000    59.2300 
 2296.0000    59.0200 
 2298.0000    58.8900 
 2300.0000    58.7000 
 2302.0000    58.5500 
 2304.0000    58.4500 
 2306.0000    58.3400 
 2308.0000    58.2500 
 2310.0000    58.0500 
 2312.0000    57.8200 
 2314.0000    57.4850 
 2316.0000    57.1200 
 2318.0000    56.7500 
 2320.0000    56.3800 
 2322.0000    55.9900 
 2324.0000    55.5400 
 2326.0000    55.0500 
 2328.0000    54.5750 
 2330.0000    54.1200 
 2332.0000    53.7700 
 2334.0000    53.5500 
 2336.0000    53.4200 
 2338.0000    53.3550 
 2340.0000    53.3700 
 2342.0000    53.5350 
 2344.0000    53.7850 
 2346.0000    54.1900 
 2348.0000    54.7400 
 2350.0000    55.3500 
 2352.0000    56.0100 
 2354.0000    56.7400 
 2356.0000    57.5700 
 2358.0000    58.4550 
 2360.0000    59.3200 
 2362.0000    60.1800 
 2364.0000    61.0300 
 2366.0000    61.8100 
 2368.0000    62.4400 
 2370.0000    63.0100 
 2372.0000    63.5400 
 2374.0000    63.9700 
 2376.0000    64.2300 
 2378.0000    64.4700 
 2380.0000    64.6900 
 2382.0000    64.9000 
 2384.0000    64.9500 
 2386.0000    64.9800 
 2388.0000    64.9700 
 2390.0000    65.0500 
 2392.0000    65.1000 
 2394.0000    65.0650 
 2396.0000    64.8600 
 2398.0000    64.7050 
 2400.0000    64.6100 
 2402.0000    64.4800 
 2404.0000    64.3100 
 2406.0000    64.1900 
 2408.0000    64.1400 
 2410.0000    64.0950 
 2412.0000    64.0400 
 2414.0000    64.0200 
 2416.0000    63.8450 
 2418.0000    63.6100 
 2420.0000    63.2800 
 2422.0000    63.0400 
 2424.0000    62.8300 
 2426.0000    62.5100 
 2428.0000    62.1400 
 2430.0000    61.7600 
 2432.0000    61.3900 
 2434.0000    61.0050 
 2436.0000    60.6400 
 2438.0000    60.3100 
 2440.0000    59.9900 
 2442.0000    59.6600 
 2444.0000    59.2100 
 2446.0000    58.7500 
 2448.0000    58.3800 
 2450.0000    57.9500 
 2452.0000    57.5600 
 2454.0000    57.1300 
 2456.0000    56.7300 
 2458.0000    56.1900 
 2460.0000    55.5800 
 2462.0000    54.9350 
 2464.0000    54.2500 
 2466.0000    53.5800 
 2468.0000    52.9000 
 2470.0000    52.3500 
 2472.0000    51.7200 
 2474.0000    51.0700 
 2476.0000    50.4450 
 2478.0000    50.0400 
 2480.0000    49.6100 
 2482.0000    49.1000 
 2484.0000    48.7900 
 2486.0000    48.6300 
 2488.0000    48.5100 
 2490.0000    48.1500 
 2492.0000    47.8600 
 2494.0000    47.6500 
 2496.0000    47.5900 
 2498.0000    47.3900 
 2500.0000    47.1100 
