 1300.0000    75.0600 
 1302.0000    75.1100 
 1304.0000    75.0800 
 1306.0000    75.1800 
 1308.0000    75.1200 
 1310.0000    75.0400 
 1312.0000    74.8600 
 1314.0000    74.6800 
 1316.0000    74.6200 
 1318.0000    74.6800 
 1320.0000    74.7500 
 1322.0000    74.7600 
 1324.0000    74.8350 
 1326.0000    74.8900 
 1328.0000    74.8600 
 1330.0000    74.7900 
 1332.0000    74.7800 
 1334.0000    74.7600 
 1336.0000    74.7700 
 1338.0000    74.8200 
 1340.0000    74.7600 
 1342.0000    74.7000 
 1344.0000    74.6500 
 1346.0000    74.5700 
 1348.0000    74.5300 
 1350.0000    74.5200 
 1352.0000    74.4600 
 1354.0000    74.4700 
 1356.0000    74.4050 
 1358.0000    74.4200 
 1360.0000    74.4200 
 1362.0000    74.4600 
 1364.0000    74.4750 
 1366.0000    74.4750 
 1368.0000    74.4300 
 1370.0000    74.3700 
 1372.0000    74.2900 
 1374.0000    74.2700 
 1376.0000    74.2400 
 1378.0000    74.2000 
 1380.0000    74.1150 
 1382.0000    74.0200 
 1384.0000    73.9500 
 1386.0000    73.8800 
 1388.0000    73.7900 
 1390.0000    73.6800 
 1392.0000    73.5300 
 1394.0000    73.4000 
 1396.0000    73.2550 
 1398.0000    73.1500 
 1400.0000    73.0500 
 1402.0000    72.8900 
 1404.0000    72.7400 
 1406.0000    72.6000 
 1408.0000    72.4800 
 1410.0000    72.4000 
 1412.0000    72.3000 
 1414.0000    72.2100 
 1416.0000    72.1000 
 1418.0000    72.0100 
 1420.0000    71.9500 
 1422.0000    71.8900 
 1424.0000    71.8200 
 1426.0000    71.7800 
 1428.0000    71.7200 
 1430.0000    71.6600 
 1432.0000    71.6400 
 1434.0000    71.6100 
 1436.0000    71.6000 
 1438.0000    71.6000 
 1440.0000    71.5600 
 1442.0000    71.5300 
 1444.0000    71.4950 
 1446.0000    71.4800 
 1448.0000    71.4600 
 1450.0000    71.4700 
 1452.0000    71.4600 
 1454.0000    71.4600 
 1456.0000    71.4800 
 1458.0000    71.4900 
 1460.0000    71.4950 
 1462.0000    71.5100 
 1464.0000    71.5200 
 1466.0000    71.5300 
 1468.0000    71.5400 
 1470.0000    71.5600 
 1472.0000    71.5900 
 1474.0000    71.6500 
 1476.0000    71.7100 
 1478.0000    71.7600 
 1480.0000    71.8000 
 1482.0000    71.8200 
 1484.0000    71.8300 
 1486.0000    71.8400 
 1488.0000    71.8800 
 1490.0000    71.9400 
 1492.0000    72.0100 
 1494.0000    72.0800 
 1496.0000    72.1500 
 1498.0000    72.2200 
 1500.0000    72.2700 
 1502.0000    72.3200 
 1504.0000    72.3900 
 1506.0000    72.4800 
 1508.0000    72.5350 
 1510.0000    72.5800 
 1512.0000    72.6400 
 1514.0000    72.6700 
 1516.0000    72.7400 
 1518.0000    72.7900 
 1520.0000    72.8250 
 1522.0000    72.8900 
 1524.0000    72.9600 
 1526.0000    72.9900 
 1528.0000    73.0300 
 1530.0000    73.0400 
 1532.0000    73.0600 
 1534.0000    73.0750 
 1536.0000    73.1300 
 1538.0000    73.1800 
 1540.0000    73.2200 
 1542.0000    73.2900 
 1544.0000    73.3100 
 1546.0000    73.3250 
 1548.0000    73.3250 
 1550.0000    73.3600 
 1552.0000    73.4100 
 1554.0000    73.4700 
 1556.0000    73.4800 
 1558.0000    73.4700 
 1560.0000    73.4800 
 1562.0000    73.4800 
 1564.0000    73.4600 
 1566.0000    73.4300 
 1568.0000    73.4600 
 1570.0000    73.5000 
 1572.0000    73.5500 
 1574.0000    73.5700 
 1576.0000    73.5700 
 1578.0000    73.6000 
 1580.0000    73.6700 
 1582.0000    73.7400 
 1584.0000    73.7900 
 1586.0000    73.8500 
 1588.0000    73.8800 
 1590.0000    73.9000 
 1592.0000    73.9000 
 1594.0000    73.8900 
 1596.0000    73.9100 
 1598.0000    73.9300 
 1600.0000    73.9200 
 1602.0000    73.9400 
 1604.0000    73.9400 
 1606.0000    73.9400 
 1608.0000    73.9400 
 1610.0000    73.9300 
 1612.0000    73.9100 
 1614.0000    73.9100 
 1616.0000    73.8900 
 1618.0000    73.8600 
 1620.0000    73.8500 
 1622.0000    73.8400 
 1624.0000    73.8100 
 1626.0000    73.8300 
 1628.0000    73.8500 
 1630.0000    73.8000 
 1632.0000    73.7500 
 1634.0000    73.7100 
 1636.0000    73.7100 
 1638.0000    73.7200 
 1640.0000    73.7100 
 1642.0000    73.6600 
 1644.0000    73.6300 
 1646.0000    73.6300 
 1648.0000    73.6400 
 1650.0000    73.5800 
 1652.0000    73.5700 
 1654.0000    73.5800 
 1656.0000    73.6100 
 1658.0000    73.6100 
 1660.0000    73.5900 
 1662.0000    73.5400 
 1664.0000    73.5000 
 1666.0000    73.4350 
 1668.0000    73.4000 
 1670.0000    73.3600 
 1672.0000    73.3100 
 1674.0000    73.2550 
 1676.0000    73.2000 
 1678.0000    73.2000 
 1680.0000    73.2300 
 1682.0000    73.2200 
 1684.0000    73.1900 
 1686.0000    73.1300 
 1688.0000    73.0750 
 1690.0000    73.0750 
 1692.0000    73.1100 
 1694.0000    73.0900 
 1696.0000    73.0900 
 1698.0000    73.0750 
 1700.0000    73.0100 
 1702.0000    72.9700 
 1704.0000    72.9100 
 1706.0000    72.8600 
 1708.0000    72.8200 
 1710.0000    72.7700 
 1712.0000    72.7150 
 1714.0000    72.6600 
 1716.0000    72.6300 
 1718.0000    72.5800 
 1720.0000    72.5200 
 1722.0000    72.4500 
 1724.0000    72.3800 
 1726.0000    72.3400 
 1728.0000    72.3000 
 1730.0000    72.2300 
 1732.0000    72.2100 
 1734.0000    72.1800 
 1736.0000    72.1400 
 1738.0000    72.1200 
 1740.0000    72.0900 
 1742.0000    72.0900 
 1744.0000    72.0600 
 1746.0000    72.0500 
 1748.0000    72.0500 
 1750.0000    72.0600 
 1752.0000    72.0400 
 1754.0000    71.9600 
 1756.0000    71.8900 
 1758.0000    71.8400 
 1760.0000    71.8200 
 1762.0000    71.8200 
 1764.0000    71.8300 
 1766.0000    71.8500 
 1768.0000    71.9500 
 1770.0000    72.0500 
 1772.0000    72.1300 
 1774.0000    72.1900 
 1776.0000    72.2500 
 1778.0000    72.2800 
 1780.0000    72.3200 
 1782.0000    72.3300 
 1784.0000    72.3200 
 1786.0000    72.3200 
 1788.0000    72.3100 
 1790.0000    72.2850 
 1792.0000    72.2600 
 1794.0000    72.1900 
 1796.0000    72.1050 
 1798.0000    72.0800 
 1800.0000    72.0300 
 1802.0000    72.0100 
 1804.0000    72.0000 
 1806.0000    71.9500 
 1808.0000    71.9000 
 1810.0000    71.8000 
 1812.0000    71.7000 
 1814.0000    71.6400 
 1816.0000    71.5900 
 1818.0000    71.4950 
 1820.0000    71.3900 
 1822.0000    71.2500 
 1824.0000    71.0800 
 1826.0000    70.9500 
 1828.0000    70.8100 
 1830.0000    70.6900 
 1832.0000    70.5500 
 1834.0000    70.3300 
 1836.0000    70.1500 
 1838.0000    70.0000 
 1840.0000    69.8700 
 1842.0000    69.7300 
 1844.0000    69.5500 
 1846.0000    69.4200 
 1848.0000    69.2900 
 1850.0000    69.1800 
 1852.0000    69.0150 
 1854.0000    68.8100 
 1856.0000    68.5600 
 1858.0000    68.2900 
 1860.0000    68.0200 
 1862.0000    67.6900 
 1864.0000    67.2700 
 1866.0000    66.8100 
 1868.0000    66.2850 
 1870.0000    65.7800 
 1872.0000    65.3900 
 1874.0000    65.1800 
 1876.0000    65.1900 
 1878.0000    65.4250 
 1880.0000    65.7500 
 1882.0000    66.0700 
 1884.0000    66.3400 
 1886.0000    66.4400 
 1888.0000    66.4500 
 1890.0000    66.3500 
 1892.0000    66.1400 
 1894.0000    65.8900 
 1896.0000    65.6050 
 1898.0000    65.3150 
 1900.0000    65.0400 
 1902.0000    64.7050 
 1904.0000    64.3600 
 1906.0000    64.0100 
 1908.0000    63.6900 
 1910.0000    63.4200 
 1912.0000    63.1700 
 1914.0000    62.9200 
 1916.0000    62.6500 
 1918.0000    62.4400 
 1920.0000    62.2300 
 1922.0000    62.0500 
 1924.0000    61.9050 
 1926.0000    61.7950 
 1928.0000    61.6900 
 1930.0000    61.6100 
 1932.0000    61.4900 
 1934.0000    61.4200 
 1936.0000    61.3500 
 1938.0000    61.3100 
 1940.0000    61.2800 
 1942.0000    61.2400 
 1944.0000    61.2400 
 1946.0000    61.2500 
 1948.0000    61.3000 
 1950.0000    61.2800 
 1952.0000    61.2800 
 1954.0000    61.2700 
 1956.0000    61.2700 
 1958.0000    61.2400 
 1960.0000    61.2000 
 1962.0000    61.1700 
 1964.0000    61.1850 
 1966.0000    61.2500 
 1968.0000    61.2700 
 1970.0000    61.2900 
 1972.0000    61.3000 
 1974.0000    61.3100 
 1976.0000    61.3000 
 1978.0000    61.3200 
 1980.0000    61.3600 
 1982.0000    61.4300 
 1984.0000    61.4700 
 1986.0000    61.4600 
 1988.0000    61.3800 
 1990.0000    61.2800 
 1992.0000    61.1300 
 1994.0000    60.9900 
 1996.0000    60.8200 
 1998.0000    60.6600 
 2000.0000    60.6300 
 2002.0000    60.6800 
 2004.0000    60.9350 
 2006.0000    61.2900 
 2008.0000    61.7600 
 2010.0000    62.2800 
 2012.0000    62.6950 
 2014.0000    63.0400 
 2016.0000    63.3000 
 2018.0000    63.5300 
 2020.0000    63.7700 
 2022.0000    63.9600 
 2024.0000    64.1800 
 2026.0000    64.3900 
 2028.0000    64.5700 
 2030.0000    64.7400 
 2032.0000    64.8150 
 2034.0000    64.9400 
 2036.0000    65.0900 
 2038.0000    65.2000 
 2040.0000    65.3000 
 2042.0000    65.3700 
 2044.0000    65.4600 
 2046.0000    65.5600 
 2048.0000    65.6050 
 2050.0000    65.6050 
 2052.0000    65.6500 
 2054.0000    65.6600 
 2056.0000    65.7000 
 2058.0000    65.7300 
 2060.0000    65.7600 
 2062.0000    65.8400 
 2064.0000    65.9100 
 2066.0000    65.9500 
 2068.0000    65.9200 
 2070.0000    65.9500 
 2072.0000    66.0300 
 2074.0000    66.0900 
 2076.0000    66.1000 
 2078.0000    66.0600 
 2080.0000    66.0200 
 2082.0000    65.9900 
 2084.0000    65.9500 
 2086.0000    65.9400 
 2088.0000    65.9000 
 2090.0000    65.9000 
 2092.0000    65.8500 
 2094.0000    65.7800 
 2096.0000    65.7100 
 2098.0000    65.6500 
 2100.0000    65.6050 
 2102.0000    65.5400 
 2104.0000    65.4900 
 2106.0000    65.4700 
 2108.0000    65.4100 
 2110.0000    65.2800 
 2112.0000    65.2000 
 2114.0000    65.1500 
 2116.0000    65.1500 
 2118.0000    65.1100 
 2120.0000    65.0000 
 2122.0000    64.9300 
 2124.0000    64.8700 
 2126.0000    64.8100 
 2128.0000    64.7400 
 2130.0000    64.6200 
 2132.0000    64.4800 
 2134.0000    64.3300 
 2136.0000    64.1800 
 2138.0000    64.0200 
 2140.0000    63.8000 
 2142.0000    63.5300 
 2144.0000    63.2300 
 2146.0000    62.9100 
 2148.0000    62.6700 
 2150.0000    62.4500 
 2152.0000    62.2700 
 2154.0000    62.1200 
 2156.0000    62.0200 
 2158.0000    62.0100 
 2160.0000    62.0000 
 2162.0000    62.0300 
 2164.0000    62.1200 
 2166.0000    62.2200 
 2168.0000    62.3600 
 2170.0000    62.4800 
 2172.0000    62.6400 
 2174.0000    62.8600 
 2176.0000    63.0800 
 2178.0000    63.2000 
 2180.0000    63.2200 
 2182.0000    63.2500 
 2184.0000    63.3700 
 2186.0000    63.5300 
 2188.0000    63.5800 
 2190.0000    63.5700 
 2192.0000    63.5500 
 2194.0000    63.5200 
 2196.0000    63.4500 
 2198.0000    63.3400 
 2200.0000    63.1700 
 2202.0000    63.0800 
 2204.0000    62.9450 
 2206.0000    62.7800 
 2208.0000    62.6700 
 2210.0000    62.4900 
 2212.0000    62.3500 
 2214.0000    62.1500 
 2216.0000    61.9900 
 2218.0000    61.8200 
 2220.0000    61.5800 
 2222.0000    61.3900 
 2224.0000    61.1150 
 2226.0000    60.8800 
 2228.0000    60.5600 
 2230.0000    60.2150 
 2232.0000    59.9100 
 2234.0000    59.6050 
 2236.0000    59.3300 
 2238.0000    58.9500 
 2240.0000    58.5900 
 2242.0000    58.2300 
 2244.0000    57.8100 
 2246.0000    57.3300 
 2248.0000    56.8900 
 2250.0000    56.4600 
 2252.0000    56.0400 
 2254.0000    55.5400 
 2256.0000    55.0600 
 2258.0000    54.5600 
 2260.0000    54.0700 
 2262.0000    53.6000 
 2264.0000    53.0500 
 2266.0000    52.4800 
 2268.0000    51.8200 
 2270.0000    51.1900 
 2272.0000    50.5400 
 2274.0000    49.8000 
 2276.0000    49.0400 
 2278.0000    48.3100 
 2280.0000    47.6600 
 2282.0000    47.0600 
 2284.0000    46.4900 
 2286.0000    45.9800 
 2288.0000    45.5000 
 2290.0000    45.0600 
 2292.0000    44.7000 
 2294.0000    44.3900 
 2296.0000    44.0600 
 2298.0000    43.7500 
 2300.0000    43.5000 
 2302.0000    43.2900 
 2304.0000    43.1200 
 2306.0000    42.9200 
 2308.0000    42.7000 
 2310.0000    42.4300 
 2312.0000    42.1200 
 2314.0000    41.7200 
 2316.0000    41.3000 
 2318.0000    40.7900 
 2320.0000    40.3100 
 2322.0000    39.7300 
 2324.0000    39.1000 
 2326.0000    38.4600 
 2328.0000    37.8800 
 2330.0000    37.3700 
 2332.0000    36.9200 
 2334.0000    36.5700 
 2336.0000    36.3100 
 2338.0000    36.2000 
 2340.0000    36.2500 
 2342.0000    36.4450 
 2344.0000    36.8800 
 2346.0000    37.4000 
 2348.0000    38.0800 
 2350.0000    38.8500 
 2352.0000    39.8100 
 2354.0000    40.9100 
 2356.0000    42.0900 
 2358.0000    43.3100 
 2360.0000    44.5900 
 2362.0000    45.9500 
 2364.0000    47.3100 
 2366.0000    48.5500 
 2368.0000    49.7300 
 2370.0000    50.8300 
 2372.0000    51.8300 
 2374.0000    52.6200 
 2376.0000    53.2300 
 2378.0000    53.8200 
 2380.0000    54.3600 
 2382.0000    54.8000 
 2384.0000    55.0600 
 2386.0000    55.2700 
 2388.0000    55.4300 
 2390.0000    55.5400 
 2392.0000    55.5300 
 2394.0000    55.4700 
 2396.0000    55.3650 
 2398.0000    55.2000 
 2400.0000    54.9600 
 2402.0000    54.8000 
 2404.0000    54.6300 
 2406.0000    54.5050 
 2408.0000    54.4300 
 2410.0000    54.4400 
 2412.0000    54.3600 
 2414.0000    54.1300 
 2416.0000    53.8500 
 2418.0000    53.5500 
 2420.0000    53.2300 
 2422.0000    52.8300 
 2424.0000    52.4900 
 2426.0000    52.0600 
 2428.0000    51.6100 
 2430.0000    51.0900 
 2432.0000    50.5600 
 2434.0000    49.9400 
 2436.0000    49.3300 
 2438.0000    48.7600 
 2440.0000    48.1900 
 2442.0000    47.6700 
 2444.0000    47.1400 
 2446.0000    46.5100 
 2448.0000    45.8200 
 2450.0000    45.1500 
 2452.0000    44.4300 
 2454.0000    43.6700 
 2456.0000    42.9500 
 2458.0000    42.1700 
 2460.0000    41.3300 
 2462.0000    40.3600 
 2464.0000    39.4000 
 2466.0000    38.5100 
 2468.0000    37.6600 
 2470.0000    36.8200 
 2472.0000    35.9600 
 2474.0000    35.1500 
 2476.0000    34.4150 
 2478.0000    33.7900 
 2480.0000    33.2800 
 2482.0000    32.7900 
 2484.0000    32.2800 
 2486.0000    31.9000 
 2488.0000    31.5800 
 2490.0000    31.3300 
 2492.0000    31.1300 
 2494.0000    31.0300 
 2496.0000    30.8300 
 2498.0000    30.6000 
 2500.0000    30.4600 
