 1300.0000    58.8600 
 1302.0000    58.8300 
 1304.0000    59.2700 
 1306.0000    59.6000 
 1308.0000    59.7200 
 1310.0000    59.8400 
 1312.0000    59.8200 
 1314.0000    59.9200 
 1316.0000    59.9100 
 1318.0000    59.8900 
 1320.0000    59.9100 
 1322.0000    60.0900 
 1324.0000    60.3500 
 1326.0000    60.5900 
 1328.0000    60.5500 
 1330.0000    60.5600 
 1332.0000    60.5600 
 1334.0000    60.6600 
 1336.0000    60.6800 
 1338.0000    60.7200 
 1340.0000    60.7300 
 1342.0000    60.7550 
 1344.0000    60.8200 
 1346.0000    60.8400 
 1348.0000    60.8600 
 1350.0000    60.9300 
 1352.0000    61.0000 
 1354.0000    61.0600 
 1356.0000    61.1000 
 1358.0000    61.1150 
 1360.0000    61.1150 
 1362.0000    61.1600 
 1364.0000    61.2200 
 1366.0000    61.2200 
 1368.0000    61.2000 
 1370.0000    61.1500 
 1372.0000    61.0800 
 1374.0000    60.9900 
 1376.0000    60.9000 
 1378.0000    60.7800 
 1380.0000    60.6600 
 1382.0000    60.5000 
 1384.0000    60.3000 
 1386.0000    60.0350 
 1388.0000    59.7300 
 1390.0000    59.3500 
 1392.0000    58.9300 
 1394.0000    58.4500 
 1396.0000    57.9000 
 1398.0000    57.2200 
 1400.0000    56.4450 
 1402.0000    55.6000 
 1404.0000    54.7100 
 1406.0000    53.8000 
 1408.0000    52.9800 
 1410.0000    52.4600 
 1412.0000    52.4600 
 1414.0000    52.9500 
 1416.0000    53.7150 
 1418.0000    54.4400 
 1420.0000    54.9500 
 1422.0000    55.2600 
 1424.0000    55.4100 
 1426.0000    55.4900 
 1428.0000    55.5900 
 1430.0000    55.7100 
 1432.0000    55.8700 
 1434.0000    56.0700 
 1436.0000    56.2300 
 1438.0000    56.3600 
 1440.0000    56.5300 
 1442.0000    56.6700 
 1444.0000    56.8400 
 1446.0000    56.9900 
 1448.0000    57.1000 
 1450.0000    57.2000 
 1452.0000    57.2700 
 1454.0000    57.3400 
 1456.0000    57.4150 
 1458.0000    57.4800 
 1460.0000    57.5300 
 1462.0000    57.5600 
 1464.0000    57.6100 
 1466.0000    57.6800 
 1468.0000    57.7600 
 1470.0000    57.8450 
 1472.0000    57.9700 
 1474.0000    58.0400 
 1476.0000    58.1500 
 1478.0000    58.2500 
 1480.0000    58.3600 
 1482.0000    58.4550 
 1484.0000    58.5800 
 1486.0000    58.6700 
 1488.0000    58.7600 
 1490.0000    58.8300 
 1492.0000    58.8900 
 1494.0000    58.9900 
 1496.0000    59.1200 
 1498.0000    59.2400 
 1500.0000    59.3400 
 1502.0000    59.4400 
 1504.0000    59.5500 
 1506.0000    59.6600 
 1508.0000    59.7300 
 1510.0000    59.8100 
 1512.0000    59.8900 
 1514.0000    59.9600 
 1516.0000    60.0350 
 1518.0000    60.1100 
 1520.0000    60.2100 
 1522.0000    60.3100 
 1524.0000    60.3900 
 1526.0000    60.4500 
 1528.0000    60.5100 
 1530.0000    60.5750 
 1532.0000    60.6600 
 1534.0000    60.7200 
 1536.0000    60.7200 
 1538.0000    60.7800 
 1540.0000    60.8600 
 1542.0000    60.9500 
 1544.0000    61.0000 
 1546.0000    61.0500 
 1548.0000    61.0700 
 1550.0000    61.1700 
 1552.0000    61.2500 
 1554.0000    61.3100 
 1556.0000    61.3800 
 1558.0000    61.4300 
 1560.0000    61.4600 
 1562.0000    61.5000 
 1564.0000    61.5300 
 1566.0000    61.5700 
 1568.0000    61.6600 
 1570.0000    61.6900 
 1572.0000    61.7100 
 1574.0000    61.7500 
 1576.0000    61.7800 
 1578.0000    61.8300 
 1580.0000    61.8800 
 1582.0000    61.9000 
 1584.0000    61.9500 
 1586.0000    61.9900 
 1588.0000    62.0300 
 1590.0000    62.0600 
 1592.0000    62.0700 
 1594.0000    62.0800 
 1596.0000    62.0800 
 1598.0000    62.1300 
 1600.0000    62.1500 
 1602.0000    62.1900 
 1604.0000    62.1900 
 1606.0000    62.1800 
 1608.0000    62.1800 
 1610.0000    62.1700 
 1612.0000    62.1900 
 1614.0000    62.2100 
 1616.0000    62.2400 
 1618.0000    62.2600 
 1620.0000    62.2700 
 1622.0000    62.3100 
 1624.0000    62.3100 
 1626.0000    62.3000 
 1628.0000    62.2900 
 1630.0000    62.2900 
 1632.0000    62.3000 
 1634.0000    62.3300 
 1636.0000    62.3350 
 1638.0000    62.3500 
 1640.0000    62.3300 
 1642.0000    62.3000 
 1644.0000    62.2600 
 1646.0000    62.2400 
 1648.0000    62.2700 
 1650.0000    62.2800 
 1652.0000    62.3000 
 1654.0000    62.3350 
 1656.0000    62.3300 
 1658.0000    62.3100 
 1660.0000    62.2800 
 1662.0000    62.2400 
 1664.0000    62.2300 
 1666.0000    62.2000 
 1668.0000    62.1500 
 1670.0000    62.1200 
 1672.0000    62.1100 
 1674.0000    62.1000 
 1676.0000    62.1100 
 1678.0000    62.0850 
 1680.0000    62.0800 
 1682.0000    62.1100 
 1684.0000    62.1500 
 1686.0000    62.1900 
 1688.0000    62.1700 
 1690.0000    62.1300 
 1692.0000    62.1200 
 1694.0000    62.1100 
 1696.0000    62.1200 
 1698.0000    62.1500 
 1700.0000    62.1700 
 1702.0000    62.1900 
 1704.0000    62.2000 
 1706.0000    62.2000 
 1708.0000    62.1900 
 1710.0000    62.1800 
 1712.0000    62.1550 
 1714.0000    62.1400 
 1716.0000    62.1200 
 1718.0000    62.1000 
 1720.0000    62.1000 
 1722.0000    62.1200 
 1724.0000    62.1200 
 1726.0000    62.0850 
 1728.0000    62.0300 
 1730.0000    61.9900 
 1732.0000    62.0300 
 1734.0000    62.0200 
 1736.0000    62.0200 
 1738.0000    62.0000 
 1740.0000    61.9700 
 1742.0000    61.9750 
 1744.0000    62.0100 
 1746.0000    62.0500 
 1748.0000    62.0300 
 1750.0000    61.9750 
 1752.0000    61.9600 
 1754.0000    61.9300 
 1756.0000    61.9050 
 1758.0000    61.8700 
 1760.0000    61.8300 
 1762.0000    61.8100 
 1764.0000    61.7950 
 1766.0000    61.7900 
 1768.0000    61.7800 
 1770.0000    61.7700 
 1772.0000    61.7250 
 1774.0000    61.7100 
 1776.0000    61.6800 
 1778.0000    61.6500 
 1780.0000    61.6150 
 1782.0000    61.6100 
 1784.0000    61.6100 
 1786.0000    61.5900 
 1788.0000    61.5600 
 1790.0000    61.5300 
 1792.0000    61.5100 
 1794.0000    61.4800 
 1796.0000    61.4900 
 1798.0000    61.4800 
 1800.0000    61.4500 
 1802.0000    61.4300 
 1804.0000    61.4200 
 1806.0000    61.4100 
 1808.0000    61.4000 
 1810.0000    61.3600 
 1812.0000    61.3400 
 1814.0000    61.3500 
 1816.0000    61.3500 
 1818.0000    61.3200 
 1820.0000    61.2700 
 1822.0000    61.2200 
 1824.0000    61.2300 
 1826.0000    61.2600 
 1828.0000    61.2600 
 1830.0000    61.2100 
 1832.0000    61.1500 
 1834.0000    61.1100 
 1836.0000    61.1100 
 1838.0000    61.1000 
 1840.0000    61.0800 
 1842.0000    61.0050 
 1844.0000    60.9500 
 1846.0000    60.8800 
 1848.0000    60.8400 
 1850.0000    60.7900 
 1852.0000    60.7200 
 1854.0000    60.6200 
 1856.0000    60.5200 
 1858.0000    60.4200 
 1860.0000    60.2700 
 1862.0000    60.1200 
 1864.0000    59.9300 
 1866.0000    59.6900 
 1868.0000    59.4200 
 1870.0000    59.1000 
 1872.0000    58.7100 
 1874.0000    58.3000 
 1876.0000    57.8300 
 1878.0000    57.2700 
 1880.0000    56.6500 
 1882.0000    55.9800 
 1884.0000    55.2700 
 1886.0000    54.5200 
 1888.0000    53.7150 
 1890.0000    52.8000 
 1892.0000    51.8700 
 1894.0000    50.9700 
 1896.0000    50.0850 
 1898.0000    49.2800 
 1900.0000    48.5400 
 1902.0000    47.9600 
 1904.0000    47.5300 
 1906.0000    47.2200 
 1908.0000    47.0100 
 1910.0000    46.8600 
 1912.0000    46.7900 
 1914.0000    46.7700 
 1916.0000    46.8100 
 1918.0000    46.9000 
 1920.0000    46.9600 
 1922.0000    47.0200 
 1924.0000    47.0800 
 1926.0000    47.1700 
 1928.0000    47.2800 
 1930.0000    47.4200 
 1932.0000    47.5700 
 1934.0000    47.6900 
 1936.0000    47.8200 
 1938.0000    47.8900 
 1940.0000    47.9900 
 1942.0000    48.1100 
 1944.0000    48.2500 
 1946.0000    48.4000 
 1948.0000    48.5400 
 1950.0000    48.6700 
 1952.0000    48.8000 
 1954.0000    48.9400 
 1956.0000    49.0800 
 1958.0000    49.2600 
 1960.0000    49.4500 
 1962.0000    49.6100 
 1964.0000    49.7800 
 1966.0000    49.9500 
 1968.0000    50.1300 
 1970.0000    50.3000 
 1972.0000    50.4400 
 1974.0000    50.6250 
 1976.0000    50.8200 
 1978.0000    51.0100 
 1980.0000    51.1900 
 1982.0000    51.3900 
 1984.0000    51.6100 
 1986.0000    51.7600 
 1988.0000    51.9000 
 1990.0000    52.0700 
 1992.0000    52.2700 
 1994.0000    52.4900 
 1996.0000    52.6700 
 1998.0000    52.8300 
 2000.0000    53.0300 
 2002.0000    53.2100 
 2004.0000    53.3550 
 2006.0000    53.4900 
 2008.0000    53.6600 
 2010.0000    53.8600 
 2012.0000    54.0500 
 2014.0000    54.1900 
 2016.0000    54.2700 
 2018.0000    54.3900 
 2020.0000    54.5600 
 2022.0000    54.7200 
 2024.0000    54.8600 
 2026.0000    54.9800 
 2028.0000    55.1150 
 2030.0000    55.2600 
 2032.0000    55.3650 
 2034.0000    55.4750 
 2036.0000    55.5400 
 2038.0000    55.6100 
 2040.0000    55.6900 
 2042.0000    55.7500 
 2044.0000    55.8700 
 2046.0000    55.9400 
 2048.0000    56.0000 
 2050.0000    56.0200 
 2052.0000    56.0300 
 2054.0000    56.1100 
 2056.0000    56.1700 
 2058.0000    56.2600 
 2060.0000    56.2800 
 2062.0000    56.2800 
 2064.0000    56.2900 
 2066.0000    56.2650 
 2068.0000    56.3200 
 2070.0000    56.3500 
 2072.0000    56.3700 
 2074.0000    56.3350 
 2076.0000    56.3350 
 2078.0000    56.3700 
 2080.0000    56.4100 
 2082.0000    56.4100 
 2084.0000    56.4100 
 2086.0000    56.3700 
 2088.0000    56.3200 
 2090.0000    56.2650 
 2092.0000    56.2000 
 2094.0000    56.1600 
 2096.0000    56.1300 
 2098.0000    56.1400 
 2100.0000    56.1300 
 2102.0000    56.1200 
 2104.0000    56.1200 
 2106.0000    56.1400 
 2108.0000    56.1800 
 2110.0000    56.1200 
 2112.0000    56.1000 
 2114.0000    56.0800 
 2116.0000    56.0400 
 2118.0000    56.0400 
 2120.0000    55.9900 
 2122.0000    55.9600 
 2124.0000    55.9200 
 2126.0000    55.8100 
 2128.0000    55.7800 
 2130.0000    55.6900 
 2132.0000    55.5900 
 2134.0000    55.5100 
 2136.0000    55.4300 
 2138.0000    55.3300 
 2140.0000    55.2300 
 2142.0000    55.1300 
 2144.0000    55.0300 
 2146.0000    54.9000 
 2148.0000    54.7300 
 2150.0000    54.5900 
 2152.0000    54.5000 
 2154.0000    54.3500 
 2156.0000    54.1600 
 2158.0000    53.9650 
 2160.0000    53.8100 
 2162.0000    53.6600 
 2164.0000    53.4700 
 2166.0000    53.2500 
 2168.0000    53.0500 
 2170.0000    52.8100 
 2172.0000    52.5650 
 2174.0000    52.2800 
 2176.0000    52.0000 
 2178.0000    51.6800 
 2180.0000    51.2900 
 2182.0000    50.9200 
 2184.0000    50.5400 
 2186.0000    50.1950 
 2188.0000    49.8200 
 2190.0000    49.4100 
 2192.0000    48.9800 
 2194.0000    48.5800 
 2196.0000    48.2200 
 2198.0000    47.8400 
 2200.0000    47.4700 
 2202.0000    47.0600 
 2204.0000    46.6700 
 2206.0000    46.2800 
 2208.0000    45.8400 
 2210.0000    45.4800 
 2212.0000    45.2100 
 2214.0000    45.0500 
 2216.0000    44.9500 
 2218.0000    44.9000 
 2220.0000    44.8200 
 2222.0000    44.7700 
 2224.0000    44.7600 
 2226.0000    44.7800 
 2228.0000    44.7900 
 2230.0000    44.7500 
 2232.0000    44.7000 
 2234.0000    44.7000 
 2236.0000    44.7000 
 2238.0000    44.6800 
 2240.0000    44.6000 
 2242.0000    44.5300 
 2244.0000    44.4400 
 2246.0000    44.3300 
 2248.0000    44.2200 
 2250.0000    44.2000 
 2252.0000    44.2000 
 2254.0000    44.2000 
 2256.0000    44.1700 
 2258.0000    44.1900 
 2260.0000    44.2500 
 2262.0000    44.3600 
 2264.0000    44.3900 
 2266.0000    44.3500 
 2268.0000    44.4000 
 2270.0000    44.4400 
 2272.0000    44.4700 
 2274.0000    44.4200 
 2276.0000    44.3600 
 2278.0000    44.3500 
 2280.0000    44.3000 
 2282.0000    44.2500 
 2284.0000    44.1600 
 2286.0000    44.0600 
 2288.0000    43.9700 
 2290.0000    43.8700 
 2292.0000    43.7600 
 2294.0000    43.6400 
 2296.0000    43.5700 
 2298.0000    43.5300 
 2300.0000    43.4300 
 2302.0000    43.3600 
 2304.0000    43.2700 
 2306.0000    43.2400 
 2308.0000    43.2700 
 2310.0000    43.4300 
 2312.0000    43.6600 
 2314.0000    43.7100 
 2316.0000    43.7300 
 2318.0000    43.7200 
 2320.0000    43.8300 
 2322.0000    44.0000 
 2324.0000    44.2000 
 2326.0000    44.4200 
 2328.0000    44.7300 
 2330.0000    45.0700 
 2332.0000    45.3700 
 2334.0000    45.5500 
 2336.0000    45.7600 
 2338.0000    45.9800 
 2340.0000    46.2100 
 2342.0000    46.3500 
 2344.0000    46.5100 
 2346.0000    46.5800 
 2348.0000    46.7200 
 2350.0000    46.8600 
 2352.0000    46.9900 
 2354.0000    47.0300 
 2356.0000    47.0500 
 2358.0000    47.0900 
 2360.0000    47.1900 
 2362.0000    47.2400 
 2364.0000    47.2900 
 2366.0000    47.2900 
 2368.0000    47.2800 
 2370.0000    47.3100 
 2372.0000    47.3200 
 2374.0000    47.2700 
 2376.0000    47.2200 
 2378.0000    47.1600 
 2380.0000    47.1200 
 2382.0000    47.0700 
 2384.0000    47.0000 
 2386.0000    46.9100 
 2388.0000    46.8100 
 2390.0000    46.7100 
 2392.0000    46.5700 
 2394.0000    46.3900 
 2396.0000    46.2600 
 2398.0000    46.1600 
 2400.0000    46.0500 
 2402.0000    45.8300 
 2404.0000    45.6000 
 2406.0000    45.3600 
 2408.0000    45.1200 
 2410.0000    44.9300 
 2412.0000    44.6700 
 2414.0000    44.4300 
 2416.0000    44.2700 
 2418.0000    44.1400 
 2420.0000    44.0300 
 2422.0000    43.8200 
 2424.0000    43.6400 
 2426.0000    43.5200 
 2428.0000    43.4300 
 2430.0000    43.2800 
 2432.0000    43.1300 
 2434.0000    42.9400 
 2436.0000    42.7000 
 2438.0000    42.4600 
 2440.0000    42.1700 
 2442.0000    41.9200 
 2444.0000    41.6900 
 2446.0000    41.4200 
 2448.0000    41.1100 
 2450.0000    40.8200 
 2452.0000    40.5900 
 2454.0000    40.2600 
 2456.0000    39.9300 
 2458.0000    39.7100 
 2460.0000    39.5600 
 2462.0000    39.2600 
 2464.0000    38.8800 
 2466.0000    38.6200 
 2468.0000    38.4000 
 2470.0000    38.2200 
 2472.0000    38.1100 
 2474.0000    37.9900 
 2476.0000    37.7900 
 2478.0000    37.5600 
 2480.0000    37.3100 
 2482.0000    37.1600 
 2484.0000    37.1400 
 2486.0000    37.0700 
 2488.0000    36.8800 
 2490.0000    36.7100 
 2492.0000    36.5350 
 2494.0000    36.3550 
 2496.0000    36.1900 
 2498.0000    36.1200 
 2500.0000    36.0200 
