 1300.0000    22.2600 
 1302.0000    22.3300 
 1304.0000    22.2400 
 1306.0000    22.4000 
 1308.0000    22.7500 
 1310.0000    23.0700 
 1312.0000    23.3500 
 1314.0000    23.5300 
 1316.0000    23.6200 
 1318.0000    23.6600 
 1320.0000    23.7800 
 1322.0000    23.9700 
 1324.0000    24.2700 
 1326.0000    24.5200 
 1328.0000    24.7400 
 1330.0000    24.8600 
 1332.0000    25.0200 
 1334.0000    25.1850 
 1336.0000    25.4700 
 1338.0000    25.6500 
 1340.0000    25.8200 
 1342.0000    25.9750 
 1344.0000    26.1100 
 1346.0000    26.2700 
 1348.0000    26.4600 
 1350.0000    26.6400 
 1352.0000    26.7900 
 1354.0000    26.9450 
 1356.0000    27.1000 
 1358.0000    27.2500 
 1360.0000    27.4000 
 1362.0000    27.5700 
 1364.0000    27.7800 
 1366.0000    28.0200 
 1368.0000    28.2400 
 1370.0000    28.4350 
 1372.0000    28.6400 
 1374.0000    28.8400 
 1376.0000    29.0450 
 1378.0000    29.2700 
 1380.0000    29.4500 
 1382.0000    29.6200 
 1384.0000    29.7900 
 1386.0000    29.9000 
 1388.0000    30.0000 
 1390.0000    30.0100 
 1392.0000    29.8300 
 1394.0000    29.3500 
 1396.0000    28.4200 
 1398.0000    27.1700 
 1400.0000    26.0000 
 1402.0000    25.3800 
 1404.0000    25.6150 
 1406.0000    26.6300 
 1408.0000    28.0200 
 1410.0000    29.3300 
 1412.0000    30.3000 
 1414.0000    30.9100 
 1416.0000    31.3200 
 1418.0000    31.6600 
 1420.0000    32.0000 
 1422.0000    32.3900 
 1424.0000    32.8500 
 1426.0000    33.3100 
 1428.0000    33.7700 
 1430.0000    34.1600 
 1432.0000    34.5300 
 1434.0000    34.8650 
 1436.0000    35.1500 
 1438.0000    35.4600 
 1440.0000    35.7400 
 1442.0000    36.0300 
 1444.0000    36.3100 
 1446.0000    36.5900 
 1448.0000    36.8700 
 1450.0000    37.1700 
 1452.0000    37.4500 
 1454.0000    37.7100 
 1456.0000    37.9600 
 1458.0000    38.1900 
 1460.0000    38.3850 
 1462.0000    38.5600 
 1464.0000    38.6800 
 1466.0000    38.6700 
 1468.0000    38.5000 
 1470.0000    38.2700 
 1472.0000    38.1400 
 1474.0000    38.3200 
 1476.0000    38.8500 
 1478.0000    39.5900 
 1480.0000    40.2900 
 1482.0000    40.8800 
 1484.0000    41.2900 
 1486.0000    41.6100 
 1488.0000    41.8700 
 1490.0000    42.1200 
 1492.0000    42.3800 
 1494.0000    42.6400 
 1496.0000    42.8800 
 1498.0000    43.0700 
 1500.0000    43.2500 
 1502.0000    43.4500 
 1504.0000    43.6800 
 1506.0000    43.9200 
 1508.0000    44.1500 
 1510.0000    44.3400 
 1512.0000    44.5600 
 1514.0000    44.7600 
 1516.0000    44.9300 
 1518.0000    45.0900 
 1520.0000    45.2600 
 1522.0000    45.4400 
 1524.0000    45.6400 
 1526.0000    45.8500 
 1528.0000    46.0300 
 1530.0000    46.2200 
 1532.0000    46.3900 
 1534.0000    46.5400 
 1536.0000    46.6900 
 1538.0000    46.8300 
 1540.0000    46.9800 
 1542.0000    47.1400 
 1544.0000    47.2900 
 1546.0000    47.4600 
 1548.0000    47.6000 
 1550.0000    47.7200 
 1552.0000    47.8600 
 1554.0000    47.9900 
 1556.0000    48.1200 
 1558.0000    48.2400 
 1560.0000    48.3300 
 1562.0000    48.4500 
 1564.0000    48.5700 
 1566.0000    48.7000 
 1568.0000    48.8100 
 1570.0000    48.9200 
 1572.0000    49.0300 
 1574.0000    49.1300 
 1576.0000    49.2200 
 1578.0000    49.3300 
 1580.0000    49.4600 
 1582.0000    49.5800 
 1584.0000    49.6600 
 1586.0000    49.7200 
 1588.0000    49.7800 
 1590.0000    49.8500 
 1592.0000    49.9500 
 1594.0000    50.0500 
 1596.0000    50.0800 
 1598.0000    50.1400 
 1600.0000    50.1800 
 1602.0000    50.2600 
 1604.0000    50.3500 
 1606.0000    50.4400 
 1608.0000    50.5000 
 1610.0000    50.5600 
 1612.0000    50.6200 
 1614.0000    50.6250 
 1616.0000    50.6400 
 1618.0000    50.6800 
 1620.0000    50.7600 
 1622.0000    50.8400 
 1624.0000    50.9100 
 1626.0000    50.9200 
 1628.0000    50.9400 
 1630.0000    50.9700 
 1632.0000    51.0200 
 1634.0000    51.0700 
 1636.0000    51.1300 
 1638.0000    51.1800 
 1640.0000    51.2000 
 1642.0000    51.2100 
 1644.0000    51.2600 
 1646.0000    51.2900 
 1648.0000    51.3200 
 1650.0000    51.3400 
 1652.0000    51.3450 
 1654.0000    51.3600 
 1656.0000    51.3700 
 1658.0000    51.3600 
 1660.0000    51.3800 
 1662.0000    51.3900 
 1664.0000    51.4400 
 1666.0000    51.4500 
 1668.0000    51.4400 
 1670.0000    51.4000 
 1672.0000    51.4100 
 1674.0000    51.4100 
 1676.0000    51.4900 
 1678.0000    51.5200 
 1680.0000    51.5200 
 1682.0000    51.5200 
 1684.0000    51.5500 
 1686.0000    51.5800 
 1688.0000    51.5800 
 1690.0000    51.5800 
 1692.0000    51.5950 
 1694.0000    51.5950 
 1696.0000    51.6500 
 1698.0000    51.6800 
 1700.0000    51.7300 
 1702.0000    51.7700 
 1704.0000    51.7750 
 1706.0000    51.8000 
 1708.0000    51.8100 
 1710.0000    51.8000 
 1712.0000    51.7750 
 1714.0000    51.7700 
 1716.0000    51.7750 
 1718.0000    51.8100 
 1720.0000    51.8200 
 1722.0000    51.8100 
 1724.0000    51.8100 
 1726.0000    51.7900 
 1728.0000    51.8000 
 1730.0000    51.8200 
 1732.0000    51.8100 
 1734.0000    51.8700 
 1736.0000    51.8900 
 1738.0000    51.9000 
 1740.0000    51.8700 
 1742.0000    51.8000 
 1744.0000    51.7600 
 1746.0000    51.7300 
 1748.0000    51.7300 
 1750.0000    51.7200 
 1752.0000    51.7100 
 1754.0000    51.7200 
 1756.0000    51.7000 
 1758.0000    51.6400 
 1760.0000    51.5800 
 1762.0000    51.5000 
 1764.0000    51.4300 
 1766.0000    51.3300 
 1768.0000    51.2200 
 1770.0000    51.0900 
 1772.0000    50.9500 
 1774.0000    50.8200 
 1776.0000    50.6900 
 1778.0000    50.5400 
 1780.0000    50.3750 
 1782.0000    50.1700 
 1784.0000    49.9900 
 1786.0000    49.7900 
 1788.0000    49.6000 
 1790.0000    49.3900 
 1792.0000    49.1700 
 1794.0000    48.9500 
 1796.0000    48.7500 
 1798.0000    48.5000 
 1800.0000    48.2000 
 1802.0000    47.8300 
 1804.0000    47.3900 
 1806.0000    46.8800 
 1808.0000    46.3400 
 1810.0000    45.7300 
 1812.0000    45.1000 
 1814.0000    44.4800 
 1816.0000    43.9500 
 1818.0000    43.5200 
 1820.0000    43.1900 
 1822.0000    42.9400 
 1824.0000    42.7100 
 1826.0000    42.5000 
 1828.0000    42.2700 
 1830.0000    42.0400 
 1832.0000    41.8700 
 1834.0000    41.7400 
 1836.0000    41.7000 
 1838.0000    41.7000 
 1840.0000    41.7100 
 1842.0000    41.6900 
 1844.0000    41.6600 
 1846.0000    41.6700 
 1848.0000    41.7000 
 1850.0000    41.8300 
 1852.0000    41.9700 
 1854.0000    42.1500 
 1856.0000    42.3300 
 1858.0000    42.4600 
 1860.0000    42.5400 
 1862.0000    42.6100 
 1864.0000    42.7000 
 1866.0000    42.7700 
 1868.0000    42.8500 
 1870.0000    42.8300 
 1872.0000    42.7000 
 1874.0000    42.4300 
 1876.0000    41.9600 
 1878.0000    41.3200 
 1880.0000    40.5000 
 1882.0000    39.4400 
 1884.0000    38.0500 
 1886.0000    36.2100 
 1888.0000    33.7000 
 1890.0000    30.3700 
 1892.0000    26.4600 
 1894.0000    22.6500 
 1896.0000    19.8400 
 1898.0000    18.7900 
 1900.0000    19.6400 
 1902.0000    21.9400 
 1904.0000    24.8200 
 1906.0000    27.5800 
 1908.0000    30.0600 
 1910.0000    32.2400 
 1912.0000    34.1800 
 1914.0000    35.8700 
 1916.0000    37.2700 
 1918.0000    38.3400 
 1920.0000    39.1400 
 1922.0000    39.7200 
 1924.0000    40.1800 
 1926.0000    40.4800 
 1928.0000    40.6400 
 1930.0000    40.7800 
 1932.0000    40.9100 
 1934.0000    41.0800 
 1936.0000    41.2800 
 1938.0000    41.4700 
 1940.0000    41.6400 
 1942.0000    41.7300 
 1944.0000    41.8100 
 1946.0000    41.8900 
 1948.0000    41.9400 
 1950.0000    41.9800 
 1952.0000    42.0100 
 1954.0000    42.0400 
 1956.0000    42.0700 
 1958.0000    42.1300 
 1960.0000    42.2000 
 1962.0000    42.2700 
 1964.0000    42.3000 
 1966.0000    42.2300 
 1968.0000    42.0600 
 1970.0000    41.8300 
 1972.0000    41.7200 
 1974.0000    41.8900 
 1976.0000    42.3600 
 1978.0000    42.9400 
 1980.0000    43.3700 
 1982.0000    43.6800 
 1984.0000    43.8900 
 1986.0000    44.0700 
 1988.0000    44.2000 
 1990.0000    44.3600 
 1992.0000    44.5800 
 1994.0000    44.8300 
 1996.0000    45.0800 
 1998.0000    45.3500 
 2000.0000    45.6000 
 2002.0000    45.8400 
 2004.0000    46.0300 
 2006.0000    46.1600 
 2008.0000    46.2400 
 2010.0000    46.0800 
 2012.0000    45.5800 
 2014.0000    45.0000 
 2016.0000    44.7700 
 2018.0000    45.1100 
 2020.0000    45.8300 
 2022.0000    46.5000 
 2024.0000    46.8400 
 2026.0000    46.9900 
 2028.0000    47.0600 
 2030.0000    47.1200 
 2032.0000    47.1500 
 2034.0000    47.1800 
 2036.0000    47.2200 
 2038.0000    47.2300 
 2040.0000    47.2500 
 2042.0000    47.2600 
 2044.0000    47.2800 
 2046.0000    47.2600 
 2048.0000    47.1800 
 2050.0000    47.0900 
 2052.0000    47.0700 
 2054.0000    47.0500 
 2056.0000    47.0300 
 2058.0000    46.9900 
 2060.0000    46.9600 
 2062.0000    46.9500 
 2064.0000    46.9100 
 2066.0000    46.8300 
 2068.0000    46.6500 
 2070.0000    46.4100 
 2072.0000    46.1700 
 2074.0000    45.9300 
 2076.0000    45.7700 
 2078.0000    45.7100 
 2080.0000    45.7100 
 2082.0000    45.7500 
 2084.0000    45.7400 
 2086.0000    45.7300 
 2088.0000    45.7100 
 2090.0000    45.6700 
 2092.0000    45.6000 
 2094.0000    45.5600 
 2096.0000    45.5400 
 2098.0000    45.5400 
 2100.0000    45.5800 
 2102.0000    45.6100 
 2104.0000    45.6300 
 2106.0000    45.6300 
 2108.0000    45.6100 
 2110.0000    45.6400 
 2112.0000    45.6800 
 2114.0000    45.7000 
 2116.0000    45.7200 
 2118.0000    45.7100 
 2120.0000    45.7000 
 2122.0000    45.6700 
 2124.0000    45.6300 
 2126.0000    45.5700 
 2128.0000    45.5400 
 2130.0000    45.4900 
 2132.0000    45.4600 
 2134.0000    45.4700 
 2136.0000    45.4500 
 2138.0000    45.4100 
 2140.0000    45.3300 
 2142.0000    45.2400 
 2144.0000    45.1800 
 2146.0000    45.1000 
 2148.0000    45.0000 
 2150.0000    44.8600 
 2152.0000    44.6900 
 2154.0000    44.5800 
 2156.0000    44.4800 
 2158.0000    44.3800 
 2160.0000    44.2500 
 2162.0000    44.1400 
 2164.0000    43.9700 
 2166.0000    43.8100 
 2168.0000    43.7000 
 2170.0000    43.5800 
 2172.0000    43.5300 
 2174.0000    43.4500 
 2176.0000    43.3700 
 2178.0000    43.2800 
 2180.0000    43.1800 
 2182.0000    43.1100 
 2184.0000    43.0500 
 2186.0000    43.0000 
 2188.0000    42.9500 
 2190.0000    42.9100 
 2192.0000    42.8700 
 2194.0000    42.8000 
 2196.0000    42.6800 
 2198.0000    42.5200 
 2200.0000    42.3900 
 2202.0000    42.2600 
 2204.0000    42.1100 
 2206.0000    42.0100 
 2208.0000    41.9800 
 2210.0000    42.0100 
 2212.0000    42.0200 
 2214.0000    42.0800 
 2216.0000    42.1100 
 2218.0000    42.1500 
 2220.0000    42.1100 
 2222.0000    42.0800 
 2224.0000    42.1000 
 2226.0000    42.1100 
 2228.0000    42.0900 
 2230.0000    42.0500 
 2232.0000    42.0000 
 2234.0000    42.0100 
 2236.0000    41.9500 
 2238.0000    41.9200 
 2240.0000    41.8800 
 2242.0000    41.8000 
 2244.0000    41.7300 
 2246.0000    41.5900 
 2248.0000    41.5100 
 2250.0000    41.4500 
 2252.0000    41.4300 
 2254.0000    41.4500 
 2256.0000    41.4100 
 2258.0000    41.3900 
 2260.0000    41.4200 
 2262.0000    41.4800 
 2264.0000    41.5600 
 2266.0000    41.6000 
 2268.0000    41.6100 
 2270.0000    41.6400 
 2272.0000    41.6800 
 2274.0000    41.6700 
 2276.0000    41.6700 
 2278.0000    41.7000 
 2280.0000    41.7300 
 2282.0000    41.8100 
 2284.0000    41.7800 
 2286.0000    41.7700 
 2288.0000    41.7200 
 2290.0000    41.7100 
 2292.0000    41.7200 
 2294.0000    41.7800 
 2296.0000    41.8400 
 2298.0000    41.8300 
 2300.0000    41.8200 
 2302.0000    41.8100 
 2304.0000    41.8300 
 2306.0000    41.8200 
 2308.0000    41.8300 
 2310.0000    41.8500 
 2312.0000    41.8500 
 2314.0000    41.8200 
 2316.0000    41.7700 
 2318.0000    41.7900 
 2320.0000    41.7500 
 2322.0000    41.7500 
 2324.0000    41.7000 
 2326.0000    41.6900 
 2328.0000    41.6500 
 2330.0000    41.6600 
 2332.0000    41.6800 
 2334.0000    41.7000 
 2336.0000    41.6600 
 2338.0000    41.6000 
 2340.0000    41.6100 
 2342.0000    41.5700 
 2344.0000    41.4800 
 2346.0000    41.4300 
 2348.0000    41.3900 
 2350.0000    41.3600 
 2352.0000    41.2900 
 2354.0000    41.2600 
 2356.0000    41.2300 
 2358.0000    41.2000 
 2360.0000    41.2400 
 2362.0000    41.2800 
 2364.0000    41.2900 
 2366.0000    41.2700 
 2368.0000    41.3000 
 2370.0000    41.3200 
 2372.0000    41.3000 
 2374.0000    41.2600 
 2376.0000    41.2200 
 2378.0000    41.1400 
 2380.0000    41.0200 
 2382.0000    40.9350 
 2384.0000    40.9000 
 2386.0000    40.8700 
 2388.0000    40.8200 
 2390.0000    40.7550 
 2392.0000    40.6650 
 2394.0000    40.5800 
 2396.0000    40.4700 
 2398.0000    40.3700 
 2400.0000    40.2900 
 2402.0000    40.2700 
 2404.0000    40.2600 
 2406.0000    40.1800 
 2408.0000    40.0400 
 2410.0000    39.8300 
 2412.0000    39.7500 
 2414.0000    39.6100 
 2416.0000    39.3900 
 2418.0000    39.1300 
 2420.0000    38.9900 
 2422.0000    38.7800 
 2424.0000    38.4750 
 2426.0000    38.2200 
 2428.0000    38.0250 
 2430.0000    37.9500 
 2432.0000    37.8500 
 2434.0000    37.7100 
 2436.0000    37.4800 
 2438.0000    37.2900 
 2440.0000    37.0550 
 2442.0000    36.7800 
 2444.0000    36.4450 
 2446.0000    36.1750 
 2448.0000    35.9200 
 2450.0000    35.5650 
 2452.0000    35.2600 
 2454.0000    35.0300 
 2456.0000    34.8800 
 2458.0000    34.6200 
 2460.0000    34.3200 
 2462.0000    33.9700 
 2464.0000    33.6200 
 2466.0000    33.3200 
 2468.0000    33.0300 
 2470.0000    32.6900 
 2472.0000    32.3000 
 2474.0000    31.9100 
 2476.0000    31.5500 
 2478.0000    31.2800 
 2480.0000    31.0750 
 2482.0000    30.7400 
 2484.0000    30.2850 
 2486.0000    29.8600 
 2488.0000    29.4900 
 2490.0000    29.1200 
 2492.0000    28.7300 
 2494.0000    28.4200 
 2496.0000    27.9300 
 2498.0000    27.4600 
 2500.0000    27.0350 
