 1300.0000    73.4700 
 1302.0000    73.0600 
 1304.0000    72.8800 
 1306.0000    72.7700 
 1308.0000    72.4650 
 1310.0000    72.5100 
 1312.0000    72.4400 
 1314.0000    72.4100 
 1316.0000    72.3550 
 1318.0000    72.3000 
 1320.0000    72.1900 
 1322.0000    72.1200 
 1324.0000    72.1000 
 1326.0000    72.1700 
 1328.0000    72.1400 
 1330.0000    72.1050 
 1332.0000    72.0100 
 1334.0000    71.9100 
 1336.0000    71.7800 
 1338.0000    71.5900 
 1340.0000    71.3400 
 1342.0000    71.0650 
 1344.0000    70.7500 
 1346.0000    70.3400 
 1348.0000    69.8600 
 1350.0000    69.2500 
 1352.0000    68.5600 
 1354.0000    67.8650 
 1356.0000    67.2700 
 1358.0000    66.8600 
 1360.0000    66.6000 
 1362.0000    66.3200 
 1364.0000    65.8300 
 1366.0000    64.9900 
 1368.0000    63.7700 
 1370.0000    62.1550 
 1372.0000    60.2100 
 1374.0000    58.0950 
 1376.0000    56.1300 
 1378.0000    54.7700 
 1380.0000    54.3600 
 1382.0000    55.0500 
 1384.0000    56.5800 
 1386.0000    58.5500 
 1388.0000    60.5100 
 1390.0000    62.2100 
 1392.0000    63.5200 
 1394.0000    64.3900 
 1396.0000    64.7900 
 1398.0000    64.7800 
 1400.0000    64.2100 
 1402.0000    62.8750 
 1404.0000    60.5600 
 1406.0000    57.2600 
 1408.0000    53.5900 
 1410.0000    50.4300 
 1412.0000    48.6500 
 1414.0000    48.6500 
 1416.0000    50.1700 
 1418.0000    52.7400 
 1420.0000    55.8800 
 1422.0000    59.2700 
 1424.0000    62.5500 
 1426.0000    65.4900 
 1428.0000    67.8500 
 1430.0000    69.6200 
 1432.0000    70.9550 
 1434.0000    71.9800 
 1436.0000    72.7150 
 1438.0000    73.3200 
 1440.0000    73.7500 
 1442.0000    74.0800 
 1444.0000    74.3800 
 1446.0000    74.6200 
 1448.0000    74.8300 
 1450.0000    75.0500 
 1452.0000    75.2600 
 1454.0000    75.5000 
 1456.0000    75.7600 
 1458.0000    76.0300 
 1460.0000    76.2600 
 1462.0000    76.4800 
 1464.0000    76.6100 
 1466.0000    76.7400 
 1468.0000    76.7900 
 1470.0000    76.8900 
 1472.0000    77.0000 
 1474.0000    77.1100 
 1476.0000    77.1600 
 1478.0000    77.1900 
 1480.0000    77.2300 
 1482.0000    77.3000 
 1484.0000    77.3500 
 1486.0000    77.4000 
 1488.0000    77.4400 
 1490.0000    77.4600 
 1492.0000    77.4800 
 1494.0000    77.5000 
 1496.0000    77.5000 
 1498.0000    77.5500 
 1500.0000    77.5800 
 1502.0000    77.5800 
 1504.0000    77.5650 
 1506.0000    77.6300 
 1508.0000    77.6600 
 1510.0000    77.7100 
 1512.0000    77.7400 
 1514.0000    77.7400 
 1516.0000    77.7600 
 1518.0000    77.8000 
 1520.0000    77.8100 
 1522.0000    77.8300 
 1524.0000    77.8700 
 1526.0000    77.8900 
 1528.0000    77.9100 
 1530.0000    77.9600 
 1532.0000    77.9900 
 1534.0000    78.0500 
 1536.0000    78.0800 
 1538.0000    78.0800 
 1540.0000    78.0700 
 1542.0000    78.0600 
 1544.0000    78.0900 
 1546.0000    78.1300 
 1548.0000    78.1300 
 1550.0000    78.1400 
 1552.0000    78.1400 
 1554.0000    78.1200 
 1556.0000    78.1200 
 1558.0000    78.1000 
 1560.0000    78.1000 
 1562.0000    78.1300 
 1564.0000    78.1600 
 1566.0000    78.1750 
 1568.0000    78.1750 
 1570.0000    78.2000 
 1572.0000    78.2000 
 1574.0000    78.1900 
 1576.0000    78.2000 
 1578.0000    78.2200 
 1580.0000    78.2300 
 1582.0000    78.2300 
 1584.0000    78.2200 
 1586.0000    78.2200 
 1588.0000    78.2600 
 1590.0000    78.3000 
 1592.0000    78.2500 
 1594.0000    78.2600 
 1596.0000    78.2700 
 1598.0000    78.2600 
 1600.0000    78.2800 
 1602.0000    78.2500 
 1604.0000    78.2100 
 1606.0000    78.1900 
 1608.0000    78.1700 
 1610.0000    78.1750 
 1612.0000    78.1500 
 1614.0000    78.0700 
 1616.0000    78.0100 
 1618.0000    77.9700 
 1620.0000    77.9700 
 1622.0000    77.9900 
 1624.0000    77.9900 
 1626.0000    77.9600 
 1628.0000    77.9500 
 1630.0000    77.9400 
 1632.0000    77.9250 
 1634.0000    77.9250 
 1636.0000    77.8900 
 1638.0000    77.8500 
 1640.0000    77.7900 
 1642.0000    77.7600 
 1644.0000    77.7600 
 1646.0000    77.7600 
 1648.0000    77.7300 
 1650.0000    77.7100 
 1652.0000    77.6900 
 1654.0000    77.6500 
 1656.0000    77.6100 
 1658.0000    77.5600 
 1660.0000    77.5200 
 1662.0000    77.4900 
 1664.0000    77.4200 
 1666.0000    77.3700 
 1668.0000    77.3150 
 1670.0000    77.2700 
 1672.0000    77.2300 
 1674.0000    77.1500 
 1676.0000    77.1300 
 1678.0000    77.1200 
 1680.0000    77.1350 
 1682.0000    77.1000 
 1684.0000    77.0500 
 1686.0000    77.0100 
 1688.0000    77.0100 
 1690.0000    77.0000 
 1692.0000    77.0100 
 1694.0000    76.9800 
 1696.0000    76.9700 
 1698.0000    76.9400 
 1700.0000    76.8800 
 1702.0000    76.8200 
 1704.0000    76.7700 
 1706.0000    76.7300 
 1708.0000    76.6300 
 1710.0000    76.5800 
 1712.0000    76.5400 
 1714.0000    76.5000 
 1716.0000    76.4700 
 1718.0000    76.4150 
 1720.0000    76.3700 
 1722.0000    76.3200 
 1724.0000    76.2500 
 1726.0000    76.2300 
 1728.0000    76.1800 
 1730.0000    76.1800 
 1732.0000    76.1300 
 1734.0000    76.0300 
 1736.0000    75.9000 
 1738.0000    75.7800 
 1740.0000    75.6900 
 1742.0000    75.6200 
 1744.0000    75.5500 
 1746.0000    75.4400 
 1748.0000    75.3700 
 1750.0000    75.3200 
 1752.0000    75.3100 
 1754.0000    75.3200 
 1756.0000    75.3100 
 1758.0000    75.2800 
 1760.0000    75.2400 
 1762.0000    75.2300 
 1764.0000    75.1500 
 1766.0000    75.0600 
 1768.0000    74.9400 
 1770.0000    74.8000 
 1772.0000    74.6500 
 1774.0000    74.5000 
 1776.0000    74.3400 
 1778.0000    74.1800 
 1780.0000    74.0300 
 1782.0000    73.8600 
 1784.0000    73.6700 
 1786.0000    73.4700 
 1788.0000    73.2200 
 1790.0000    73.0200 
 1792.0000    72.8800 
 1794.0000    72.7700 
 1796.0000    72.7000 
 1798.0000    72.6100 
 1800.0000    72.5100 
 1802.0000    72.4800 
 1804.0000    72.5000 
 1806.0000    72.4900 
 1808.0000    72.5200 
 1810.0000    72.5600 
 1812.0000    72.5700 
 1814.0000    72.5350 
 1816.0000    72.4300 
 1818.0000    72.3300 
 1820.0000    72.2800 
 1822.0000    72.2300 
 1824.0000    72.1600 
 1826.0000    72.0900 
 1828.0000    72.0300 
 1830.0000    72.0500 
 1832.0000    72.0900 
 1834.0000    72.1000 
 1836.0000    72.1500 
 1838.0000    72.3200 
 1840.0000    72.5800 
 1842.0000    72.8950 
 1844.0000    73.1700 
 1846.0000    73.4000 
 1848.0000    73.5800 
 1850.0000    73.7200 
 1852.0000    73.8100 
 1854.0000    73.9000 
 1856.0000    73.9700 
 1858.0000    73.9700 
 1860.0000    73.9300 
 1862.0000    73.8600 
 1864.0000    73.8100 
 1866.0000    73.7900 
 1868.0000    73.7200 
 1870.0000    73.6500 
 1872.0000    73.6100 
 1874.0000    73.5400 
 1876.0000    73.4800 
 1878.0000    73.4000 
 1880.0000    73.3100 
 1882.0000    73.2400 
 1884.0000    73.1700 
 1886.0000    73.0700 
 1888.0000    72.9700 
 1890.0000    72.8400 
 1892.0000    72.7000 
 1894.0000    72.5500 
 1896.0000    72.3700 
 1898.0000    72.1700 
 1900.0000    71.9500 
 1902.0000    71.8100 
 1904.0000    71.7000 
 1906.0000    71.5800 
 1908.0000    71.4600 
 1910.0000    71.3600 
 1912.0000    71.2900 
 1914.0000    71.2100 
 1916.0000    71.1300 
 1918.0000    71.0650 
 1920.0000    71.0400 
 1922.0000    70.9800 
 1924.0000    70.9300 
 1926.0000    70.9000 
 1928.0000    70.8500 
 1930.0000    70.8000 
 1932.0000    70.7400 
 1934.0000    70.6500 
 1936.0000    70.5700 
 1938.0000    70.5000 
 1940.0000    70.4800 
 1942.0000    70.4400 
 1944.0000    70.4000 
 1946.0000    70.3400 
 1948.0000    70.2900 
 1950.0000    70.2300 
 1952.0000    70.1800 
 1954.0000    70.1650 
 1956.0000    70.1600 
 1958.0000    70.1400 
 1960.0000    70.1100 
 1962.0000    70.1400 
 1964.0000    70.1300 
 1966.0000    70.1600 
 1968.0000    70.1800 
 1970.0000    70.2200 
 1972.0000    70.2400 
 1974.0000    70.2100 
 1976.0000    70.1900 
 1978.0000    70.1400 
 1980.0000    70.1200 
 1982.0000    70.0900 
 1984.0000    70.0700 
 1986.0000    70.0500 
 1988.0000    70.0300 
 1990.0000    69.9850 
 1992.0000    69.9500 
 1994.0000    69.9000 
 1996.0000    69.7900 
 1998.0000    69.6900 
 2000.0000    69.6200 
 2002.0000    69.6000 
 2004.0000    69.6400 
 2006.0000    69.6000 
 2008.0000    69.5400 
 2010.0000    69.4900 
 2012.0000    69.4600 
 2014.0000    69.4400 
 2016.0000    69.3300 
 2018.0000    69.1950 
 2020.0000    69.0600 
 2022.0000    68.9450 
 2024.0000    68.8600 
 2026.0000    68.7500 
 2028.0000    68.6400 
 2030.0000    68.4700 
 2032.0000    68.3200 
 2034.0000    68.1700 
 2036.0000    68.0700 
 2038.0000    67.9300 
 2040.0000    67.7900 
 2042.0000    67.6000 
 2044.0000    67.4200 
 2046.0000    67.2100 
 2048.0000    66.9300 
 2050.0000    66.7000 
 2052.0000    66.4400 
 2054.0000    66.2400 
 2056.0000    66.0700 
 2058.0000    65.9300 
 2060.0000    65.8500 
 2062.0000    65.7300 
 2064.0000    65.6300 
 2066.0000    65.4700 
 2068.0000    65.2600 
 2070.0000    65.0600 
 2072.0000    64.7600 
 2074.0000    64.4550 
 2076.0000    64.1800 
 2078.0000    63.9300 
 2080.0000    63.7600 
 2082.0000    63.5000 
 2084.0000    63.2000 
 2086.0000    62.9300 
 2088.0000    62.7200 
 2090.0000    62.6600 
 2092.0000    62.6100 
 2094.0000    62.5300 
 2096.0000    62.4200 
 2098.0000    62.2000 
 2100.0000    61.8400 
 2102.0000    61.3000 
 2104.0000    60.6700 
 2106.0000    60.0600 
 2108.0000    59.7000 
 2110.0000    59.5800 
 2112.0000    59.6800 
 2114.0000    59.8800 
 2116.0000    60.0500 
 2118.0000    60.1600 
 2120.0000    60.1100 
 2122.0000    59.9000 
 2124.0000    59.6000 
 2126.0000    59.1900 
 2128.0000    58.7500 
 2130.0000    58.2500 
 2132.0000    57.5900 
 2134.0000    56.9100 
 2136.0000    56.1900 
 2138.0000    55.4500 
 2140.0000    54.7300 
 2142.0000    54.0100 
 2144.0000    53.3550 
 2146.0000    52.7600 
 2148.0000    52.2050 
 2150.0000    51.7300 
 2152.0000    51.2300 
 2154.0000    50.7600 
 2156.0000    50.2600 
 2158.0000    49.6900 
 2160.0000    49.0200 
 2162.0000    48.1900 
 2164.0000    47.2500 
 2166.0000    46.2300 
 2168.0000    45.1800 
 2170.0000    44.1800 
 2172.0000    43.1900 
 2174.0000    42.2000 
 2176.0000    41.2200 
 2178.0000    40.2800 
 2180.0000    39.4100 
 2182.0000    38.6800 
 2184.0000    38.2200 
 2186.0000    38.3500 
 2188.0000    39.0800 
 2190.0000    40.3100 
 2192.0000    41.7800 
 2194.0000    43.0800 
 2196.0000    43.9100 
 2198.0000    44.0000 
 2200.0000    43.0800 
 2202.0000    41.2400 
 2204.0000    38.9800 
 2206.0000    36.9600 
 2208.0000    35.9800 
 2210.0000    36.4400 
 2212.0000    38.1300 
 2214.0000    40.5300 
 2216.0000    42.9700 
 2218.0000    45.0500 
 2220.0000    46.8100 
 2222.0000    48.3800 
 2224.0000    49.8900 
 2226.0000    51.2700 
 2228.0000    52.4600 
 2230.0000    53.3900 
 2232.0000    54.0300 
 2234.0000    54.4800 
 2236.0000    54.7500 
 2238.0000    54.9000 
 2240.0000    54.8900 
 2242.0000    54.7200 
 2244.0000    54.3800 
 2246.0000    53.9500 
 2248.0000    53.4400 
 2250.0000    52.9250 
 2252.0000    52.4400 
 2254.0000    52.1100 
 2256.0000    51.9550 
 2258.0000    51.9400 
 2260.0000    52.1600 
 2262.0000    52.3700 
 2264.0000    52.5500 
 2266.0000    52.5650 
 2268.0000    52.5000 
 2270.0000    52.4000 
 2272.0000    52.2200 
 2274.0000    51.9500 
 2276.0000    51.5950 
 2278.0000    51.2000 
 2280.0000    50.7400 
 2282.0000    50.1950 
 2284.0000    49.6300 
 2286.0000    49.0500 
 2288.0000    48.5100 
 2290.0000    47.9700 
 2292.0000    47.4300 
 2294.0000    47.0100 
 2296.0000    46.6300 
 2298.0000    46.3400 
 2300.0000    46.1600 
 2302.0000    46.0300 
 2304.0000    46.0200 
 2306.0000    46.0400 
 2308.0000    46.1000 
 2310.0000    46.1400 
 2312.0000    46.2100 
 2314.0000    46.2700 
 2316.0000    46.3000 
 2318.0000    46.3400 
 2320.0000    46.2500 
 2322.0000    46.1900 
 2324.0000    46.1200 
 2326.0000    46.1200 
 2328.0000    46.1200 
 2330.0000    46.0800 
 2332.0000    45.9800 
 2334.0000    45.7400 
 2336.0000    45.4400 
 2338.0000    45.0600 
 2340.0000    44.6500 
 2342.0000    44.1700 
 2344.0000    43.6700 
 2346.0000    43.2000 
 2348.0000    42.8000 
 2350.0000    42.4600 
 2352.0000    42.1900 
 2354.0000    42.0300 
 2356.0000    42.0100 
 2358.0000    42.2000 
 2360.0000    42.4400 
 2362.0000    42.6000 
 2364.0000    42.6400 
 2366.0000    42.6100 
 2368.0000    42.4800 
 2370.0000    42.1300 
 2372.0000    41.6800 
 2374.0000    41.0700 
 2376.0000    40.4600 
 2378.0000    39.9000 
 2380.0000    39.4600 
 2382.0000    39.0100 
 2384.0000    38.6200 
 2386.0000    38.4500 
 2388.0000    38.4750 
 2390.0000    38.5800 
 2392.0000    38.7300 
 2394.0000    38.9900 
 2396.0000    39.3900 
 2398.0000    39.8500 
 2400.0000    40.2600 
 2402.0000    40.7100 
 2404.0000    41.0700 
 2406.0000    41.3700 
 2408.0000    41.4700 
 2410.0000    41.5600 
 2412.0000    41.5700 
 2414.0000    41.5500 
 2416.0000    41.5500 
 2418.0000    41.4200 
 2420.0000    41.3500 
 2422.0000    41.2500 
 2424.0000    41.1300 
 2426.0000    40.8800 
 2428.0000    40.5600 
 2430.0000    40.2600 
 2432.0000    39.8400 
 2434.0000    39.4200 
 2436.0000    38.9950 
 2438.0000    38.6300 
 2440.0000    38.3700 
 2442.0000    38.1400 
 2444.0000    38.0250 
 2446.0000    38.0200 
 2448.0000    38.1400 
 2450.0000    38.1400 
 2452.0000    38.0100 
 2454.0000    37.8700 
 2456.0000    37.8600 
 2458.0000    37.9100 
 2460.0000    37.7900 
 2462.0000    37.6200 
 2464.0000    37.3800 
 2466.0000    37.1200 
 2468.0000    36.8900 
 2470.0000    36.6500 
 2472.0000    36.4000 
 2474.0000    36.0800 
 2476.0000    35.7200 
 2478.0000    35.3500 
 2480.0000    34.9400 
 2482.0000    34.6200 
 2484.0000    34.3800 
 2486.0000    34.2600 
 2488.0000    34.2800 
 2490.0000    34.3400 
 2492.0000    34.3100 
 2494.0000    34.2000 
 2496.0000    34.0400 
 2498.0000    33.8800 
 2500.0000    33.5500 
