 1300.0000    69.9850 
 1302.0000    70.1200 
 1304.0000    69.9700 
 1306.0000    69.6300 
 1308.0000    69.5100 
 1310.0000    69.4800 
 1312.0000    69.4900 
 1314.0000    69.5550 
 1316.0000    69.5200 
 1318.0000    69.4200 
 1320.0000    69.3100 
 1322.0000    69.2500 
 1324.0000    69.2300 
 1326.0000    69.2800 
 1328.0000    69.3700 
 1330.0000    69.4100 
 1332.0000    69.4300 
 1334.0000    69.3000 
 1336.0000    69.1950 
 1338.0000    69.1950 
 1340.0000    69.2300 
 1342.0000    69.2200 
 1344.0000    69.2600 
 1346.0000    69.2100 
 1348.0000    69.1600 
 1350.0000    69.1700 
 1352.0000    69.1600 
 1354.0000    69.1250 
 1356.0000    69.1250 
 1358.0000    69.1600 
 1360.0000    69.1400 
 1362.0000    69.1000 
 1364.0000    69.0500 
 1366.0000    69.0150 
 1368.0000    69.0100 
 1370.0000    69.0150 
 1372.0000    68.9900 
 1374.0000    68.9600 
 1376.0000    68.9600 
 1378.0000    68.9700 
 1380.0000    68.9450 
 1382.0000    68.9600 
 1384.0000    68.9450 
 1386.0000    68.9100 
 1388.0000    68.8350 
 1390.0000    68.7500 
 1392.0000    68.6800 
 1394.0000    68.6600 
 1396.0000    68.6400 
 1398.0000    68.5850 
 1400.0000    68.5300 
 1402.0000    68.4700 
 1404.0000    68.4050 
 1406.0000    68.3900 
 1408.0000    68.3500 
 1410.0000    68.3300 
 1412.0000    68.3300 
 1414.0000    68.3200 
 1416.0000    68.2900 
 1418.0000    68.2800 
 1420.0000    68.2800 
 1422.0000    68.2600 
 1424.0000    68.2400 
 1426.0000    68.2000 
 1428.0000    68.1700 
 1430.0000    68.1700 
 1432.0000    68.1700 
 1434.0000    68.1900 
 1436.0000    68.2100 
 1438.0000    68.2100 
 1440.0000    68.1700 
 1442.0000    68.1300 
 1444.0000    68.0900 
 1446.0000    68.1000 
 1448.0000    68.1100 
 1450.0000    68.1400 
 1452.0000    68.1550 
 1454.0000    68.1700 
 1456.0000    68.1500 
 1458.0000    68.1100 
 1460.0000    68.0900 
 1462.0000    68.1200 
 1464.0000    68.1500 
 1466.0000    68.1700 
 1468.0000    68.1700 
 1470.0000    68.1700 
 1472.0000    68.2000 
 1474.0000    68.2100 
 1476.0000    68.2100 
 1478.0000    68.2400 
 1480.0000    68.2600 
 1482.0000    68.2900 
 1484.0000    68.3000 
 1486.0000    68.2900 
 1488.0000    68.3350 
 1490.0000    68.3900 
 1492.0000    68.4000 
 1494.0000    68.4200 
 1496.0000    68.4300 
 1498.0000    68.4400 
 1500.0000    68.4400 
 1502.0000    68.4300 
 1504.0000    68.4400 
 1506.0000    68.4800 
 1508.0000    68.5500 
 1510.0000    68.5850 
 1512.0000    68.6100 
 1514.0000    68.6200 
 1516.0000    68.6400 
 1518.0000    68.6400 
 1520.0000    68.6500 
 1522.0000    68.6600 
 1524.0000    68.6700 
 1526.0000    68.6700 
 1528.0000    68.6600 
 1530.0000    68.6500 
 1532.0000    68.6600 
 1534.0000    68.6700 
 1536.0000    68.6700 
 1538.0000    68.6600 
 1540.0000    68.6700 
 1542.0000    68.6700 
 1544.0000    68.6500 
 1546.0000    68.6400 
 1548.0000    68.6400 
 1550.0000    68.6500 
 1552.0000    68.6700 
 1554.0000    68.6500 
 1556.0000    68.6200 
 1558.0000    68.6400 
 1560.0000    68.7400 
 1562.0000    68.8200 
 1564.0000    68.8800 
 1566.0000    68.8800 
 1568.0000    68.8500 
 1570.0000    68.8900 
 1572.0000    68.9100 
 1574.0000    68.9600 
 1576.0000    68.9800 
 1578.0000    69.0100 
 1580.0000    69.0100 
 1582.0000    69.0000 
 1584.0000    68.9700 
 1586.0000    68.9700 
 1588.0000    68.9900 
 1590.0000    69.0150 
 1592.0000    69.0500 
 1594.0000    69.0150 
 1596.0000    68.9900 
 1598.0000    68.9600 
 1600.0000    68.9900 
 1602.0000    69.0500 
 1604.0000    69.0300 
 1606.0000    68.9400 
 1608.0000    68.8700 
 1610.0000    68.8200 
 1612.0000    68.8200 
 1614.0000    68.8500 
 1616.0000    68.8800 
 1618.0000    68.8700 
 1620.0000    68.8200 
 1622.0000    68.7600 
 1624.0000    68.7200 
 1626.0000    68.6900 
 1628.0000    68.6800 
 1630.0000    68.6900 
 1632.0000    68.6800 
 1634.0000    68.6900 
 1636.0000    68.6600 
 1638.0000    68.6300 
 1640.0000    68.6200 
 1642.0000    68.6500 
 1644.0000    68.6200 
 1646.0000    68.5700 
 1648.0000    68.4900 
 1650.0000    68.4700 
 1652.0000    68.4800 
 1654.0000    68.5100 
 1656.0000    68.5400 
 1658.0000    68.5500 
 1660.0000    68.5000 
 1662.0000    68.4400 
 1664.0000    68.3600 
 1666.0000    68.2800 
 1668.0000    68.2100 
 1670.0000    68.0800 
 1672.0000    68.0000 
 1674.0000    67.9400 
 1676.0000    67.8900 
 1678.0000    67.8800 
 1680.0000    67.8600 
 1682.0000    67.8600 
 1684.0000    67.8650 
 1686.0000    67.8400 
 1688.0000    67.8100 
 1690.0000    67.7600 
 1692.0000    67.6700 
 1694.0000    67.6300 
 1696.0000    67.6400 
 1698.0000    67.6500 
 1700.0000    67.6400 
 1702.0000    67.5600 
 1704.0000    67.4600 
 1706.0000    67.4100 
 1708.0000    67.3500 
 1710.0000    67.3000 
 1712.0000    67.2200 
 1714.0000    67.1700 
 1716.0000    67.2000 
 1718.0000    67.1700 
 1720.0000    67.1000 
 1722.0000    67.0600 
 1724.0000    67.0600 
 1726.0000    67.0700 
 1728.0000    67.1000 
 1730.0000    67.0500 
 1732.0000    67.0050 
 1734.0000    66.9700 
 1736.0000    66.9400 
 1738.0000    66.9700 
 1740.0000    67.0050 
 1742.0000    67.0050 
 1744.0000    66.9600 
 1746.0000    66.9200 
 1748.0000    66.9200 
 1750.0000    66.9700 
 1752.0000    67.0600 
 1754.0000    67.1500 
 1756.0000    67.2400 
 1758.0000    67.3400 
 1760.0000    67.4200 
 1762.0000    67.5100 
 1764.0000    67.5900 
 1766.0000    67.6150 
 1768.0000    67.6150 
 1770.0000    67.6000 
 1772.0000    67.5900 
 1774.0000    67.6000 
 1776.0000    67.5800 
 1778.0000    67.5400 
 1780.0000    67.4800 
 1782.0000    67.4200 
 1784.0000    67.3800 
 1786.0000    67.2900 
 1788.0000    67.2000 
 1790.0000    67.1100 
 1792.0000    67.0600 
 1794.0000    66.9900 
 1796.0000    66.8700 
 1798.0000    66.7500 
 1800.0000    66.6200 
 1802.0000    66.5100 
 1804.0000    66.3600 
 1806.0000    66.1800 
 1808.0000    66.0000 
 1810.0000    65.8500 
 1812.0000    65.7200 
 1814.0000    65.5700 
 1816.0000    65.3800 
 1818.0000    65.1500 
 1820.0000    64.9400 
 1822.0000    64.7900 
 1824.0000    64.6350 
 1826.0000    64.4700 
 1828.0000    64.3200 
 1830.0000    64.1900 
 1832.0000    64.0900 
 1834.0000    63.9100 
 1836.0000    63.6600 
 1838.0000    63.3900 
 1840.0000    63.1250 
 1842.0000    62.8700 
 1844.0000    62.5850 
 1846.0000    62.2700 
 1848.0000    61.9300 
 1850.0000    61.6600 
 1852.0000    61.4100 
 1854.0000    61.1600 
 1856.0000    60.9600 
 1858.0000    60.8400 
 1860.0000    60.8900 
 1862.0000    61.2100 
 1864.0000    61.6500 
 1866.0000    62.2100 
 1868.0000    62.8100 
 1870.0000    63.4100 
 1872.0000    63.9150 
 1874.0000    64.2600 
 1876.0000    64.4800 
 1878.0000    64.6100 
 1880.0000    64.7400 
 1882.0000    64.8100 
 1884.0000    64.8150 
 1886.0000    64.7700 
 1888.0000    64.6600 
 1890.0000    64.5500 
 1892.0000    64.3800 
 1894.0000    64.1900 
 1896.0000    63.9800 
 1898.0000    63.7700 
 1900.0000    63.6200 
 1902.0000    63.4850 
 1904.0000    63.3400 
 1906.0000    63.2200 
 1908.0000    63.0800 
 1910.0000    62.9200 
 1912.0000    62.7600 
 1914.0000    62.5800 
 1916.0000    62.4400 
 1918.0000    62.3300 
 1920.0000    62.1900 
 1922.0000    62.0400 
 1924.0000    61.9050 
 1926.0000    61.7800 
 1928.0000    61.6000 
 1930.0000    61.4000 
 1932.0000    61.1850 
 1934.0000    61.0050 
 1936.0000    60.8500 
 1938.0000    60.7100 
 1940.0000    60.5750 
 1942.0000    60.4700 
 1944.0000    60.3400 
 1946.0000    60.2300 
 1948.0000    60.1450 
 1950.0000    60.0700 
 1952.0000    60.0000 
 1954.0000    59.9400 
 1956.0000    59.8900 
 1958.0000    59.8100 
 1960.0000    59.6500 
 1962.0000    59.4700 
 1964.0000    59.3400 
 1966.0000    59.2200 
 1968.0000    59.0650 
 1970.0000    58.8600 
 1972.0000    58.6500 
 1974.0000    58.4700 
 1976.0000    58.2750 
 1978.0000    58.1100 
 1980.0000    57.9400 
 1982.0000    57.8000 
 1984.0000    57.7000 
 1986.0000    57.6200 
 1988.0000    57.6500 
 1990.0000    57.8200 
 1992.0000    58.1100 
 1994.0000    58.4900 
 1996.0000    58.9000 
 1998.0000    59.3100 
 2000.0000    59.7200 
 2002.0000    60.1300 
 2004.0000    60.4900 
 2006.0000    60.7550 
 2008.0000    60.9800 
 2010.0000    61.1700 
 2012.0000    61.3800 
 2014.0000    61.5600 
 2016.0000    61.7000 
 2018.0000    61.8200 
 2020.0000    61.9300 
 2022.0000    62.0100 
 2024.0000    62.0500 
 2026.0000    62.0800 
 2028.0000    62.1000 
 2030.0000    62.1300 
 2032.0000    62.1400 
 2034.0000    62.1900 
 2036.0000    62.2300 
 2038.0000    62.2400 
 2040.0000    62.2800 
 2042.0000    62.2400 
 2044.0000    62.2500 
 2046.0000    62.2600 
 2048.0000    62.2800 
 2050.0000    62.2700 
 2052.0000    62.2400 
 2054.0000    62.2100 
 2056.0000    62.1900 
 2058.0000    62.1500 
 2060.0000    62.1000 
 2062.0000    62.0600 
 2064.0000    62.0100 
 2066.0000    61.9200 
 2068.0000    61.8500 
 2070.0000    61.7900 
 2072.0000    61.7100 
 2074.0000    61.5800 
 2076.0000    61.4700 
 2078.0000    61.3600 
 2080.0000    61.2300 
 2082.0000    61.1500 
 2084.0000    61.0300 
 2086.0000    60.9500 
 2088.0000    60.8600 
 2090.0000    60.7400 
 2092.0000    60.6200 
 2094.0000    60.4600 
 2096.0000    60.3500 
 2098.0000    60.3200 
 2100.0000    60.2400 
 2102.0000    60.1600 
 2104.0000    60.0100 
 2106.0000    59.8100 
 2108.0000    59.6600 
 2110.0000    59.4700 
 2112.0000    59.3000 
 2114.0000    59.0800 
 2116.0000    58.8600 
 2118.0000    58.6350 
 2120.0000    58.4300 
 2122.0000    58.2200 
 2124.0000    57.9900 
 2126.0000    57.7300 
 2128.0000    57.5200 
 2130.0000    57.3000 
 2132.0000    57.0800 
 2134.0000    56.9400 
 2136.0000    56.7800 
 2138.0000    56.7100 
 2140.0000    56.6800 
 2142.0000    56.6900 
 2144.0000    56.7200 
 2146.0000    56.7600 
 2148.0000    56.8200 
 2150.0000    56.9500 
 2152.0000    57.1100 
 2154.0000    57.2700 
 2156.0000    57.3900 
 2158.0000    57.5200 
 2160.0000    57.6400 
 2162.0000    57.7700 
 2164.0000    57.8900 
 2166.0000    57.9700 
 2168.0000    58.0000 
 2170.0000    58.0100 
 2172.0000    57.9800 
 2174.0000    57.9500 
 2176.0000    57.9300 
 2178.0000    57.8900 
 2180.0000    57.8000 
 2182.0000    57.6600 
 2184.0000    57.5100 
 2186.0000    57.3300 
 2188.0000    57.1400 
 2190.0000    56.8750 
 2192.0000    56.5700 
 2194.0000    56.2500 
 2196.0000    55.9500 
 2198.0000    55.6300 
 2200.0000    55.2500 
 2202.0000    54.8200 
 2204.0000    54.4100 
 2206.0000    54.0300 
 2208.0000    53.6500 
 2210.0000    53.2100 
 2212.0000    52.7700 
 2214.0000    52.2800 
 2216.0000    51.8700 
 2218.0000    51.4800 
 2220.0000    51.0700 
 2222.0000    50.6000 
 2224.0000    50.1700 
 2226.0000    49.8400 
 2228.0000    49.4900 
 2230.0000    49.0900 
 2232.0000    48.5600 
 2234.0000    48.0500 
 2236.0000    47.5600 
 2238.0000    47.0300 
 2240.0000    46.4500 
 2242.0000    45.7800 
 2244.0000    45.0300 
 2246.0000    44.2900 
 2248.0000    43.5400 
 2250.0000    42.7000 
 2252.0000    41.8800 
 2254.0000    41.0700 
 2256.0000    40.3000 
 2258.0000    39.4900 
 2260.0000    38.6900 
 2262.0000    38.0400 
 2264.0000    37.5050 
 2266.0000    37.0550 
 2268.0000    36.6800 
 2270.0000    36.4300 
 2272.0000    36.2100 
 2274.0000    36.0300 
 2276.0000    35.8350 
 2278.0000    35.6700 
 2280.0000    35.4750 
 2282.0000    35.2100 
 2284.0000    34.8900 
 2286.0000    34.5050 
 2288.0000    34.1500 
 2290.0000    33.8300 
 2292.0000    33.5300 
 2294.0000    33.1950 
 2296.0000    32.8350 
 2298.0000    32.4500 
 2300.0000    32.0900 
 2302.0000    31.7750 
 2304.0000    31.4600 
 2306.0000    31.2400 
 2308.0000    30.9850 
 2310.0000    30.7900 
 2312.0000    30.5550 
 2314.0000    30.3700 
 2316.0000    30.2800 
 2318.0000    30.2600 
 2320.0000    30.3100 
 2322.0000    30.4200 
 2324.0000    30.6900 
 2326.0000    31.0750 
 2328.0000    31.6100 
 2330.0000    32.3400 
 2332.0000    33.2850 
 2334.0000    34.3400 
 2336.0000    35.4200 
 2338.0000    36.5700 
 2340.0000    37.7900 
 2342.0000    39.1100 
 2344.0000    40.5600 
 2346.0000    42.0600 
 2348.0000    43.5600 
 2350.0000    44.9800 
 2352.0000    46.2500 
 2354.0000    47.2700 
 2356.0000    48.0800 
 2358.0000    48.7700 
 2360.0000    49.3500 
 2362.0000    49.8600 
 2364.0000    50.1900 
 2366.0000    50.4800 
 2368.0000    50.6250 
 2370.0000    50.6900 
 2372.0000    50.6900 
 2374.0000    50.6500 
 2376.0000    50.5500 
 2378.0000    50.2400 
 2380.0000    49.8300 
 2382.0000    49.3200 
 2384.0000    48.8900 
 2386.0000    48.5800 
 2388.0000    48.3600 
 2390.0000    48.1800 
 2392.0000    47.9700 
 2394.0000    47.6700 
 2396.0000    47.2900 
 2398.0000    46.9000 
 2400.0000    46.5000 
 2402.0000    46.0600 
 2404.0000    45.6400 
 2406.0000    45.2500 
 2408.0000    44.8900 
 2410.0000    44.6100 
 2412.0000    44.3300 
 2414.0000    43.8700 
 2416.0000    43.3000 
 2418.0000    42.6800 
 2420.0000    42.0100 
 2422.0000    41.1900 
 2424.0000    40.3000 
 2426.0000    39.4200 
 2428.0000    38.5400 
 2430.0000    37.7000 
 2432.0000    36.9000 
 2434.0000    36.0800 
 2436.0000    35.2400 
 2438.0000    34.3800 
 2440.0000    33.6600 
 2442.0000    32.7900 
 2444.0000    31.8800 
 2446.0000    30.9850 
 2448.0000    30.2500 
 2450.0000    29.5300 
 2452.0000    28.8400 
 2454.0000    28.2800 
 2456.0000    27.8500 
 2458.0000    27.4900 
 2460.0000    27.1400 
 2462.0000    26.8900 
 2464.0000    26.7600 
 2466.0000    26.6400 
 2468.0000    26.4800 
 2470.0000    26.2200 
 2472.0000    26.0100 
 2474.0000    25.8600 
 2476.0000    25.6500 
 2478.0000    25.2700 
 2480.0000    24.7700 
 2482.0000    24.1900 
 2484.0000    23.6600 
 2486.0000    23.1600 
 2488.0000    22.7500 
 2490.0000    22.3500 
 2492.0000    22.0600 
 2494.0000    21.7100 
 2496.0000    21.3500 
 2498.0000    21.0800 
 2500.0000    20.7500 
