 1300.0000    42.9000 
 1302.0000    42.8400 
 1304.0000    42.9600 
 1306.0000    42.9200 
 1308.0000    42.8900 
 1310.0000    42.9700 
 1312.0000    42.9300 
 1314.0000    42.9000 
 1316.0000    42.9800 
 1318.0000    42.9200 
 1320.0000    42.9200 
 1322.0000    42.9200 
 1324.0000    42.9800 
 1326.0000    43.0600 
 1328.0000    43.1900 
 1330.0000    43.1800 
 1332.0000    43.1500 
 1334.0000    43.1100 
 1336.0000    43.0400 
 1338.0000    43.0500 
 1340.0000    43.0800 
 1342.0000    43.0400 
 1344.0000    43.0900 
 1346.0000    43.2000 
 1348.0000    43.2800 
 1350.0000    43.3600 
 1352.0000    43.3500 
 1354.0000    43.3400 
 1356.0000    43.3900 
 1358.0000    43.4400 
 1360.0000    43.4900 
 1362.0000    43.5600 
 1364.0000    43.6200 
 1366.0000    43.6900 
 1368.0000    43.7300 
 1370.0000    43.7300 
 1372.0000    43.7200 
 1374.0000    43.7300 
 1376.0000    43.7200 
 1378.0000    43.7300 
 1380.0000    43.7400 
 1382.0000    43.6800 
 1384.0000    43.5100 
 1386.0000    43.2400 
 1388.0000    42.9100 
 1390.0000    42.6100 
 1392.0000    42.4700 
 1394.0000    42.4700 
 1396.0000    42.5300 
 1398.0000    42.6200 
 1400.0000    42.7300 
 1402.0000    42.8400 
 1404.0000    42.9400 
 1406.0000    43.0200 
 1408.0000    43.0800 
 1410.0000    43.1200 
 1412.0000    43.1700 
 1414.0000    43.2000 
 1416.0000    43.2100 
 1418.0000    43.2400 
 1420.0000    43.2500 
 1422.0000    43.2800 
 1424.0000    43.3300 
 1426.0000    43.3500 
 1428.0000    43.3800 
 1430.0000    43.4500 
 1432.0000    43.4900 
 1434.0000    43.5100 
 1436.0000    43.5500 
 1438.0000    43.5600 
 1440.0000    43.6000 
 1442.0000    43.6700 
 1444.0000    43.7100 
 1446.0000    43.7300 
 1448.0000    43.7500 
 1450.0000    43.7700 
 1452.0000    43.7900 
 1454.0000    43.8200 
 1456.0000    43.8400 
 1458.0000    43.8700 
 1460.0000    43.8900 
 1462.0000    43.8800 
 1464.0000    43.8700 
 1466.0000    43.8500 
 1468.0000    43.8900 
 1470.0000    43.9400 
 1472.0000    43.9000 
 1474.0000    43.8500 
 1476.0000    43.8100 
 1478.0000    43.8100 
 1480.0000    43.8200 
 1482.0000    43.8400 
 1484.0000    43.8000 
 1486.0000    43.7500 
 1488.0000    43.7000 
 1490.0000    43.6600 
 1492.0000    43.6200 
 1494.0000    43.5900 
 1496.0000    43.5500 
 1498.0000    43.4800 
 1500.0000    43.4100 
 1502.0000    43.3500 
 1504.0000    43.2900 
 1506.0000    43.2100 
 1508.0000    43.0900 
 1510.0000    42.9700 
 1512.0000    42.8300 
 1514.0000    42.6900 
 1516.0000    42.5400 
 1518.0000    42.3900 
 1520.0000    42.2400 
 1522.0000    42.0800 
 1524.0000    41.9300 
 1526.0000    41.7700 
 1528.0000    41.6100 
 1530.0000    41.4500 
 1532.0000    41.2800 
 1534.0000    41.1000 
 1536.0000    40.9500 
 1538.0000    40.8100 
 1540.0000    40.6650 
 1542.0000    40.5800 
 1544.0000    40.4900 
 1546.0000    40.4100 
 1548.0000    40.3600 
 1550.0000    40.3600 
 1552.0000    40.4100 
 1554.0000    40.5400 
 1556.0000    40.7200 
 1558.0000    40.9350 
 1560.0000    41.1700 
 1562.0000    41.4100 
 1564.0000    41.6200 
 1566.0000    41.7900 
 1568.0000    41.9400 
 1570.0000    42.0900 
 1572.0000    42.2500 
 1574.0000    42.4300 
 1576.0000    42.5600 
 1578.0000    42.6800 
 1580.0000    42.8000 
 1582.0000    42.9400 
 1584.0000    43.0800 
 1586.0000    43.2100 
 1588.0000    43.3500 
 1590.0000    43.4900 
 1592.0000    43.6300 
 1594.0000    43.7400 
 1596.0000    43.8300 
 1598.0000    43.9200 
 1600.0000    44.0100 
 1602.0000    44.0600 
 1604.0000    44.1900 
 1606.0000    44.2500 
 1608.0000    44.3000 
 1610.0000    44.3400 
 1612.0000    44.3900 
 1614.0000    44.4600 
 1616.0000    44.5200 
 1618.0000    44.5500 
 1620.0000    44.5900 
 1622.0000    44.6700 
 1624.0000    44.7600 
 1626.0000    44.7900 
 1628.0000    44.8000 
 1630.0000    44.8200 
 1632.0000    44.8600 
 1634.0000    44.9200 
 1636.0000    44.9800 
 1638.0000    45.0200 
 1640.0000    45.0800 
 1642.0000    45.1400 
 1644.0000    45.1700 
 1646.0000    45.1700 
 1648.0000    45.1900 
 1650.0000    45.2100 
 1652.0000    45.2400 
 1654.0000    45.2900 
 1656.0000    45.3200 
 1658.0000    45.3600 
 1660.0000    45.4100 
 1662.0000    45.4300 
 1664.0000    45.4500 
 1666.0000    45.4700 
 1668.0000    45.4500 
 1670.0000    45.4600 
 1672.0000    45.4700 
 1674.0000    45.4700 
 1676.0000    45.5200 
 1678.0000    45.5500 
 1680.0000    45.5800 
 1682.0000    45.6200 
 1684.0000    45.6500 
 1686.0000    45.6600 
 1688.0000    45.6800 
 1690.0000    45.7000 
 1692.0000    45.7300 
 1694.0000    45.8100 
 1696.0000    45.9200 
 1698.0000    46.0200 
 1700.0000    46.0900 
 1702.0000    46.1000 
 1704.0000    46.0800 
 1706.0000    46.1200 
 1708.0000    46.1800 
 1710.0000    46.2200 
 1712.0000    46.2700 
 1714.0000    46.3100 
 1716.0000    46.3400 
 1718.0000    46.4000 
 1720.0000    46.4600 
 1722.0000    46.5000 
 1724.0000    46.5500 
 1726.0000    46.5900 
 1728.0000    46.6100 
 1730.0000    46.6300 
 1732.0000    46.6500 
 1734.0000    46.6700 
 1736.0000    46.7000 
 1738.0000    46.7800 
 1740.0000    46.8500 
 1742.0000    46.8800 
 1744.0000    46.9100 
 1746.0000    46.9200 
 1748.0000    46.9600 
 1750.0000    47.0000 
 1752.0000    47.0400 
 1754.0000    47.0800 
 1756.0000    47.1400 
 1758.0000    47.1900 
 1760.0000    47.2300 
 1762.0000    47.2900 
 1764.0000    47.3400 
 1766.0000    47.3800 
 1768.0000    47.4000 
 1770.0000    47.4300 
 1772.0000    47.4700 
 1774.0000    47.5400 
 1776.0000    47.6100 
 1778.0000    47.6600 
 1780.0000    47.7200 
 1782.0000    47.7500 
 1784.0000    47.7800 
 1786.0000    47.8400 
 1788.0000    47.8600 
 1790.0000    47.8800 
 1792.0000    47.9200 
 1794.0000    47.9600 
 1796.0000    48.0000 
 1798.0000    48.0300 
 1800.0000    48.0700 
 1802.0000    48.0700 
 1804.0000    48.0700 
 1806.0000    48.0200 
 1808.0000    47.9800 
 1810.0000    47.9500 
 1812.0000    47.9100 
 1814.0000    47.8300 
 1816.0000    47.6900 
 1818.0000    47.4600 
 1820.0000    47.1700 
 1822.0000    46.8700 
 1824.0000    46.6100 
 1826.0000    46.4300 
 1828.0000    46.3300 
 1830.0000    46.3600 
 1832.0000    46.5100 
 1834.0000    46.7100 
 1836.0000    46.9500 
 1838.0000    47.1500 
 1840.0000    47.3400 
 1842.0000    47.5600 
 1844.0000    47.8000 
 1846.0000    48.0200 
 1848.0000    48.2100 
 1850.0000    48.3700 
 1852.0000    48.4900 
 1854.0000    48.5800 
 1856.0000    48.6400 
 1858.0000    48.6500 
 1860.0000    48.6700 
 1862.0000    48.6500 
 1864.0000    48.6300 
 1866.0000    48.6000 
 1868.0000    48.5300 
 1870.0000    48.4500 
 1872.0000    48.3100 
 1874.0000    48.1200 
 1876.0000    47.9900 
 1878.0000    47.8700 
 1880.0000    47.7900 
 1882.0000    47.7300 
 1884.0000    47.6700 
 1886.0000    47.6000 
 1888.0000    47.4700 
 1890.0000    47.3000 
 1892.0000    47.0600 
 1894.0000    46.8400 
 1896.0000    46.5700 
 1898.0000    46.2800 
 1900.0000    45.9900 
 1902.0000    45.7200 
 1904.0000    45.4600 
 1906.0000    45.2600 
 1908.0000    45.1400 
 1910.0000    45.0700 
 1912.0000    45.0600 
 1914.0000    45.0800 
 1916.0000    45.1500 
 1918.0000    45.3000 
 1920.0000    45.4600 
 1922.0000    45.5700 
 1924.0000    45.6400 
 1926.0000    45.7000 
 1928.0000    45.7800 
 1930.0000    45.9000 
 1932.0000    45.9600 
 1934.0000    45.9900 
 1936.0000    46.0300 
 1938.0000    46.0500 
 1940.0000    46.0800 
 1942.0000    46.0700 
 1944.0000    45.9700 
 1946.0000    45.8600 
 1948.0000    45.7600 
 1950.0000    45.7000 
 1952.0000    45.7200 
 1954.0000    45.7400 
 1956.0000    45.8100 
 1958.0000    45.9200 
 1960.0000    46.0900 
 1962.0000    46.2800 
 1964.0000    46.4900 
 1966.0000    46.7200 
 1968.0000    46.9100 
 1970.0000    47.1000 
 1972.0000    47.2900 
 1974.0000    47.4900 
 1976.0000    47.6900 
 1978.0000    47.8600 
 1980.0000    48.0500 
 1982.0000    48.2300 
 1984.0000    48.3900 
 1986.0000    48.5500 
 1988.0000    48.6600 
 1990.0000    48.7600 
 1992.0000    48.8700 
 1994.0000    48.9300 
 1996.0000    49.0400 
 1998.0000    49.1400 
 2000.0000    49.2500 
 2002.0000    49.3900 
 2004.0000    49.4800 
 2006.0000    49.6100 
 2008.0000    49.7300 
 2010.0000    49.8000 
 2012.0000    49.8900 
 2014.0000    49.9600 
 2016.0000    50.0600 
 2018.0000    50.1800 
 2020.0000    50.3100 
 2022.0000    50.3700 
 2024.0000    50.4300 
 2026.0000    50.5200 
 2028.0000    50.6000 
 2030.0000    50.7000 
 2032.0000    50.7600 
 2034.0000    50.8600 
 2036.0000    51.0100 
 2038.0000    51.1600 
 2040.0000    51.2800 
 2042.0000    51.3200 
 2044.0000    51.3450 
 2046.0000    51.4100 
 2048.0000    51.4800 
 2050.0000    51.5500 
 2052.0000    51.5900 
 2054.0000    51.6500 
 2056.0000    51.6800 
 2058.0000    51.6700 
 2060.0000    51.6800 
 2062.0000    51.7400 
 2064.0000    51.8200 
 2066.0000    51.9000 
 2068.0000    51.9550 
 2070.0000    52.0000 
 2072.0000    52.0000 
 2074.0000    52.0100 
 2076.0000    52.0000 
 2078.0000    52.0100 
 2080.0000    52.0400 
 2082.0000    52.0700 
 2084.0000    52.1300 
 2086.0000    52.1600 
 2088.0000    52.1500 
 2090.0000    52.1200 
 2092.0000    52.1200 
 2094.0000    52.1500 
 2096.0000    52.1700 
 2098.0000    52.2000 
 2100.0000    52.1600 
 2102.0000    52.0800 
 2104.0000    52.0000 
 2106.0000    51.9400 
 2108.0000    51.9500 
 2110.0000    51.9100 
 2112.0000    51.8450 
 2114.0000    51.8200 
 2116.0000    51.7700 
 2118.0000    51.7600 
 2120.0000    51.7750 
 2122.0000    51.7700 
 2124.0000    51.7500 
 2126.0000    51.6800 
 2128.0000    51.6300 
 2130.0000    51.6400 
 2132.0000    51.6300 
 2134.0000    51.6600 
 2136.0000    51.6900 
 2138.0000    51.6900 
 2140.0000    51.6700 
 2142.0000    51.5950 
 2144.0000    51.6200 
 2146.0000    51.5950 
 2148.0000    51.5500 
 2150.0000    51.4800 
 2152.0000    51.4300 
 2154.0000    51.4400 
 2156.0000    51.4150 
 2158.0000    51.4000 
 2160.0000    51.3300 
 2162.0000    51.2500 
 2164.0000    51.1650 
 2166.0000    51.1000 
 2168.0000    51.0500 
 2170.0000    50.9600 
 2172.0000    50.8300 
 2174.0000    50.6800 
 2176.0000    50.5100 
 2178.0000    50.3400 
 2180.0000    50.1700 
 2182.0000    50.0300 
 2184.0000    49.8600 
 2186.0000    49.6400 
 2188.0000    49.4600 
 2190.0000    49.3100 
 2192.0000    49.1500 
 2194.0000    48.9000 
 2196.0000    48.6400 
 2198.0000    48.4500 
 2200.0000    48.3100 
 2202.0000    48.1300 
 2204.0000    47.9300 
 2206.0000    47.7500 
 2208.0000    47.6100 
 2210.0000    47.4700 
 2212.0000    47.2400 
 2214.0000    46.9900 
 2216.0000    46.7300 
 2218.0000    46.4400 
 2220.0000    46.0900 
 2222.0000    45.7100 
 2224.0000    45.2600 
 2226.0000    44.8100 
 2228.0000    44.2600 
 2230.0000    43.5900 
 2232.0000    42.7900 
 2234.0000    41.8300 
 2236.0000    40.7500 
 2238.0000    39.4450 
 2240.0000    37.9600 
 2242.0000    36.3900 
 2244.0000    34.8650 
 2246.0000    33.5100 
 2248.0000    32.2800 
 2250.0000    31.2400 
 2252.0000    30.4900 
 2254.0000    30.1800 
 2256.0000    30.4200 
 2258.0000    30.9850 
 2260.0000    31.7600 
 2262.0000    32.5100 
 2264.0000    33.1400 
 2266.0000    33.6800 
 2268.0000    34.0400 
 2270.0000    34.2600 
 2272.0000    34.3300 
 2274.0000    34.2200 
 2276.0000    33.9400 
 2278.0000    33.5350 
 2280.0000    33.0700 
 2282.0000    32.5200 
 2284.0000    31.9000 
 2286.0000    31.2200 
 2288.0000    30.4650 
 2290.0000    29.7300 
 2292.0000    29.0700 
 2294.0000    28.4300 
 2296.0000    27.7800 
 2298.0000    27.1100 
 2300.0000    26.3900 
 2302.0000    25.7000 
 2304.0000    24.9200 
 2306.0000    24.0800 
 2308.0000    23.2200 
 2310.0000    22.3700 
 2312.0000    21.6000 
 2314.0000    20.8900 
 2316.0000    20.2400 
 2318.0000    19.6000 
 2320.0000    19.0400 
 2322.0000    18.4900 
 2324.0000    18.0400 
 2326.0000    17.5500 
 2328.0000    17.0600 
 2330.0000    16.6700 
 2332.0000    16.3800 
 2334.0000    16.2300 
 2336.0000    16.0600 
 2338.0000    16.0000 
 2340.0000    16.0600 
 2342.0000    16.2100 
 2344.0000    16.4300 
 2346.0000    16.7200 
 2348.0000    17.2000 
 2350.0000    17.8700 
 2352.0000    18.6500 
 2354.0000    19.5200 
 2356.0000    20.4900 
 2358.0000    21.5800 
 2360.0000    22.8000 
 2362.0000    24.1100 
 2364.0000    25.4200 
 2366.0000    26.7400 
 2368.0000    28.0500 
 2370.0000    29.2700 
 2372.0000    30.4300 
 2374.0000    31.4300 
 2376.0000    32.3800 
 2378.0000    33.2500 
 2380.0000    34.0100 
 2382.0000    34.6100 
 2384.0000    35.0900 
 2386.0000    35.5600 
 2388.0000    36.0900 
 2390.0000    36.6250 
 2392.0000    37.1100 
 2394.0000    37.5900 
 2396.0000    38.0900 
 2398.0000    38.5500 
 2400.0000    38.9600 
 2402.0000    39.3550 
 2404.0000    39.7400 
 2406.0000    40.1000 
 2408.0000    40.4000 
 2410.0000    40.6650 
 2412.0000    40.9200 
 2414.0000    41.0900 
 2416.0000    41.2000 
 2418.0000    41.3500 
 2420.0000    41.5500 
 2422.0000    41.6000 
 2424.0000    41.6000 
 2426.0000    41.6400 
 2428.0000    41.7100 
 2430.0000    41.7000 
 2432.0000    41.6600 
 2434.0000    41.5600 
 2436.0000    41.4800 
 2438.0000    41.4700 
 2440.0000    41.3600 
 2442.0000    41.1100 
 2444.0000    40.8700 
 2446.0000    40.7700 
 2448.0000    40.6650 
 2450.0000    40.5200 
 2452.0000    40.2800 
 2454.0000    40.0300 
 2456.0000    39.7100 
 2458.0000    39.4800 
 2460.0000    39.3200 
 2462.0000    39.2300 
 2464.0000    39.0850 
 2466.0000    38.9050 
 2468.0000    38.7600 
 2470.0000    38.5400 
 2472.0000    38.3500 
 2474.0000    38.1500 
 2476.0000    37.9700 
 2478.0000    37.9000 
 2480.0000    37.7300 
 2482.0000    37.4500 
 2484.0000    37.1400 
 2486.0000    37.0000 
 2488.0000    36.7800 
 2490.0000    36.5700 
 2492.0000    36.4000 
 2494.0000    36.2200 
 2496.0000    36.0600 
 2498.0000    35.8300 
 2500.0000    35.5900 
