 1300.0000    71.7450 
 1302.0000    71.3150 
 1304.0000    70.9800 
 1306.0000    70.6700 
 1308.0000    70.4400 
 1310.0000    70.4800 
 1312.0000    70.5700 
 1314.0000    70.6600 
 1316.0000    70.7050 
 1318.0000    70.6200 
 1320.0000    70.6400 
 1322.0000    70.7900 
 1324.0000    71.1100 
 1326.0000    71.3500 
 1328.0000    71.5200 
 1330.0000    71.4900 
 1332.0000    71.4400 
 1334.0000    71.4400 
 1336.0000    71.4500 
 1338.0000    71.5300 
 1340.0000    71.6300 
 1342.0000    71.5400 
 1344.0000    71.5600 
 1346.0000    71.6000 
 1348.0000    71.7100 
 1350.0000    71.8000 
 1352.0000    71.7700 
 1354.0000    71.5800 
 1356.0000    71.4100 
 1358.0000    71.2100 
 1360.0000    71.0300 
 1362.0000    70.8300 
 1364.0000    70.5400 
 1366.0000    70.1650 
 1368.0000    69.7800 
 1370.0000    69.3100 
 1372.0000    68.8000 
 1374.0000    68.2250 
 1376.0000    67.5500 
 1378.0000    66.8200 
 1380.0000    66.0700 
 1382.0000    65.2800 
 1384.0000    64.4800 
 1386.0000    63.4700 
 1388.0000    62.1100 
 1390.0000    60.1800 
 1392.0000    57.6500 
 1394.0000    54.8200 
 1396.0000    52.4400 
 1398.0000    50.9400 
 1400.0000    50.5700 
 1402.0000    51.0100 
 1404.0000    51.5950 
 1406.0000    51.7500 
 1408.0000    51.1300 
 1410.0000    49.6600 
 1412.0000    47.6400 
 1414.0000    45.4900 
 1416.0000    43.7600 
 1418.0000    42.9000 
 1420.0000    43.0200 
 1422.0000    43.8700 
 1424.0000    44.9500 
 1426.0000    45.6400 
 1428.0000    45.5700 
 1430.0000    44.7500 
 1432.0000    43.3600 
 1434.0000    41.9100 
 1436.0000    40.8200 
 1438.0000    40.2500 
 1440.0000    40.0500 
 1442.0000    39.9000 
 1444.0000    39.4600 
 1446.0000    38.7600 
 1448.0000    38.0400 
 1450.0000    37.7200 
 1452.0000    37.9400 
 1454.0000    38.4900 
 1456.0000    39.0100 
 1458.0000    39.2900 
 1460.0000    39.4700 
 1462.0000    39.9800 
 1464.0000    41.0800 
 1466.0000    42.7700 
 1468.0000    44.8700 
 1470.0000    46.9800 
 1472.0000    48.9000 
 1474.0000    50.4300 
 1476.0000    51.5600 
 1478.0000    52.4000 
 1480.0000    53.1400 
 1482.0000    53.7400 
 1484.0000    54.3000 
 1486.0000    54.7550 
 1488.0000    55.1150 
 1490.0000    55.4000 
 1492.0000    55.5400 
 1494.0000    55.5200 
 1496.0000    55.3650 
 1498.0000    55.1150 
 1500.0000    54.7800 
 1502.0000    54.3400 
 1504.0000    53.7800 
 1506.0000    53.0500 
 1508.0000    52.1800 
 1510.0000    51.2300 
 1512.0000    50.1600 
 1514.0000    49.1400 
 1516.0000    48.3300 
 1518.0000    47.7900 
 1520.0000    47.6600 
 1522.0000    47.8700 
 1524.0000    48.3000 
 1526.0000    48.8300 
 1528.0000    49.2900 
 1530.0000    49.5900 
 1532.0000    49.6900 
 1534.0000    49.6000 
 1536.0000    49.3700 
 1538.0000    49.0000 
 1540.0000    48.5100 
 1542.0000    47.9500 
 1544.0000    47.3400 
 1546.0000    46.7900 
 1548.0000    46.3900 
 1550.0000    46.2500 
 1552.0000    46.4200 
 1554.0000    46.9100 
 1556.0000    47.6600 
 1558.0000    48.5700 
 1560.0000    49.5400 
 1562.0000    50.5100 
 1564.0000    51.4100 
 1566.0000    52.2500 
 1568.0000    53.0200 
 1570.0000    53.6800 
 1572.0000    54.2400 
 1574.0000    54.7200 
 1576.0000    55.1500 
 1578.0000    55.5400 
 1580.0000    55.9050 
 1582.0000    56.2300 
 1584.0000    56.5700 
 1586.0000    56.9300 
 1588.0000    57.2900 
 1590.0000    57.7000 
 1592.0000    58.1300 
 1594.0000    58.5400 
 1596.0000    58.9950 
 1598.0000    59.4800 
 1600.0000    59.9300 
 1602.0000    60.3700 
 1604.0000    60.7900 
 1606.0000    61.2000 
 1608.0000    61.6150 
 1610.0000    61.9750 
 1612.0000    62.2900 
 1614.0000    62.5600 
 1616.0000    62.8400 
 1618.0000    63.0900 
 1620.0000    63.3800 
 1622.0000    63.6400 
 1624.0000    63.9100 
 1626.0000    64.1300 
 1628.0000    64.3450 
 1630.0000    64.5600 
 1632.0000    64.7900 
 1634.0000    64.9900 
 1636.0000    65.1700 
 1638.0000    65.3150 
 1640.0000    65.4800 
 1642.0000    65.6050 
 1644.0000    65.7300 
 1646.0000    65.8400 
 1648.0000    65.9300 
 1650.0000    66.0350 
 1652.0000    66.2000 
 1654.0000    66.3500 
 1656.0000    66.4900 
 1658.0000    66.6000 
 1660.0000    66.7000 
 1662.0000    66.8100 
 1664.0000    66.9300 
 1666.0000    67.0500 
 1668.0000    67.1500 
 1670.0000    67.2500 
 1672.0000    67.3300 
 1674.0000    67.4000 
 1676.0000    67.4600 
 1678.0000    67.5300 
 1680.0000    67.6100 
 1682.0000    67.6400 
 1684.0000    67.7000 
 1686.0000    67.7700 
 1688.0000    67.8300 
 1690.0000    67.9200 
 1692.0000    68.0000 
 1694.0000    68.0300 
 1696.0000    68.0900 
 1698.0000    68.1500 
 1700.0000    68.2250 
 1702.0000    68.3300 
 1704.0000    68.4000 
 1706.0000    68.4200 
 1708.0000    68.4700 
 1710.0000    68.5000 
 1712.0000    68.5300 
 1714.0000    68.5700 
 1716.0000    68.5850 
 1718.0000    68.6100 
 1720.0000    68.6400 
 1722.0000    68.6400 
 1724.0000    68.6500 
 1726.0000    68.6600 
 1728.0000    68.6500 
 1730.0000    68.6400 
 1732.0000    68.5800 
 1734.0000    68.5300 
 1736.0000    68.5200 
 1738.0000    68.5400 
 1740.0000    68.5400 
 1742.0000    68.4700 
 1744.0000    68.3500 
 1746.0000    68.2600 
 1748.0000    68.1800 
 1750.0000    68.1200 
 1752.0000    68.0600 
 1754.0000    67.9750 
 1756.0000    67.8650 
 1758.0000    67.7200 
 1760.0000    67.5700 
 1762.0000    67.4300 
 1764.0000    67.2900 
 1766.0000    67.1200 
 1768.0000    66.8900 
 1770.0000    66.6400 
 1772.0000    66.3800 
 1774.0000    66.0900 
 1776.0000    65.7300 
 1778.0000    65.3100 
 1780.0000    64.9200 
 1782.0000    64.5500 
 1784.0000    64.1900 
 1786.0000    63.8700 
 1788.0000    63.5800 
 1790.0000    63.3200 
 1792.0000    63.1100 
 1794.0000    62.9200 
 1796.0000    62.7600 
 1798.0000    62.6200 
 1800.0000    62.5000 
 1802.0000    62.3600 
 1804.0000    62.1700 
 1806.0000    61.9750 
 1808.0000    61.7500 
 1810.0000    61.5000 
 1812.0000    61.2000 
 1814.0000    60.8200 
 1816.0000    60.4100 
 1818.0000    60.0500 
 1820.0000    59.7400 
 1822.0000    59.4900 
 1824.0000    59.2900 
 1826.0000    59.1300 
 1828.0000    58.9900 
 1830.0000    58.8900 
 1832.0000    58.8300 
 1834.0000    58.8000 
 1836.0000    58.7800 
 1838.0000    58.7500 
 1840.0000    58.7000 
 1842.0000    58.6350 
 1844.0000    58.5100 
 1846.0000    58.3100 
 1848.0000    58.1100 
 1850.0000    57.9400 
 1852.0000    57.8100 
 1854.0000    57.8000 
 1856.0000    57.8450 
 1858.0000    57.9000 
 1860.0000    57.9200 
 1862.0000    57.8900 
 1864.0000    57.9300 
 1866.0000    57.9500 
 1868.0000    57.9400 
 1870.0000    57.8450 
 1872.0000    57.7400 
 1874.0000    57.6400 
 1876.0000    57.4700 
 1878.0000    57.3000 
 1880.0000    57.1800 
 1882.0000    57.0800 
 1884.0000    56.9500 
 1886.0000    56.8000 
 1888.0000    56.5800 
 1890.0000    56.4000 
 1892.0000    56.2600 
 1894.0000    56.1900 
 1896.0000    56.1600 
 1898.0000    56.1700 
 1900.0000    56.1700 
 1902.0000    56.1300 
 1904.0000    56.1000 
 1906.0000    56.0600 
 1908.0000    56.0000 
 1910.0000    55.9400 
 1912.0000    55.9000 
 1914.0000    55.8100 
 1916.0000    55.7200 
 1918.0000    55.6100 
 1920.0000    55.5200 
 1922.0000    55.4200 
 1924.0000    55.3100 
 1926.0000    55.1900 
 1928.0000    55.0700 
 1930.0000    55.0000 
 1932.0000    54.9000 
 1934.0000    54.8100 
 1936.0000    54.7200 
 1938.0000    54.5900 
 1940.0000    54.4400 
 1942.0000    54.3250 
 1944.0000    54.2400 
 1946.0000    54.1100 
 1948.0000    53.9800 
 1950.0000    53.8600 
 1952.0000    53.7100 
 1954.0000    53.5350 
 1956.0000    53.3800 
 1958.0000    53.2400 
 1960.0000    53.1200 
 1962.0000    53.0100 
 1964.0000    52.8700 
 1966.0000    52.7800 
 1968.0000    52.6900 
 1970.0000    52.5800 
 1972.0000    52.5000 
 1974.0000    52.4100 
 1976.0000    52.2700 
 1978.0000    52.1800 
 1980.0000    52.0900 
 1982.0000    52.0100 
 1984.0000    51.9500 
 1986.0000    51.8400 
 1988.0000    51.7400 
 1990.0000    51.6100 
 1992.0000    51.5000 
 1994.0000    51.4000 
 1996.0000    51.2800 
 1998.0000    51.1500 
 2000.0000    51.0800 
 2002.0000    51.0400 
 2004.0000    50.9850 
 2006.0000    50.8900 
 2008.0000    50.7200 
 2010.0000    50.5800 
 2012.0000    50.5400 
 2014.0000    50.4900 
 2016.0000    50.3900 
 2018.0000    50.2900 
 2020.0000    50.1800 
 2022.0000    50.1100 
 2024.0000    50.0300 
 2026.0000    49.9200 
 2028.0000    49.8600 
 2030.0000    49.8600 
 2032.0000    49.8100 
 2034.0000    49.7400 
 2036.0000    49.6300 
 2038.0000    49.5300 
 2040.0000    49.5200 
 2042.0000    49.5000 
 2044.0000    49.4400 
 2046.0000    49.3400 
 2048.0000    49.2500 
 2050.0000    49.1500 
 2052.0000    49.0800 
 2054.0000    48.9600 
 2056.0000    48.9200 
 2058.0000    48.8700 
 2060.0000    48.8200 
 2062.0000    48.7300 
 2064.0000    48.6600 
 2066.0000    48.6100 
 2068.0000    48.5200 
 2070.0000    48.4400 
 2072.0000    48.3500 
 2074.0000    48.2300 
 2076.0000    48.1200 
 2078.0000    48.0100 
 2080.0000    47.9800 
 2082.0000    47.9600 
 2084.0000    47.8700 
 2086.0000    47.8300 
 2088.0000    47.7900 
 2090.0000    47.8100 
 2092.0000    47.8300 
 2094.0000    47.7900 
 2096.0000    47.7600 
 2098.0000    47.7000 
 2100.0000    47.6700 
 2102.0000    47.6000 
 2104.0000    47.4800 
 2106.0000    47.4000 
 2108.0000    47.3100 
 2110.0000    47.2300 
 2112.0000    47.1400 
 2114.0000    47.0100 
 2116.0000    46.8300 
 2118.0000    46.5200 
 2120.0000    46.1400 
 2122.0000    45.7100 
 2124.0000    45.2700 
 2126.0000    44.8900 
 2128.0000    44.5900 
 2130.0000    44.2900 
 2132.0000    44.0300 
 2134.0000    43.8600 
 2136.0000    43.7400 
 2138.0000    43.6000 
 2140.0000    43.4200 
 2142.0000    43.2900 
 2144.0000    43.1400 
 2146.0000    42.8400 
 2148.0000    42.4400 
 2150.0000    41.9500 
 2152.0000    41.4600 
 2154.0000    40.9000 
 2156.0000    40.2900 
 2158.0000    39.6900 
 2160.0000    39.0800 
 2162.0000    38.4700 
 2164.0000    37.8400 
 2166.0000    37.1900 
 2168.0000    36.6400 
 2170.0000    36.1750 
 2172.0000    35.7000 
 2174.0000    35.1900 
 2176.0000    34.6850 
 2178.0000    34.2700 
 2180.0000    33.8050 
 2182.0000    33.3600 
 2184.0000    33.0400 
 2186.0000    32.9200 
 2188.0000    32.8800 
 2190.0000    32.7300 
 2192.0000    32.4400 
 2194.0000    32.0600 
 2196.0000    31.5900 
 2198.0000    31.0500 
 2200.0000    30.3300 
 2202.0000    29.6900 
 2204.0000    29.1000 
 2206.0000    28.6150 
 2208.0000    28.2550 
 2210.0000    28.0100 
 2212.0000    27.9150 
 2214.0000    27.8100 
 2216.0000    27.6900 
 2218.0000    27.5400 
 2220.0000    27.3000 
 2222.0000    27.1400 
 2224.0000    26.9400 
 2226.0000    26.7500 
 2228.0000    26.4800 
 2230.0000    26.1500 
 2232.0000    25.8400 
 2234.0000    25.4800 
 2236.0000    25.0400 
 2238.0000    24.4000 
 2240.0000    23.7100 
 2242.0000    22.9000 
 2244.0000    22.1200 
 2246.0000    21.2300 
 2248.0000    20.4100 
 2250.0000    19.7200 
 2252.0000    19.2100 
 2254.0000    18.9300 
 2256.0000    18.7300 
 2258.0000    18.6100 
 2260.0000    18.4800 
 2262.0000    18.2000 
 2264.0000    17.8000 
 2266.0000    17.3300 
 2268.0000    17.0300 
 2270.0000    16.9450 
 2272.0000    17.1400 
 2274.0000    17.6300 
 2276.0000    18.1750 
 2278.0000    18.7600 
 2280.0000    19.2900 
 2282.0000    19.7650 
 2284.0000    20.1700 
 2286.0000    20.4500 
 2288.0000    20.6800 
 2290.0000    20.8800 
 2292.0000    21.0100 
 2294.0000    21.1400 
 2296.0000    21.3200 
 2298.0000    21.5300 
 2300.0000    21.6900 
 2302.0000    21.7200 
 2304.0000    21.6900 
 2306.0000    21.6200 
 2308.0000    21.5600 
 2310.0000    21.4500 
 2312.0000    21.4000 
 2314.0000    21.3800 
 2316.0000    21.4000 
 2318.0000    21.4700 
 2320.0000    21.5700 
 2322.0000    21.7100 
 2324.0000    21.8400 
 2326.0000    21.9700 
 2328.0000    22.2100 
 2330.0000    22.4500 
 2332.0000    22.6600 
 2334.0000    22.8000 
 2336.0000    22.8800 
 2338.0000    22.8500 
 2340.0000    22.7600 
 2342.0000    22.5800 
 2344.0000    22.4000 
 2346.0000    22.1800 
 2348.0000    21.9000 
 2350.0000    21.6000 
 2352.0000    21.3800 
 2354.0000    21.2500 
 2356.0000    21.2000 
 2358.0000    21.1900 
 2360.0000    21.2000 
 2362.0000    21.1800 
 2364.0000    21.1200 
 2366.0000    21.1300 
 2368.0000    21.2000 
 2370.0000    21.3000 
 2372.0000    21.4400 
 2374.0000    21.5000 
 2376.0000    21.6000 
 2378.0000    21.5900 
 2380.0000    21.5800 
 2382.0000    21.5200 
 2384.0000    21.6000 
 2386.0000    21.6600 
 2388.0000    21.6500 
 2390.0000    21.5900 
 2392.0000    21.6100 
 2394.0000    21.6300 
 2396.0000    21.7500 
 2398.0000    21.8300 
 2400.0000    21.8900 
 2402.0000    21.9300 
 2404.0000    22.0500 
 2406.0000    22.2100 
 2408.0000    22.3400 
 2410.0000    22.4800 
 2412.0000    22.6500 
 2414.0000    22.8100 
 2416.0000    22.9700 
 2418.0000    23.1700 
 2420.0000    23.3400 
 2422.0000    23.3900 
 2424.0000    23.4000 
 2426.0000    23.4100 
 2428.0000    23.4300 
 2430.0000    23.4200 
 2432.0000    23.4400 
 2434.0000    23.5100 
 2436.0000    23.6500 
 2438.0000    23.7400 
 2440.0000    23.8500 
 2442.0000    24.0000 
 2444.0000    24.2200 
 2446.0000    24.4000 
 2448.0000    24.6800 
 2450.0000    24.8700 
 2452.0000    24.9300 
 2454.0000    24.9500 
 2456.0000    25.0600 
 2458.0000    25.1100 
 2460.0000    25.0700 
 2462.0000    25.0700 
 2464.0000    25.1100 
 2466.0000    25.0900 
 2468.0000    24.9100 
 2470.0000    24.7800 
 2472.0000    24.6900 
 2474.0000    24.7000 
 2476.0000    24.6100 
 2478.0000    24.4100 
 2480.0000    24.1500 
 2482.0000    24.0300 
 2484.0000    23.8900 
 2486.0000    23.7400 
 2488.0000    23.5900 
 2490.0000    23.6000 
 2492.0000    23.6000 
 2494.0000    23.5500 
 2496.0000    23.4200 
 2498.0000    23.3700 
 2500.0000    23.3500 
