 1300.0000    65.9000 
 1302.0000    65.8500 
 1304.0000    65.8800 
 1306.0000    65.9700 
 1308.0000    66.0700 
 1310.0000    66.0000 
 1312.0000    65.6300 
 1314.0000    65.2200 
 1316.0000    64.7900 
 1318.0000    64.3450 
 1320.0000    64.0300 
 1322.0000    63.8000 
 1324.0000    63.5700 
 1326.0000    63.3200 
 1328.0000    62.9800 
 1330.0000    62.5500 
 1332.0000    62.1500 
 1334.0000    61.7100 
 1336.0000    61.2400 
 1338.0000    60.7500 
 1340.0000    60.3100 
 1342.0000    59.7600 
 1344.0000    59.2800 
 1346.0000    58.7700 
 1348.0000    58.2700 
 1350.0000    57.7800 
 1352.0000    57.3300 
 1354.0000    56.8200 
 1356.0000    56.4450 
 1358.0000    56.1100 
 1360.0000    55.7800 
 1362.0000    55.5000 
 1364.0000    55.1800 
 1366.0000    54.8500 
 1368.0000    54.5600 
 1370.0000    54.2700 
 1372.0000    53.9900 
 1374.0000    53.7400 
 1376.0000    53.5200 
 1378.0000    53.3400 
 1380.0000    53.2100 
 1382.0000    53.0700 
 1384.0000    52.9100 
 1386.0000    52.7300 
 1388.0000    52.5300 
 1390.0000    52.2900 
 1392.0000    52.0100 
 1394.0000    51.6300 
 1396.0000    51.1650 
 1398.0000    50.6250 
 1400.0000    50.0000 
 1402.0000    49.3700 
 1404.0000    48.6500 
 1406.0000    47.8800 
 1408.0000    47.0400 
 1410.0000    46.1700 
 1412.0000    45.2500 
 1414.0000    44.3200 
 1416.0000    43.3400 
 1418.0000    42.3300 
 1420.0000    41.3200 
 1422.0000    40.3600 
 1424.0000    39.4700 
 1426.0000    38.6900 
 1428.0000    37.9800 
 1430.0000    37.3100 
 1432.0000    36.6000 
 1434.0000    35.8100 
 1436.0000    34.8800 
 1438.0000    33.8000 
 1440.0000    32.6000 
 1442.0000    31.3400 
 1444.0000    30.1500 
 1446.0000    29.1300 
 1448.0000    28.4000 
 1450.0000    28.0300 
 1452.0000    28.0900 
 1454.0000    28.5400 
 1456.0000    29.2600 
 1458.0000    30.1000 
 1460.0000    30.9100 
 1462.0000    31.6200 
 1464.0000    32.2100 
 1466.0000    32.6800 
 1468.0000    33.0600 
 1470.0000    33.3800 
 1472.0000    33.6200 
 1474.0000    33.8500 
 1476.0000    34.0300 
 1478.0000    34.1900 
 1480.0000    34.3500 
 1482.0000    34.5000 
 1484.0000    34.5400 
 1486.0000    34.4500 
 1488.0000    34.2600 
 1490.0000    33.9800 
 1492.0000    33.6400 
 1494.0000    33.3500 
 1496.0000    33.1800 
 1498.0000    33.2200 
 1500.0000    33.5000 
 1502.0000    34.0100 
 1504.0000    34.6850 
 1506.0000    35.4600 
 1508.0000    36.2500 
 1510.0000    36.9500 
 1512.0000    37.5500 
 1514.0000    38.0100 
 1516.0000    38.3800 
 1518.0000    38.6300 
 1520.0000    38.7900 
 1522.0000    38.8600 
 1524.0000    38.8500 
 1526.0000    38.8000 
 1528.0000    38.6900 
 1530.0000    38.5300 
 1532.0000    38.3400 
 1534.0000    38.1000 
 1536.0000    37.8500 
 1538.0000    37.6400 
 1540.0000    37.5600 
 1542.0000    37.6400 
 1544.0000    37.9300 
 1546.0000    38.3500 
 1548.0000    38.9400 
 1550.0000    39.6200 
 1552.0000    40.3900 
 1554.0000    41.1300 
 1556.0000    41.8700 
 1558.0000    42.5900 
 1560.0000    43.2900 
 1562.0000    43.9600 
 1564.0000    44.5900 
 1566.0000    45.1700 
 1568.0000    45.7000 
 1570.0000    46.1700 
 1572.0000    46.5700 
 1574.0000    47.0100 
 1576.0000    47.4100 
 1578.0000    47.8000 
 1580.0000    48.2000 
 1582.0000    48.5900 
 1584.0000    49.0000 
 1586.0000    49.3800 
 1588.0000    49.7400 
 1590.0000    50.0850 
 1592.0000    50.5000 
 1594.0000    50.9300 
 1596.0000    51.3400 
 1598.0000    51.7200 
 1600.0000    52.1200 
 1602.0000    52.5600 
 1604.0000    52.9950 
 1606.0000    53.4000 
 1608.0000    53.7500 
 1610.0000    54.0750 
 1612.0000    54.4100 
 1614.0000    54.7300 
 1616.0000    55.0400 
 1618.0000    55.3600 
 1620.0000    55.6550 
 1622.0000    55.9500 
 1624.0000    56.2000 
 1626.0000    56.4450 
 1628.0000    56.6950 
 1630.0000    56.9900 
 1632.0000    57.2900 
 1634.0000    57.5950 
 1636.0000    57.8900 
 1638.0000    58.1300 
 1640.0000    58.3600 
 1642.0000    58.6100 
 1644.0000    58.8300 
 1646.0000    59.0300 
 1648.0000    59.1750 
 1650.0000    59.3200 
 1652.0000    59.4500 
 1654.0000    59.5800 
 1656.0000    59.6900 
 1658.0000    59.7850 
 1660.0000    59.8800 
 1662.0000    59.9650 
 1664.0000    60.0350 
 1666.0000    60.0800 
 1668.0000    60.0600 
 1670.0000    60.0300 
 1672.0000    59.9650 
 1674.0000    59.9100 
 1676.0000    59.8550 
 1678.0000    59.7600 
 1680.0000    59.6300 
 1682.0000    59.4700 
 1684.0000    59.3000 
 1686.0000    59.1600 
 1688.0000    58.9700 
 1690.0000    58.7300 
 1692.0000    58.4550 
 1694.0000    58.1200 
 1696.0000    57.7900 
 1698.0000    57.3900 
 1700.0000    56.9400 
 1702.0000    56.4600 
 1704.0000    55.9200 
 1706.0000    55.2900 
 1708.0000    54.5900 
 1710.0000    53.8300 
 1712.0000    53.0700 
 1714.0000    52.2800 
 1716.0000    51.4800 
 1718.0000    50.6400 
 1720.0000    49.7600 
 1722.0000    48.8400 
 1724.0000    47.9200 
 1726.0000    46.9700 
 1728.0000    46.0600 
 1730.0000    45.1700 
 1732.0000    44.2400 
 1734.0000    43.3600 
 1736.0000    42.5100 
 1738.0000    41.7000 
 1740.0000    40.9200 
 1742.0000    40.1450 
 1744.0000    39.4450 
 1746.0000    38.8600 
 1748.0000    38.3800 
 1750.0000    38.0200 
 1752.0000    37.7800 
 1754.0000    37.6500 
 1756.0000    37.7000 
 1758.0000    37.9000 
 1760.0000    38.2200 
 1762.0000    38.6000 
 1764.0000    38.9800 
 1766.0000    39.3300 
 1768.0000    39.6400 
 1770.0000    39.8750 
 1772.0000    40.0400 
 1774.0000    40.1900 
 1776.0000    40.3200 
 1778.0000    40.4700 
 1780.0000    40.6600 
 1782.0000    40.8900 
 1784.0000    41.2100 
 1786.0000    41.6300 
 1788.0000    42.1400 
 1790.0000    42.7200 
 1792.0000    43.3100 
 1794.0000    43.8900 
 1796.0000    44.4300 
 1798.0000    44.9200 
 1800.0000    45.3900 
 1802.0000    45.8000 
 1804.0000    46.1700 
 1806.0000    46.4800 
 1808.0000    46.7700 
 1810.0000    47.0200 
 1812.0000    47.2500 
 1814.0000    47.4400 
 1816.0000    47.5900 
 1818.0000    47.7800 
 1820.0000    47.9300 
 1822.0000    48.0600 
 1824.0000    48.1500 
 1826.0000    48.1700 
 1828.0000    48.1600 
 1830.0000    48.1100 
 1832.0000    48.1000 
 1834.0000    48.0000 
 1836.0000    47.8900 
 1838.0000    47.7500 
 1840.0000    47.5500 
 1842.0000    47.3400 
 1844.0000    47.0200 
 1846.0000    46.6700 
 1848.0000    46.2400 
 1850.0000    45.7300 
 1852.0000    45.1200 
 1854.0000    44.4400 
 1856.0000    43.7000 
 1858.0000    42.8700 
 1860.0000    42.0200 
 1862.0000    41.1100 
 1864.0000    40.1600 
 1866.0000    39.1900 
 1868.0000    38.1150 
 1870.0000    37.0000 
 1872.0000    35.8300 
 1874.0000    34.6800 
 1876.0000    33.5800 
 1878.0000    32.4800 
 1880.0000    31.3900 
 1882.0000    30.3400 
 1884.0000    29.3500 
 1886.0000    28.4000 
 1888.0000    27.4650 
 1890.0000    26.5700 
 1892.0000    25.6600 
 1894.0000    24.7900 
 1896.0000    23.9500 
 1898.0000    23.1300 
 1900.0000    22.3600 
 1902.0000    21.5700 
 1904.0000    20.8200 
 1906.0000    20.1000 
 1908.0000    19.4100 
 1910.0000    18.7300 
 1912.0000    18.0400 
 1914.0000    17.4000 
 1916.0000    16.7650 
 1918.0000    16.1500 
 1920.0000    15.5600 
 1922.0000    14.9800 
 1924.0000    14.4200 
 1926.0000    13.8800 
 1928.0000    13.3100 
 1930.0000    12.7400 
 1932.0000    12.2200 
 1934.0000    11.7500 
 1936.0000    11.3800 
 1938.0000    11.0800 
 1940.0000    10.8400 
 1942.0000    10.7100 
 1944.0000    10.6000 
 1946.0000    10.5200 
 1948.0000    10.5000 
 1950.0000    10.4900 
 1952.0000    10.5500 
 1954.0000    10.6400 
 1956.0000    10.8000 
 1958.0000    11.0700 
 1960.0000    11.4200 
 1962.0000    11.8700 
 1964.0000    12.3000 
 1966.0000    12.6300 
 1968.0000    12.8950 
 1970.0000    13.0500 
 1972.0000    13.1600 
 1974.0000    13.2200 
 1976.0000    13.2300 
 1978.0000    13.3300 
 1980.0000    13.4400 
 1982.0000    13.6300 
 1984.0000    13.8800 
 1986.0000    14.1000 
 1988.0000    14.3500 
 1990.0000    14.5600 
 1992.0000    14.8800 
 1994.0000    15.3800 
 1996.0000    16.0300 
 1998.0000    16.8800 
 2000.0000    17.9500 
 2002.0000    19.1450 
 2004.0000    20.4000 
 2006.0000    21.6400 
 2008.0000    22.7800 
 2010.0000    23.8100 
 2012.0000    24.7000 
 2014.0000    25.5200 
 2016.0000    26.3300 
 2018.0000    27.0600 
 2020.0000    27.6900 
 2022.0000    28.2200 
 2024.0000    28.7400 
 2026.0000    29.2000 
 2028.0000    29.6500 
 2030.0000    30.0900 
 2032.0000    30.4500 
 2034.0000    30.7900 
 2036.0000    31.0750 
 2038.0000    31.3600 
 2040.0000    31.6400 
 2042.0000    31.8650 
 2044.0000    32.1100 
 2046.0000    32.2900 
 2048.0000    32.4000 
 2050.0000    32.5000 
 2052.0000    32.5300 
 2054.0000    32.5400 
 2056.0000    32.4800 
 2058.0000    32.3800 
 2060.0000    32.3100 
 2062.0000    32.2250 
 2064.0000    32.2000 
 2066.0000    32.2000 
 2068.0000    32.2100 
 2070.0000    32.1900 
 2072.0000    32.2100 
 2074.0000    32.2200 
 2076.0000    32.2000 
 2078.0000    32.0900 
 2080.0000    31.9200 
 2082.0000    31.8300 
 2084.0000    31.7300 
 2086.0000    31.6100 
 2088.0000    31.4000 
 2090.0000    31.1900 
 2092.0000    30.9700 
 2094.0000    30.7300 
 2096.0000    30.4900 
 2098.0000    30.2500 
 2100.0000    30.0800 
 2102.0000    29.8300 
 2104.0000    29.5800 
 2106.0000    29.3500 
 2108.0000    29.1100 
 2110.0000    28.8800 
 2112.0000    28.5900 
 2114.0000    28.3450 
 2116.0000    28.1600 
 2118.0000    27.9600 
 2120.0000    27.7600 
 2122.0000    27.5550 
 2124.0000    27.3500 
 2126.0000    27.1800 
 2128.0000    26.9700 
 2130.0000    26.7650 
 2132.0000    26.6000 
 2134.0000    26.4200 
 2136.0000    26.2600 
 2138.0000    26.1100 
 2140.0000    25.9700 
 2142.0000    25.8400 
 2144.0000    25.6900 
 2146.0000    25.5100 
 2148.0000    25.3400 
 2150.0000    25.1600 
 2152.0000    24.9800 
 2154.0000    24.8100 
 2156.0000    24.6500 
 2158.0000    24.4700 
 2160.0000    24.2500 
 2162.0000    24.0900 
 2164.0000    23.9000 
 2166.0000    23.7400 
 2168.0000    23.5300 
 2170.0000    23.3400 
 2172.0000    23.1700 
 2174.0000    22.9500 
 2176.0000    22.8200 
 2178.0000    22.6900 
 2180.0000    22.6200 
 2182.0000    22.5300 
 2184.0000    22.4500 
 2186.0000    22.4200 
 2188.0000    22.3700 
 2190.0000    22.2900 
 2192.0000    22.2000 
 2194.0000    22.1400 
 2196.0000    22.0700 
 2198.0000    21.9400 
 2200.0000    21.7200 
 2202.0000    21.5400 
 2204.0000    21.3300 
 2206.0000    21.1600 
 2208.0000    20.9400 
 2210.0000    20.6800 
 2212.0000    20.4400 
 2214.0000    20.2000 
 2216.0000    19.9800 
 2218.0000    19.8200 
 2220.0000    19.7200 
 2222.0000    19.7900 
 2224.0000    20.0100 
 2226.0000    20.3400 
 2228.0000    20.7100 
 2230.0000    21.0300 
 2232.0000    21.3800 
 2234.0000    21.6800 
 2236.0000    21.9500 
 2238.0000    22.1000 
 2240.0000    22.2100 
 2242.0000    22.3000 
 2244.0000    22.3400 
 2246.0000    22.3600 
 2248.0000    22.3100 
 2250.0000    22.3200 
 2252.0000    22.2900 
 2254.0000    22.2100 
 2256.0000    22.0600 
 2258.0000    21.8700 
 2260.0000    21.6600 
 2262.0000    21.4500 
 2264.0000    21.2700 
 2266.0000    21.1700 
 2268.0000    21.2200 
 2270.0000    21.4100 
 2272.0000    21.7600 
 2274.0000    22.0700 
 2276.0000    22.3500 
 2278.0000    22.6100 
 2280.0000    22.8500 
 2282.0000    23.0500 
 2284.0000    23.2400 
 2286.0000    23.3800 
 2288.0000    23.4700 
 2290.0000    23.5700 
 2292.0000    23.7000 
 2294.0000    23.7600 
 2296.0000    23.7700 
 2298.0000    23.7700 
 2300.0000    23.8100 
 2302.0000    23.8100 
 2304.0000    23.8500 
 2306.0000    23.9100 
 2308.0000    23.9100 
 2310.0000    23.8500 
 2312.0000    23.8100 
 2314.0000    23.7900 
 2316.0000    23.7500 
 2318.0000    23.7200 
 2320.0000    23.6500 
 2322.0000    23.5800 
 2324.0000    23.4900 
 2326.0000    23.4000 
 2328.0000    23.3600 
 2330.0000    23.2500 
 2332.0000    23.1600 
 2334.0000    22.9600 
 2336.0000    22.8200 
 2338.0000    22.6300 
 2340.0000    22.4900 
 2342.0000    22.3600 
 2344.0000    22.1700 
 2346.0000    22.0000 
 2348.0000    21.7700 
 2350.0000    21.5700 
 2352.0000    21.3900 
 2354.0000    21.1800 
 2356.0000    20.9700 
 2358.0000    20.6900 
 2360.0000    20.4300 
 2362.0000    20.1600 
 2364.0000    19.9300 
 2366.0000    19.6600 
 2368.0000    19.3800 
 2370.0000    19.0400 
 2372.0000    18.6800 
 2374.0000    18.3700 
 2376.0000    18.0000 
 2378.0000    17.6400 
 2380.0000    17.2700 
 2382.0000    16.9400 
 2384.0000    16.5200 
 2386.0000    16.0650 
 2388.0000    15.6900 
 2390.0000    15.3100 
 2392.0000    14.9400 
 2394.0000    14.4900 
 2396.0000    14.1200 
 2398.0000    13.6200 
 2400.0000    13.1500 
 2402.0000    12.6900 
 2404.0000    12.3700 
 2406.0000    12.0300 
 2408.0000    11.7300 
 2410.0000    11.3500 
 2412.0000    11.0200 
 2414.0000    10.8000 
 2416.0000    10.6000 
 2418.0000    10.4200 
 2420.0000    10.2700 
 2422.0000    10.1200 
 2424.0000    10.0000 
 2426.0000     9.9200 
 2428.0000     9.8100 
 2430.0000     9.6900 
 2432.0000     9.5400 
 2434.0000     9.4500 
 2436.0000     9.3300 
 2438.0000     9.2900 
 2440.0000     9.2800 
 2442.0000     9.2100 
 2444.0000     9.1300 
 2446.0000     9.0500 
 2448.0000     9.0400 
 2450.0000     9.0200 
 2452.0000     8.9550 
 2454.0000     8.8200 
 2456.0000     8.6900 
 2458.0000     8.5150 
 2460.0000     8.4100 
 2462.0000     8.3300 
 2464.0000     8.2900 
 2466.0000     8.2600 
 2468.0000     8.1200 
 2470.0000     8.0200 
 2472.0000     7.9700 
 2474.0000     7.9700 
 2476.0000     7.9000 
 2478.0000     7.8200 
 2480.0000     7.7800 
 2482.0000     7.8000 
 2484.0000     7.8800 
 2486.0000     7.9800 
 2488.0000     7.9300 
 2490.0000     7.8800 
 2492.0000     7.8800 
 2494.0000     7.9700 
 2496.0000     8.0000 
 2498.0000     7.9700 
 2500.0000     8.0700 
