 1300.0000    68.3600 
 1302.0000    68.0300 
 1304.0000    67.8650 
 1306.0000    67.9500 
 1308.0000    67.9200 
 1310.0000    67.7200 
 1312.0000    67.5500 
 1314.0000    67.3400 
 1316.0000    67.0700 
 1318.0000    66.8400 
 1320.0000    66.4800 
 1322.0000    66.0300 
 1324.0000    65.6900 
 1326.0000    65.3300 
 1328.0000    64.9300 
 1330.0000    64.4700 
 1332.0000    63.9700 
 1334.0000    63.5200 
 1336.0000    63.1400 
 1338.0000    62.7200 
 1340.0000    62.2500 
 1342.0000    61.6900 
 1344.0000    61.1600 
 1346.0000    60.6200 
 1348.0000    60.1100 
 1350.0000    59.6800 
 1352.0000    59.2600 
 1354.0000    58.8500 
 1356.0000    58.4400 
 1358.0000    58.0950 
 1360.0000    57.7400 
 1362.0000    57.4150 
 1364.0000    57.1300 
 1366.0000    56.8200 
 1368.0000    56.4900 
 1370.0000    56.1800 
 1372.0000    55.9050 
 1374.0000    55.6550 
 1376.0000    55.4700 
 1378.0000    55.2950 
 1380.0000    55.1150 
 1382.0000    54.9700 
 1384.0000    54.8300 
 1386.0000    54.6700 
 1388.0000    54.4800 
 1390.0000    54.2600 
 1392.0000    53.9800 
 1394.0000    53.5900 
 1396.0000    53.1050 
 1398.0000    52.5650 
 1400.0000    51.9700 
 1402.0000    51.3300 
 1404.0000    50.6250 
 1406.0000    49.8500 
 1408.0000    49.0100 
 1410.0000    48.1400 
 1412.0000    47.2300 
 1414.0000    46.3100 
 1416.0000    45.3500 
 1418.0000    44.3600 
 1420.0000    43.3600 
 1422.0000    42.3800 
 1424.0000    41.4700 
 1426.0000    40.6600 
 1428.0000    39.9300 
 1430.0000    39.2650 
 1432.0000    38.5800 
 1434.0000    37.7800 
 1436.0000    36.8400 
 1438.0000    35.7200 
 1440.0000    34.4900 
 1442.0000    33.2200 
 1444.0000    31.9900 
 1446.0000    30.9100 
 1448.0000    30.1600 
 1450.0000    29.7900 
 1452.0000    29.8600 
 1454.0000    30.3100 
 1456.0000    31.0300 
 1458.0000    31.8650 
 1460.0000    32.7100 
 1462.0000    33.4600 
 1464.0000    34.0750 
 1466.0000    34.5700 
 1468.0000    34.9500 
 1470.0000    35.2600 
 1472.0000    35.5100 
 1474.0000    35.7300 
 1476.0000    35.9400 
 1478.0000    36.1300 
 1480.0000    36.2900 
 1482.0000    36.4000 
 1484.0000    36.4400 
 1486.0000    36.3900 
 1488.0000    36.1750 
 1490.0000    35.8900 
 1492.0000    35.5500 
 1494.0000    35.2300 
 1496.0000    35.0600 
 1498.0000    35.1000 
 1500.0000    35.3850 
 1502.0000    35.9250 
 1504.0000    36.6400 
 1506.0000    37.4150 
 1508.0000    38.2000 
 1510.0000    38.9050 
 1512.0000    39.5100 
 1514.0000    39.9650 
 1516.0000    40.3200 
 1518.0000    40.5800 
 1520.0000    40.7700 
 1522.0000    40.8700 
 1524.0000    40.9000 
 1526.0000    40.8450 
 1528.0000    40.7700 
 1530.0000    40.6100 
 1532.0000    40.3900 
 1534.0000    40.1400 
 1536.0000    39.8750 
 1538.0000    39.7100 
 1540.0000    39.6500 
 1542.0000    39.7300 
 1544.0000    39.9800 
 1546.0000    40.3900 
 1548.0000    40.9700 
 1550.0000    41.6400 
 1552.0000    42.3700 
 1554.0000    43.1200 
 1556.0000    43.8600 
 1558.0000    44.5900 
 1560.0000    45.3000 
 1562.0000    45.9400 
 1564.0000    46.5300 
 1566.0000    47.0800 
 1568.0000    47.6200 
 1570.0000    48.1400 
 1572.0000    48.6200 
 1574.0000    49.0700 
 1576.0000    49.4600 
 1578.0000    49.8200 
 1580.0000    50.1800 
 1582.0000    50.5400 
 1584.0000    50.9100 
 1586.0000    51.3000 
 1588.0000    51.6800 
 1590.0000    52.0600 
 1592.0000    52.4400 
 1594.0000    52.8400 
 1596.0000    53.2400 
 1598.0000    53.6500 
 1600.0000    54.0500 
 1602.0000    54.4700 
 1604.0000    54.9000 
 1606.0000    55.3200 
 1608.0000    55.7000 
 1610.0000    56.0400 
 1612.0000    56.3500 
 1614.0000    56.6700 
 1616.0000    56.9700 
 1618.0000    57.2600 
 1620.0000    57.5400 
 1622.0000    57.8100 
 1624.0000    58.0700 
 1626.0000    58.3000 
 1628.0000    58.5800 
 1630.0000    58.8400 
 1632.0000    59.1600 
 1634.0000    59.4600 
 1636.0000    59.7200 
 1638.0000    59.9900 
 1640.0000    60.2300 
 1642.0000    60.4300 
 1644.0000    60.6000 
 1646.0000    60.7800 
 1648.0000    60.9600 
 1650.0000    61.1300 
 1652.0000    61.2900 
 1654.0000    61.4000 
 1656.0000    61.5200 
 1658.0000    61.6500 
 1660.0000    61.7400 
 1662.0000    61.8100 
 1664.0000    61.8300 
 1666.0000    61.8400 
 1668.0000    61.8300 
 1670.0000    61.8500 
 1672.0000    61.8200 
 1674.0000    61.7250 
 1676.0000    61.6000 
 1678.0000    61.5000 
 1680.0000    61.4100 
 1682.0000    61.3100 
 1684.0000    61.1500 
 1686.0000    60.9600 
 1688.0000    60.7700 
 1690.0000    60.5400 
 1692.0000    60.2700 
 1694.0000    59.9900 
 1696.0000    59.6300 
 1698.0000    59.2600 
 1700.0000    58.8100 
 1702.0000    58.2900 
 1704.0000    57.7200 
 1706.0000    57.0700 
 1708.0000    56.4300 
 1710.0000    55.7400 
 1712.0000    55.0400 
 1714.0000    54.2700 
 1716.0000    53.4400 
 1718.0000    52.5400 
 1720.0000    51.6700 
 1722.0000    50.7900 
 1724.0000    49.8800 
 1726.0000    48.9600 
 1728.0000    48.0300 
 1730.0000    47.1300 
 1732.0000    46.2700 
 1734.0000    45.4000 
 1736.0000    44.5200 
 1738.0000    43.6800 
 1740.0000    42.8900 
 1742.0000    42.1600 
 1744.0000    41.4700 
 1746.0000    40.8400 
 1748.0000    40.3200 
 1750.0000    39.9300 
 1752.0000    39.7100 
 1754.0000    39.6100 
 1756.0000    39.6500 
 1758.0000    39.8600 
 1760.0000    40.1900 
 1762.0000    40.5500 
 1764.0000    40.9200 
 1766.0000    41.2900 
 1768.0000    41.6000 
 1770.0000    41.8400 
 1772.0000    42.0300 
 1774.0000    42.1600 
 1776.0000    42.2900 
 1778.0000    42.4000 
 1780.0000    42.5500 
 1782.0000    42.8000 
 1784.0000    43.1600 
 1786.0000    43.5800 
 1788.0000    44.0500 
 1790.0000    44.5900 
 1792.0000    45.1600 
 1794.0000    45.7700 
 1796.0000    46.3600 
 1798.0000    46.9000 
 1800.0000    47.3800 
 1802.0000    47.7700 
 1804.0000    48.1100 
 1806.0000    48.4400 
 1808.0000    48.7200 
 1810.0000    48.9500 
 1812.0000    49.1700 
 1814.0000    49.3600 
 1816.0000    49.5300 
 1818.0000    49.6900 
 1820.0000    49.8100 
 1822.0000    49.8900 
 1824.0000    49.9700 
 1826.0000    50.0150 
 1828.0000    50.0400 
 1830.0000    50.0400 
 1832.0000    49.9500 
 1834.0000    49.8100 
 1836.0000    49.6800 
 1838.0000    49.5500 
 1840.0000    49.3800 
 1842.0000    49.1400 
 1844.0000    48.8500 
 1846.0000    48.5000 
 1848.0000    48.0800 
 1850.0000    47.5800 
 1852.0000    47.0000 
 1854.0000    46.3500 
 1856.0000    45.6200 
 1858.0000    44.8000 
 1860.0000    43.9100 
 1862.0000    42.9800 
 1864.0000    42.0200 
 1866.0000    41.0200 
 1868.0000    39.9200 
 1870.0000    38.7900 
 1872.0000    37.6500 
 1874.0000    36.5000 
 1876.0000    35.4000 
 1878.0000    34.2900 
 1880.0000    33.1900 
 1882.0000    32.1200 
 1884.0000    31.0600 
 1886.0000    30.0500 
 1888.0000    29.0450 
 1890.0000    28.0800 
 1892.0000    27.1700 
 1894.0000    26.2700 
 1896.0000    25.4200 
 1898.0000    24.5800 
 1900.0000    23.7300 
 1902.0000    22.9400 
 1904.0000    22.1300 
 1906.0000    21.3400 
 1908.0000    20.6200 
 1910.0000    19.9000 
 1912.0000    19.2200 
 1914.0000    18.5200 
 1916.0000    17.8100 
 1918.0000    17.1700 
 1920.0000    16.5500 
 1922.0000    15.9500 
 1924.0000    15.3300 
 1926.0000    14.7000 
 1928.0000    14.0600 
 1930.0000    13.4700 
 1932.0000    12.8950 
 1934.0000    12.4100 
 1936.0000    11.9800 
 1938.0000    11.6100 
 1940.0000    11.3200 
 1942.0000    11.1100 
 1944.0000    10.9900 
 1946.0000    10.9100 
 1948.0000    10.9000 
 1950.0000    10.9300 
 1952.0000    11.0000 
 1954.0000    11.1000 
 1956.0000    11.3100 
 1958.0000    11.6400 
 1960.0000    12.0500 
 1962.0000    12.5100 
 1964.0000    12.9700 
 1966.0000    13.3900 
 1968.0000    13.7000 
 1970.0000    13.8650 
 1972.0000    13.9700 
 1974.0000    14.0100 
 1976.0000    14.0500 
 1978.0000    14.1700 
 1980.0000    14.3200 
 1982.0000    14.5300 
 1984.0000    14.7450 
 1986.0000    14.9900 
 1988.0000    15.2300 
 1990.0000    15.5100 
 1992.0000    15.8850 
 1994.0000    16.3800 
 1996.0000    17.0800 
 1998.0000    17.9500 
 2000.0000    19.0550 
 2002.0000    20.3000 
 2004.0000    21.5800 
 2006.0000    22.8400 
 2008.0000    24.0400 
 2010.0000    25.1300 
 2012.0000    26.1300 
 2014.0000    27.0350 
 2016.0000    27.8400 
 2018.0000    28.5800 
 2020.0000    29.2600 
 2022.0000    29.8300 
 2024.0000    30.3500 
 2026.0000    30.8200 
 2028.0000    31.2550 
 2030.0000    31.7100 
 2032.0000    32.0900 
 2034.0000    32.4500 
 2036.0000    32.8000 
 2038.0000    33.1050 
 2040.0000    33.3700 
 2042.0000    33.5800 
 2044.0000    33.7400 
 2046.0000    33.9200 
 2048.0000    34.0750 
 2050.0000    34.1900 
 2052.0000    34.2800 
 2054.0000    34.2600 
 2056.0000    34.2100 
 2058.0000    34.1200 
 2060.0000    34.0200 
 2062.0000    33.9700 
 2064.0000    33.9300 
 2066.0000    33.8900 
 2068.0000    33.8700 
 2070.0000    33.8900 
 2072.0000    33.9300 
 2074.0000    33.9300 
 2076.0000    33.8400 
 2078.0000    33.7500 
 2080.0000    33.6800 
 2082.0000    33.5900 
 2084.0000    33.4500 
 2086.0000    33.2300 
 2088.0000    33.0150 
 2090.0000    32.7900 
 2092.0000    32.6100 
 2094.0000    32.4300 
 2096.0000    32.1800 
 2098.0000    31.9550 
 2100.0000    31.6600 
 2102.0000    31.4300 
 2104.0000    31.2000 
 2106.0000    31.0000 
 2108.0000    30.8000 
 2110.0000    30.5400 
 2112.0000    30.2800 
 2114.0000    30.0100 
 2116.0000    29.7900 
 2118.0000    29.6200 
 2120.0000    29.4050 
 2122.0000    29.1800 
 2124.0000    28.9500 
 2126.0000    28.7400 
 2128.0000    28.5800 
 2130.0000    28.4000 
 2132.0000    28.2100 
 2134.0000    28.0900 
 2136.0000    27.9400 
 2138.0000    27.8200 
 2140.0000    27.6700 
 2142.0000    27.4800 
 2144.0000    27.3300 
 2146.0000    27.1400 
 2148.0000    26.9800 
 2150.0000    26.7900 
 2152.0000    26.5850 
 2154.0000    26.3700 
 2156.0000    26.1500 
 2158.0000    25.9700 
 2160.0000    25.7600 
 2162.0000    25.6000 
 2164.0000    25.4000 
 2166.0000    25.2200 
 2168.0000    25.0600 
 2170.0000    24.8900 
 2172.0000    24.7200 
 2174.0000    24.5100 
 2176.0000    24.3300 
 2178.0000    24.2100 
 2180.0000    24.1100 
 2182.0000    24.0100 
 2184.0000    23.9300 
 2186.0000    23.9100 
 2188.0000    23.8900 
 2190.0000    23.8300 
 2192.0000    23.7100 
 2194.0000    23.5800 
 2196.0000    23.4600 
 2198.0000    23.3200 
 2200.0000    23.1900 
 2202.0000    23.0000 
 2204.0000    22.8100 
 2206.0000    22.6100 
 2208.0000    22.3400 
 2210.0000    22.0700 
 2212.0000    21.8000 
 2214.0000    21.5700 
 2216.0000    21.3700 
 2218.0000    21.2000 
 2220.0000    21.1300 
 2222.0000    21.1400 
 2224.0000    21.3900 
 2226.0000    21.7600 
 2228.0000    22.1500 
 2230.0000    22.5500 
 2232.0000    22.8800 
 2234.0000    23.1900 
 2236.0000    23.3800 
 2238.0000    23.5800 
 2240.0000    23.7400 
 2242.0000    23.8300 
 2244.0000    23.8500 
 2246.0000    23.8200 
 2248.0000    23.8700 
 2250.0000    23.8400 
 2252.0000    23.8200 
 2254.0000    23.6900 
 2256.0000    23.5100 
 2258.0000    23.3100 
 2260.0000    23.1300 
 2262.0000    22.9700 
 2264.0000    22.8300 
 2266.0000    22.7200 
 2268.0000    22.7600 
 2270.0000    22.9200 
 2272.0000    23.2000 
 2274.0000    23.5400 
 2276.0000    23.8700 
 2278.0000    24.1700 
 2280.0000    24.4200 
 2282.0000    24.6200 
 2284.0000    24.8100 
 2286.0000    24.9600 
 2288.0000    25.0800 
 2290.0000    25.1500 
 2292.0000    25.1700 
 2294.0000    25.2100 
 2296.0000    25.2700 
 2298.0000    25.3400 
 2300.0000    25.4000 
 2302.0000    25.4300 
 2304.0000    25.4200 
 2306.0000    25.4200 
 2308.0000    25.3900 
 2310.0000    25.3800 
 2312.0000    25.3500 
 2314.0000    25.3000 
 2316.0000    25.2800 
 2318.0000    25.3000 
 2320.0000    25.2800 
 2322.0000    25.1600 
 2324.0000    25.0300 
 2326.0000    24.9300 
 2328.0000    24.8600 
 2330.0000    24.7700 
 2332.0000    24.6300 
 2334.0000    24.5200 
 2336.0000    24.3500 
 2338.0000    24.1900 
 2340.0000    23.9500 
 2342.0000    23.7500 
 2344.0000    23.5800 
 2346.0000    23.4400 
 2348.0000    23.3000 
 2350.0000    23.0700 
 2352.0000    22.8200 
 2354.0000    22.5200 
 2356.0000    22.3200 
 2358.0000    22.1200 
 2360.0000    21.8800 
 2362.0000    21.5700 
 2364.0000    21.2700 
 2366.0000    20.9800 
 2368.0000    20.7300 
 2370.0000    20.4200 
 2372.0000    20.1000 
 2374.0000    19.6750 
 2376.0000    19.3200 
 2378.0000    18.9500 
 2380.0000    18.5700 
 2382.0000    18.1400 
 2384.0000    17.6800 
 2386.0000    17.2500 
 2388.0000    16.8800 
 2390.0000    16.4900 
 2392.0000    16.0100 
 2394.0000    15.5800 
 2396.0000    15.1700 
 2398.0000    14.7300 
 2400.0000    14.1800 
 2402.0000    13.6300 
 2404.0000    13.2450 
 2406.0000    12.9200 
 2408.0000    12.6300 
 2410.0000    12.3300 
 2412.0000    11.9900 
 2414.0000    11.6700 
 2416.0000    11.4000 
 2418.0000    11.1900 
 2420.0000    11.0800 
 2422.0000    10.9700 
 2424.0000    10.8600 
 2426.0000    10.6900 
 2428.0000    10.5200 
 2430.0000    10.4000 
 2432.0000    10.2800 
 2434.0000    10.1850 
 2436.0000    10.1200 
 2438.0000    10.1000 
 2440.0000    10.0400 
 2442.0000     9.9800 
 2444.0000     9.9300 
 2446.0000     9.8600 
 2448.0000     9.7450 
 2450.0000     9.6600 
 2452.0000     9.6500 
 2454.0000     9.5900 
 2456.0000     9.3900 
 2458.0000     9.2500 
 2460.0000     9.2500 
 2462.0000     9.2300 
 2464.0000     8.9900 
 2466.0000     8.8300 
 2468.0000     8.7900 
 2470.0000     8.7800 
 2472.0000     8.6450 
 2474.0000     8.6800 
 2476.0000     8.7000 
 2478.0000     8.5700 
 2480.0000     8.4200 
 2482.0000     8.5300 
 2484.0000     8.6300 
 2486.0000     8.6300 
 2488.0000     8.4800 
 2490.0000     8.5100 
 2492.0000     8.6100 
 2494.0000     8.6450 
 2496.0000     8.6700 
 2498.0000     8.6900 
 2500.0000     8.7350 
