 1300.0000    71.1100 
 1302.0000    70.9900 
 1304.0000    71.2000 
 1306.0000    71.1100 
 1308.0000    70.7500 
 1310.0000    70.7750 
 1312.0000    70.9100 
 1314.0000    70.8500 
 1316.0000    70.7750 
 1318.0000    70.7000 
 1320.0000    70.5000 
 1322.0000    70.4300 
 1324.0000    70.3450 
 1326.0000    70.3450 
 1328.0000    70.3200 
 1330.0000    70.2500 
 1332.0000    70.2100 
 1334.0000    70.0700 
 1336.0000    69.9700 
 1338.0000    69.8600 
 1340.0000    69.7200 
 1342.0000    69.6300 
 1344.0000    69.6600 
 1346.0000    69.7500 
 1348.0000    69.8700 
 1350.0000    69.9700 
 1352.0000    70.0100 
 1354.0000    70.0200 
 1356.0000    70.0300 
 1358.0000    70.0700 
 1360.0000    70.1400 
 1362.0000    70.1900 
 1364.0000    70.2200 
 1366.0000    70.2100 
 1368.0000    70.1300 
 1370.0000    70.0700 
 1372.0000    70.0400 
 1374.0000    70.0200 
 1376.0000    70.0300 
 1378.0000    70.0300 
 1380.0000    69.9100 
 1382.0000    69.8800 
 1384.0000    69.8200 
 1386.0000    69.7500 
 1388.0000    69.6300 
 1390.0000    69.4900 
 1392.0000    69.3000 
 1394.0000    69.1000 
 1396.0000    68.7900 
 1398.0000    68.3900 
 1400.0000    67.9100 
 1402.0000    67.3900 
 1404.0000    66.9300 
 1406.0000    66.5750 
 1408.0000    66.3000 
 1410.0000    66.0350 
 1412.0000    65.7200 
 1414.0000    65.2400 
 1416.0000    64.6700 
 1418.0000    63.9900 
 1420.0000    63.2600 
 1422.0000    62.5100 
 1424.0000    61.7500 
 1426.0000    60.9900 
 1428.0000    60.2000 
 1430.0000    59.3550 
 1432.0000    58.5000 
 1434.0000    57.5300 
 1436.0000    56.4450 
 1438.0000    55.1300 
 1440.0000    53.6200 
 1442.0000    52.1300 
 1444.0000    51.0000 
 1446.0000    50.5500 
 1448.0000    50.9100 
 1450.0000    51.9800 
 1452.0000    53.4900 
 1454.0000    55.0900 
 1456.0000    56.5700 
 1458.0000    57.8300 
 1460.0000    58.8900 
 1462.0000    59.7600 
 1464.0000    60.4900 
 1466.0000    61.0600 
 1468.0000    61.5450 
 1470.0000    61.8900 
 1472.0000    62.1900 
 1474.0000    62.4200 
 1476.0000    62.5800 
 1478.0000    62.6900 
 1480.0000    62.7800 
 1482.0000    62.8400 
 1484.0000    62.9200 
 1486.0000    62.9900 
 1488.0000    63.0300 
 1490.0000    63.0300 
 1492.0000    63.0200 
 1494.0000    63.0100 
 1496.0000    62.9900 
 1498.0000    62.9300 
 1500.0000    62.9000 
 1502.0000    62.8500 
 1504.0000    62.8000 
 1506.0000    62.7650 
 1508.0000    62.7300 
 1510.0000    62.6700 
 1512.0000    62.6200 
 1514.0000    62.5400 
 1516.0000    62.4300 
 1518.0000    62.3350 
 1520.0000    62.2500 
 1522.0000    62.2000 
 1524.0000    62.2500 
 1526.0000    62.4000 
 1528.0000    62.6300 
 1530.0000    62.9450 
 1532.0000    63.2800 
 1534.0000    63.6100 
 1536.0000    63.9150 
 1538.0000    64.1500 
 1540.0000    64.3400 
 1542.0000    64.5250 
 1544.0000    64.7000 
 1546.0000    64.8500 
 1548.0000    64.9800 
 1550.0000    65.0600 
 1552.0000    65.1100 
 1554.0000    65.1400 
 1556.0000    65.1900 
 1558.0000    65.2300 
 1560.0000    65.2900 
 1562.0000    65.2700 
 1564.0000    65.2400 
 1566.0000    65.2200 
 1568.0000    65.2200 
 1570.0000    65.2100 
 1572.0000    65.1900 
 1574.0000    65.1200 
 1576.0000    65.0650 
 1578.0000    65.0100 
 1580.0000    64.9400 
 1582.0000    64.8700 
 1584.0000    64.7700 
 1586.0000    64.6600 
 1588.0000    64.5400 
 1590.0000    64.4200 
 1592.0000    64.3100 
 1594.0000    64.2300 
 1596.0000    64.1100 
 1598.0000    63.9700 
 1600.0000    63.8100 
 1602.0000    63.6650 
 1604.0000    63.5700 
 1606.0000    63.4500 
 1608.0000    63.3050 
 1610.0000    63.1200 
 1612.0000    62.9450 
 1614.0000    62.8200 
 1616.0000    62.6950 
 1618.0000    62.5700 
 1620.0000    62.4200 
 1622.0000    62.2500 
 1624.0000    62.0700 
 1626.0000    61.9050 
 1628.0000    61.7500 
 1630.0000    61.5800 
 1632.0000    61.4200 
 1634.0000    61.2100 
 1636.0000    61.0300 
 1638.0000    60.8600 
 1640.0000    60.7000 
 1642.0000    60.5500 
 1644.0000    60.3800 
 1646.0000    60.2100 
 1648.0000    60.0700 
 1650.0000    59.9300 
 1652.0000    59.8000 
 1654.0000    59.6600 
 1656.0000    59.5000 
 1658.0000    59.3500 
 1660.0000    59.1600 
 1662.0000    58.9950 
 1664.0000    58.8900 
 1666.0000    58.7200 
 1668.0000    58.5400 
 1670.0000    58.3800 
 1672.0000    58.2300 
 1674.0000    58.1400 
 1676.0000    58.0250 
 1678.0000    57.8800 
 1680.0000    57.7300 
 1682.0000    57.5800 
 1684.0000    57.4150 
 1686.0000    57.2700 
 1688.0000    57.1400 
 1690.0000    56.9600 
 1692.0000    56.7900 
 1694.0000    56.6100 
 1696.0000    56.3900 
 1698.0000    56.1700 
 1700.0000    55.9700 
 1702.0000    55.7900 
 1704.0000    55.6000 
 1706.0000    55.4200 
 1708.0000    55.2200 
 1710.0000    55.0500 
 1712.0000    54.8900 
 1714.0000    54.7200 
 1716.0000    54.5600 
 1718.0000    54.4200 
 1720.0000    54.3200 
 1722.0000    54.2000 
 1724.0000    54.1000 
 1726.0000    54.0500 
 1728.0000    54.0000 
 1730.0000    53.9400 
 1732.0000    53.8800 
 1734.0000    53.8000 
 1736.0000    53.7400 
 1738.0000    53.6900 
 1740.0000    53.6400 
 1742.0000    53.5500 
 1744.0000    53.4200 
 1746.0000    53.3300 
 1748.0000    53.2300 
 1750.0000    53.1600 
 1752.0000    53.1400 
 1754.0000    53.0700 
 1756.0000    53.0300 
 1758.0000    52.9700 
 1760.0000    52.9200 
 1762.0000    52.8800 
 1764.0000    52.8100 
 1766.0000    52.7800 
 1768.0000    52.7300 
 1770.0000    52.6900 
 1772.0000    52.6300 
 1774.0000    52.5900 
 1776.0000    52.5600 
 1778.0000    52.5500 
 1780.0000    52.5100 
 1782.0000    52.4700 
 1784.0000    52.4500 
 1786.0000    52.4400 
 1788.0000    52.4100 
 1790.0000    52.3850 
 1792.0000    52.3500 
 1794.0000    52.3150 
 1796.0000    52.3100 
 1798.0000    52.2800 
 1800.0000    52.2800 
 1802.0000    52.2700 
 1804.0000    52.2400 
 1806.0000    52.2300 
 1808.0000    52.2050 
 1810.0000    52.2000 
 1812.0000    52.2300 
 1814.0000    52.2050 
 1816.0000    52.2000 
 1818.0000    52.2200 
 1820.0000    52.2600 
 1822.0000    52.2800 
 1824.0000    52.2600 
 1826.0000    52.2050 
 1828.0000    52.1900 
 1830.0000    52.2300 
 1832.0000    52.2600 
 1834.0000    52.2700 
 1836.0000    52.2400 
 1838.0000    52.2200 
 1840.0000    52.2200 
 1842.0000    52.1800 
 1844.0000    52.1500 
 1846.0000    52.0800 
 1848.0000    51.9800 
 1850.0000    51.8800 
 1852.0000    51.7900 
 1854.0000    51.6800 
 1856.0000    51.5500 
 1858.0000    51.3800 
 1860.0000    51.1900 
 1862.0000    51.0200 
 1864.0000    50.8000 
 1866.0000    50.5400 
 1868.0000    50.2400 
 1870.0000    49.9800 
 1872.0000    49.7400 
 1874.0000    49.4900 
 1876.0000    49.2200 
 1878.0000    48.9200 
 1880.0000    48.5700 
 1882.0000    48.1000 
 1884.0000    47.5500 
 1886.0000    46.9300 
 1888.0000    46.1500 
 1890.0000    45.2300 
 1892.0000    44.0300 
 1894.0000    42.5900 
 1896.0000    40.8450 
 1898.0000    38.8400 
 1900.0000    36.6700 
 1902.0000    34.4500 
 1904.0000    32.2900 
 1906.0000    30.2500 
 1908.0000    28.3600 
 1910.0000    26.7500 
 1912.0000    25.6150 
 1914.0000    25.2200 
 1916.0000    25.7400 
 1918.0000    27.0600 
 1920.0000    28.9500 
 1922.0000    31.1000 
 1924.0000    33.1600 
 1926.0000    34.9900 
 1928.0000    36.5500 
 1930.0000    37.9600 
 1932.0000    39.2100 
 1934.0000    40.2900 
 1936.0000    41.1600 
 1938.0000    41.8600 
 1940.0000    42.5000 
 1942.0000    43.0800 
 1944.0000    43.6000 
 1946.0000    44.0400 
 1948.0000    44.3600 
 1950.0000    44.6100 
 1952.0000    44.8100 
 1954.0000    44.9200 
 1956.0000    45.0200 
 1958.0000    45.1300 
 1960.0000    45.2600 
 1962.0000    45.3600 
 1964.0000    45.3700 
 1966.0000    45.3600 
 1968.0000    45.3700 
 1970.0000    45.4100 
 1972.0000    45.4500 
 1974.0000    45.4200 
 1976.0000    45.3600 
 1978.0000    45.2900 
 1980.0000    45.2600 
 1982.0000    45.2700 
 1984.0000    45.2600 
 1986.0000    45.2200 
 1988.0000    45.1600 
 1990.0000    45.1300 
 1992.0000    45.1100 
 1994.0000    45.0900 
 1996.0000    45.0700 
 1998.0000    45.0800 
 2000.0000    45.1100 
 2002.0000    45.1200 
 2004.0000    45.1300 
 2006.0000    45.1700 
 2008.0000    45.2100 
 2010.0000    45.2500 
 2012.0000    45.2700 
 2014.0000    45.3200 
 2016.0000    45.3800 
 2018.0000    45.4300 
 2020.0000    45.4500 
 2022.0000    45.4700 
 2024.0000    45.4800 
 2026.0000    45.5200 
 2028.0000    45.5300 
 2030.0000    45.5700 
 2032.0000    45.6300 
 2034.0000    45.6300 
 2036.0000    45.5800 
 2038.0000    45.5300 
 2040.0000    45.5100 
 2042.0000    45.5300 
 2044.0000    45.5600 
 2046.0000    45.5400 
 2048.0000    45.5200 
 2050.0000    45.4900 
 2052.0000    45.4800 
 2054.0000    45.5100 
 2056.0000    45.5400 
 2058.0000    45.4900 
 2060.0000    45.4500 
 2062.0000    45.4200 
 2064.0000    45.4600 
 2066.0000    45.5400 
 2068.0000    45.6000 
 2070.0000    45.6300 
 2072.0000    45.6500 
 2074.0000    45.6900 
 2076.0000    45.7100 
 2078.0000    45.7500 
 2080.0000    45.8000 
 2082.0000    45.8700 
 2084.0000    45.9100 
 2086.0000    45.9100 
 2088.0000    45.8900 
 2090.0000    45.8700 
 2092.0000    45.8400 
 2094.0000    45.7700 
 2096.0000    45.6800 
 2098.0000    45.5900 
 2100.0000    45.4700 
 2102.0000    45.3300 
 2104.0000    45.1800 
 2106.0000    45.0000 
 2108.0000    44.8700 
 2110.0000    44.7400 
 2112.0000    44.5900 
 2114.0000    44.4000 
 2116.0000    44.1800 
 2118.0000    44.0400 
 2120.0000    43.9000 
 2122.0000    43.7500 
 2124.0000    43.5900 
 2126.0000    43.4800 
 2128.0000    43.3800 
 2130.0000    43.2900 
 2132.0000    43.1800 
 2134.0000    43.0700 
 2136.0000    43.0200 
 2138.0000    42.9200 
 2140.0000    42.8400 
 2142.0000    42.8000 
 2144.0000    42.7900 
 2146.0000    42.8500 
 2148.0000    42.9500 
 2150.0000    43.0900 
 2152.0000    43.2800 
 2154.0000    43.3900 
 2156.0000    43.4700 
 2158.0000    43.5600 
 2160.0000    43.6300 
 2162.0000    43.7400 
 2164.0000    43.8300 
 2166.0000    43.9400 
 2168.0000    44.0800 
 2170.0000    44.2100 
 2172.0000    44.3200 
 2174.0000    44.4200 
 2176.0000    44.5100 
 2178.0000    44.6300 
 2180.0000    44.6900 
 2182.0000    44.7300 
 2184.0000    44.7700 
 2186.0000    44.7900 
 2188.0000    44.8000 
 2190.0000    44.8100 
 2192.0000    44.8100 
 2194.0000    44.8700 
 2196.0000    44.9800 
 2198.0000    45.0700 
 2200.0000    45.1400 
 2202.0000    45.1400 
 2204.0000    45.2100 
 2206.0000    45.3400 
 2208.0000    45.4800 
 2210.0000    45.6300 
 2212.0000    45.7900 
 2214.0000    45.9300 
 2216.0000    46.0000 
 2218.0000    46.0600 
 2220.0000    46.1900 
 2222.0000    46.3500 
 2224.0000    46.5100 
 2226.0000    46.5700 
 2228.0000    46.6200 
 2230.0000    46.7300 
 2232.0000    46.8200 
 2234.0000    46.8700 
 2236.0000    46.8800 
 2238.0000    46.9600 
 2240.0000    47.0900 
 2242.0000    47.2000 
 2244.0000    47.2200 
 2246.0000    47.2600 
 2248.0000    47.3400 
 2250.0000    47.3300 
 2252.0000    47.2900 
 2254.0000    47.2900 
 2256.0000    47.3900 
 2258.0000    47.3800 
 2260.0000    47.3600 
 2262.0000    47.3700 
 2264.0000    47.4000 
 2266.0000    47.4200 
 2268.0000    47.3000 
 2270.0000    47.2200 
 2272.0000    47.1200 
 2274.0000    47.1100 
 2276.0000    47.1200 
 2278.0000    47.0800 
 2280.0000    46.9900 
 2282.0000    46.8800 
 2284.0000    46.8200 
 2286.0000    46.6900 
 2288.0000    46.4900 
 2290.0000    46.2800 
 2292.0000    46.0200 
 2294.0000    45.8100 
 2296.0000    45.5200 
 2298.0000    45.2600 
 2300.0000    45.1100 
 2302.0000    45.0000 
 2304.0000    44.9300 
 2306.0000    44.9500 
 2308.0000    45.0300 
 2310.0000    45.1800 
 2312.0000    45.3700 
 2314.0000    45.5200 
 2316.0000    45.6400 
 2318.0000    45.7100 
 2320.0000    45.7500 
 2322.0000    45.7600 
 2324.0000    45.7200 
 2326.0000    45.6300 
 2328.0000    45.5900 
 2330.0000    45.5700 
 2332.0000    45.4500 
 2334.0000    45.3100 
 2336.0000    45.1500 
 2338.0000    44.9700 
 2340.0000    44.7500 
 2342.0000    44.5400 
 2344.0000    44.2400 
 2346.0000    43.8100 
 2348.0000    43.3500 
 2350.0000    42.8900 
 2352.0000    42.3100 
 2354.0000    41.6200 
 2356.0000    40.8900 
 2358.0000    40.0200 
 2360.0000    39.0800 
 2362.0000    38.0500 
 2364.0000    37.0200 
 2366.0000    35.9800 
 2368.0000    34.9000 
 2370.0000    33.7100 
 2372.0000    32.4800 
 2374.0000    31.3000 
 2376.0000    30.2600 
 2378.0000    29.3150 
 2380.0000    28.5100 
 2382.0000    27.8100 
 2384.0000    27.2100 
 2386.0000    26.6500 
 2388.0000    26.1100 
 2390.0000    25.7200 
 2392.0000    25.4400 
 2394.0000    25.2000 
 2396.0000    24.9800 
 2398.0000    24.8000 
 2400.0000    24.7600 
 2402.0000    24.7500 
 2404.0000    24.7200 
 2406.0000    24.5800 
 2408.0000    24.5600 
 2410.0000    24.6500 
 2412.0000    24.8200 
 2414.0000    24.9000 
 2416.0000    25.1100 
 2418.0000    25.4800 
 2420.0000    26.0000 
 2422.0000    26.6000 
 2424.0000    27.2700 
 2426.0000    27.9500 
 2428.0000    28.6300 
 2430.0000    29.2900 
 2432.0000    29.7500 
 2434.0000    29.9800 
 2436.0000    29.9100 
 2438.0000    29.5600 
 2440.0000    29.0000 
 2442.0000    28.4200 
 2444.0000    27.8400 
 2446.0000    27.3400 
 2448.0000    26.8400 
 2450.0000    26.4200 
 2452.0000    26.1900 
 2454.0000    25.9700 
 2456.0000    25.7500 
 2458.0000    25.5400 
 2460.0000    25.4100 
 2462.0000    25.3400 
 2464.0000    25.3700 
 2466.0000    25.5250 
 2468.0000    25.7200 
 2470.0000    25.8400 
 2472.0000    26.0200 
 2474.0000    26.3200 
 2476.0000    26.7600 
 2478.0000    27.2700 
 2480.0000    27.7100 
 2482.0000    28.1400 
 2484.0000    28.5250 
 2486.0000    28.9600 
 2488.0000    29.4200 
 2490.0000    29.8800 
 2492.0000    30.1300 
 2494.0000    30.2400 
 2496.0000    30.2850 
 2498.0000    30.3100 
 2500.0000    30.2300 
