 1300.0000    56.7700 
 1302.0000    56.7500 
 1304.0000    56.7700 
 1306.0000    56.8400 
 1308.0000    56.5700 
 1310.0000    56.4600 
 1312.0000    56.5600 
 1314.0000    56.6900 
 1316.0000    56.6600 
 1318.0000    56.6700 
 1320.0000    56.3300 
 1322.0000    56.2650 
 1324.0000    56.3900 
 1326.0000    56.5900 
 1328.0000    56.6600 
 1330.0000    56.7200 
 1332.0000    56.6950 
 1334.0000    56.6900 
 1336.0000    56.7100 
 1338.0000    56.7200 
 1340.0000    56.6600 
 1342.0000    56.6800 
 1344.0000    56.7200 
 1346.0000    56.7500 
 1348.0000    56.7700 
 1350.0000    56.7600 
 1352.0000    56.7500 
 1354.0000    56.7600 
 1356.0000    56.8100 
 1358.0000    56.8600 
 1360.0000    56.8750 
 1362.0000    56.8750 
 1364.0000    56.8700 
 1366.0000    56.8400 
 1368.0000    56.8500 
 1370.0000    56.8900 
 1372.0000    56.8900 
 1374.0000    56.8600 
 1376.0000    56.7900 
 1378.0000    56.6800 
 1380.0000    56.6200 
 1382.0000    56.5400 
 1384.0000    56.4600 
 1386.0000    56.3500 
 1388.0000    56.1700 
 1390.0000    55.9500 
 1392.0000    55.7100 
 1394.0000    55.4400 
 1396.0000    55.1700 
 1398.0000    54.8800 
 1400.0000    54.5500 
 1402.0000    54.2200 
 1404.0000    53.9200 
 1406.0000    53.6200 
 1408.0000    53.3550 
 1410.0000    53.1400 
 1412.0000    53.0200 
 1414.0000    52.9900 
 1416.0000    53.0500 
 1418.0000    53.1600 
 1420.0000    53.3700 
 1422.0000    53.6700 
 1424.0000    54.0600 
 1426.0000    54.4500 
 1428.0000    54.8200 
 1430.0000    55.1500 
 1432.0000    55.4400 
 1434.0000    55.6900 
 1436.0000    55.9050 
 1438.0000    56.0850 
 1440.0000    56.2650 
 1442.0000    56.4400 
 1444.0000    56.5800 
 1446.0000    56.6900 
 1448.0000    56.8000 
 1450.0000    56.9100 
 1452.0000    57.0000 
 1454.0000    57.0550 
 1456.0000    57.1000 
 1458.0000    57.1200 
 1460.0000    57.1900 
 1462.0000    57.3050 
 1464.0000    57.4300 
 1466.0000    57.5500 
 1468.0000    57.5950 
 1470.0000    57.6300 
 1472.0000    57.6500 
 1474.0000    57.7000 
 1476.0000    57.7700 
 1478.0000    57.8400 
 1480.0000    57.9300 
 1482.0000    58.0200 
 1484.0000    58.0950 
 1486.0000    58.1700 
 1488.0000    58.2300 
 1490.0000    58.3000 
 1492.0000    58.3850 
 1494.0000    58.5000 
 1496.0000    58.5600 
 1498.0000    58.6300 
 1500.0000    58.6700 
 1502.0000    58.7400 
 1504.0000    58.8300 
 1506.0000    58.9300 
 1508.0000    59.0100 
 1510.0000    59.0900 
 1512.0000    59.1700 
 1514.0000    59.2400 
 1516.0000    59.3000 
 1518.0000    59.3700 
 1520.0000    59.4400 
 1522.0000    59.5100 
 1524.0000    59.5900 
 1526.0000    59.6200 
 1528.0000    59.6700 
 1530.0000    59.7700 
 1532.0000    59.8000 
 1534.0000    59.8500 
 1536.0000    59.8550 
 1538.0000    59.9000 
 1540.0000    59.9650 
 1542.0000    60.0800 
 1544.0000    60.1600 
 1546.0000    60.2100 
 1548.0000    60.2400 
 1550.0000    60.2600 
 1552.0000    60.3000 
 1554.0000    60.3600 
 1556.0000    60.4100 
 1558.0000    60.4400 
 1560.0000    60.4600 
 1562.0000    60.5200 
 1564.0000    60.5750 
 1566.0000    60.6600 
 1568.0000    60.7100 
 1570.0000    60.7500 
 1572.0000    60.7900 
 1574.0000    60.8500 
 1576.0000    60.9200 
 1578.0000    60.9700 
 1580.0000    61.0300 
 1582.0000    61.0800 
 1584.0000    61.1100 
 1586.0000    61.1300 
 1588.0000    61.1500 
 1590.0000    61.1800 
 1592.0000    61.2300 
 1594.0000    61.3100 
 1596.0000    61.3600 
 1598.0000    61.3650 
 1600.0000    61.3600 
 1602.0000    61.3900 
 1604.0000    61.4600 
 1606.0000    61.5400 
 1608.0000    61.5700 
 1610.0000    61.5450 
 1612.0000    61.5600 
 1614.0000    61.6000 
 1616.0000    61.7000 
 1618.0000    61.7600 
 1620.0000    61.8100 
 1622.0000    61.8100 
 1624.0000    61.8300 
 1626.0000    61.8500 
 1628.0000    61.8600 
 1630.0000    61.8900 
 1632.0000    61.9000 
 1634.0000    61.9200 
 1636.0000    61.9200 
 1638.0000    61.9200 
 1640.0000    61.9750 
 1642.0000    62.0200 
 1644.0000    62.0600 
 1646.0000    62.0700 
 1648.0000    62.0700 
 1650.0000    62.0850 
 1652.0000    62.1200 
 1654.0000    62.1500 
 1656.0000    62.1500 
 1658.0000    62.1400 
 1660.0000    62.1100 
 1662.0000    62.1200 
 1664.0000    62.1550 
 1666.0000    62.1550 
 1668.0000    62.1550 
 1670.0000    62.1500 
 1672.0000    62.1400 
 1674.0000    62.1550 
 1676.0000    62.2100 
 1678.0000    62.2300 
 1680.0000    62.2600 
 1682.0000    62.2700 
 1684.0000    62.2900 
 1686.0000    62.3700 
 1688.0000    62.4200 
 1690.0000    62.4400 
 1692.0000    62.4300 
 1694.0000    62.4600 
 1696.0000    62.4800 
 1698.0000    62.5000 
 1700.0000    62.5150 
 1702.0000    62.5150 
 1704.0000    62.5600 
 1706.0000    62.5700 
 1708.0000    62.5850 
 1710.0000    62.5850 
 1712.0000    62.5850 
 1714.0000    62.6100 
 1716.0000    62.6300 
 1718.0000    62.6600 
 1720.0000    62.6700 
 1722.0000    62.6600 
 1724.0000    62.6300 
 1726.0000    62.6400 
 1728.0000    62.6700 
 1730.0000    62.6950 
 1732.0000    62.6900 
 1734.0000    62.6800 
 1736.0000    62.7200 
 1738.0000    62.7900 
 1740.0000    62.8500 
 1742.0000    62.8600 
 1744.0000    62.8700 
 1746.0000    62.8400 
 1748.0000    62.8500 
 1750.0000    62.8500 
 1752.0000    62.8700 
 1754.0000    62.9100 
 1756.0000    62.9400 
 1758.0000    62.9450 
 1760.0000    62.9400 
 1762.0000    62.9000 
 1764.0000    62.8900 
 1766.0000    62.9100 
 1768.0000    62.9300 
 1770.0000    62.9700 
 1772.0000    62.9600 
 1774.0000    62.9300 
 1776.0000    62.9300 
 1778.0000    62.9100 
 1780.0000    62.9600 
 1782.0000    62.9450 
 1784.0000    62.9600 
 1786.0000    62.9700 
 1788.0000    62.9800 
 1790.0000    63.0100 
 1792.0000    63.0300 
 1794.0000    63.0300 
 1796.0000    63.0300 
 1798.0000    63.0300 
 1800.0000    63.0300 
 1802.0000    63.0400 
 1804.0000    63.0400 
 1806.0000    63.0600 
 1808.0000    63.0600 
 1810.0000    63.0700 
 1812.0000    63.0800 
 1814.0000    63.0700 
 1816.0000    63.0600 
 1818.0000    63.0600 
 1820.0000    63.0500 
 1822.0000    63.0500 
 1824.0000    63.0800 
 1826.0000    63.0600 
 1828.0000    63.0300 
 1830.0000    63.0000 
 1832.0000    62.9400 
 1834.0000    62.9200 
 1836.0000    62.9300 
 1838.0000    62.9000 
 1840.0000    62.9000 
 1842.0000    62.8500 
 1844.0000    62.8100 
 1846.0000    62.7900 
 1848.0000    62.7650 
 1850.0000    62.7300 
 1852.0000    62.6700 
 1854.0000    62.6000 
 1856.0000    62.5100 
 1858.0000    62.4000 
 1860.0000    62.3200 
 1862.0000    62.2100 
 1864.0000    62.0200 
 1866.0000    61.7250 
 1868.0000    61.3900 
 1870.0000    61.0700 
 1872.0000    60.7100 
 1874.0000    60.3250 
 1876.0000    59.9300 
 1878.0000    59.4900 
 1880.0000    59.0800 
 1882.0000    58.6600 
 1884.0000    58.2200 
 1886.0000    57.7300 
 1888.0000    57.1400 
 1890.0000    56.5150 
 1892.0000    55.8350 
 1894.0000    55.1500 
 1896.0000    54.4400 
 1898.0000    53.7150 
 1900.0000    53.0200 
 1902.0000    52.4100 
 1904.0000    51.9700 
 1906.0000    51.6900 
 1908.0000    51.5500 
 1910.0000    51.5200 
 1912.0000    51.5950 
 1914.0000    51.7400 
 1916.0000    51.9550 
 1918.0000    52.1600 
 1920.0000    52.3800 
 1922.0000    52.6000 
 1924.0000    52.8600 
 1926.0000    53.1300 
 1928.0000    53.3100 
 1930.0000    53.4900 
 1932.0000    53.6050 
 1934.0000    53.7500 
 1936.0000    53.9100 
 1938.0000    54.0750 
 1940.0000    54.3000 
 1942.0000    54.4300 
 1944.0000    54.5200 
 1946.0000    54.6100 
 1948.0000    54.7200 
 1950.0000    54.8400 
 1952.0000    54.9200 
 1954.0000    55.0100 
 1956.0000    55.1150 
 1958.0000    55.2400 
 1960.0000    55.4000 
 1962.0000    55.5100 
 1964.0000    55.6000 
 1966.0000    55.6400 
 1968.0000    55.7100 
 1970.0000    55.8350 
 1972.0000    55.9900 
 1974.0000    56.1500 
 1976.0000    56.2600 
 1978.0000    56.3500 
 1980.0000    56.4800 
 1982.0000    56.6200 
 1984.0000    56.8000 
 1986.0000    56.9200 
 1988.0000    57.0000 
 1990.0000    57.1100 
 1992.0000    57.2100 
 1994.0000    57.3500 
 1996.0000    57.4800 
 1998.0000    57.6200 
 2000.0000    57.7600 
 2002.0000    57.9100 
 2004.0000    58.0400 
 2006.0000    58.1800 
 2008.0000    58.3000 
 2010.0000    58.3800 
 2012.0000    58.5100 
 2014.0000    58.6500 
 2016.0000    58.8150 
 2018.0000    58.9500 
 2020.0000    59.0600 
 2022.0000    59.1400 
 2024.0000    59.2100 
 2026.0000    59.3100 
 2028.0000    59.4250 
 2030.0000    59.5400 
 2032.0000    59.6050 
 2034.0000    59.6500 
 2036.0000    59.7400 
 2038.0000    59.8550 
 2040.0000    59.9800 
 2042.0000    60.0600 
 2044.0000    60.1200 
 2046.0000    60.1600 
 2048.0000    60.1700 
 2050.0000    60.2150 
 2052.0000    60.2600 
 2054.0000    60.3500 
 2056.0000    60.4400 
 2058.0000    60.4600 
 2060.0000    60.4500 
 2062.0000    60.4900 
 2064.0000    60.5600 
 2066.0000    60.6100 
 2068.0000    60.6100 
 2070.0000    60.6200 
 2072.0000    60.6500 
 2074.0000    60.6500 
 2076.0000    60.6500 
 2078.0000    60.6300 
 2080.0000    60.6700 
 2082.0000    60.6400 
 2084.0000    60.6100 
 2086.0000    60.6100 
 2088.0000    60.6300 
 2090.0000    60.6100 
 2092.0000    60.5700 
 2094.0000    60.5400 
 2096.0000    60.5100 
 2098.0000    60.4700 
 2100.0000    60.3900 
 2102.0000    60.3600 
 2104.0000    60.3700 
 2106.0000    60.4200 
 2108.0000    60.4100 
 2110.0000    60.3900 
 2112.0000    60.3600 
 2114.0000    60.3600 
 2116.0000    60.4100 
 2118.0000    60.3700 
 2120.0000    60.3100 
 2122.0000    60.2700 
 2124.0000    60.2700 
 2126.0000    60.2500 
 2128.0000    60.2100 
 2130.0000    60.2000 
 2132.0000    60.2100 
 2134.0000    60.2300 
 2136.0000    60.2100 
 2138.0000    60.1700 
 2140.0000    60.1450 
 2142.0000    60.1700 
 2144.0000    60.1900 
 2146.0000    60.1600 
 2148.0000    60.1000 
 2150.0000    60.0700 
 2152.0000    60.0500 
 2154.0000    59.9650 
 2156.0000    59.9100 
 2158.0000    59.8800 
 2160.0000    59.8000 
 2162.0000    59.7400 
 2164.0000    59.6050 
 2166.0000    59.5000 
 2168.0000    59.3700 
 2170.0000    59.1600 
 2172.0000    58.9600 
 2174.0000    58.7900 
 2176.0000    58.6200 
 2178.0000    58.4000 
 2180.0000    58.1600 
 2182.0000    57.8450 
 2184.0000    57.5600 
 2186.0000    57.2350 
 2188.0000    56.9200 
 2190.0000    56.5900 
 2192.0000    56.2000 
 2194.0000    55.7800 
 2196.0000    55.3200 
 2198.0000    54.8650 
 2200.0000    54.3700 
 2202.0000    53.8800 
 2204.0000    53.4100 
 2206.0000    52.9500 
 2208.0000    52.5300 
 2210.0000    52.1350 
 2212.0000    51.7900 
 2214.0000    51.5000 
 2216.0000    51.2500 
 2218.0000    51.0300 
 2220.0000    50.9000 
 2222.0000    50.8400 
 2224.0000    50.8200 
 2226.0000    50.8050 
 2228.0000    50.9000 
 2230.0000    51.1000 
 2232.0000    51.4000 
 2234.0000    51.7100 
 2236.0000    52.0250 
 2238.0000    52.3100 
 2240.0000    52.4800 
 2242.0000    52.6500 
 2244.0000    52.8100 
 2246.0000    52.9900 
 2248.0000    53.0900 
 2250.0000    53.1700 
 2252.0000    53.3000 
 2254.0000    53.4900 
 2256.0000    53.8100 
 2258.0000    54.2600 
 2260.0000    54.9000 
 2262.0000    55.3600 
 2264.0000    55.7400 
 2266.0000    55.9800 
 2268.0000    56.2400 
 2270.0000    56.3300 
 2272.0000    56.3800 
 2274.0000    56.5150 
 2276.0000    56.6950 
 2278.0000    56.8200 
 2280.0000    56.8300 
 2282.0000    56.7700 
 2284.0000    56.7600 
 2286.0000    56.7400 
 2288.0000    56.6200 
 2290.0000    56.5150 
 2292.0000    56.4200 
 2294.0000    56.2800 
 2296.0000    56.0850 
 2298.0000    55.8350 
 2300.0000    55.6200 
 2302.0000    55.3600 
 2304.0000    55.1100 
 2306.0000    54.8500 
 2308.0000    54.5900 
 2310.0000    54.2900 
 2312.0000    53.9400 
 2314.0000    53.5600 
 2316.0000    53.2300 
 2318.0000    52.9600 
 2320.0000    52.6900 
 2322.0000    52.4300 
 2324.0000    52.1600 
 2326.0000    51.9500 
 2328.0000    51.7400 
 2330.0000    51.4900 
 2332.0000    51.2700 
 2334.0000    51.0800 
 2336.0000    50.8900 
 2338.0000    50.7100 
 2340.0000    50.5500 
 2342.0000    50.4900 
 2344.0000    50.4300 
 2346.0000    50.4200 
 2348.0000    50.4450 
 2350.0000    50.5300 
 2352.0000    50.6700 
 2354.0000    50.7900 
 2356.0000    50.8700 
 2358.0000    50.9200 
 2360.0000    51.0100 
 2362.0000    51.0800 
 2364.0000    51.1400 
 2366.0000    51.2200 
 2368.0000    51.2700 
 2370.0000    51.3200 
 2372.0000    51.4100 
 2374.0000    51.4000 
 2376.0000    51.3300 
 2378.0000    51.2350 
 2380.0000    51.2350 
 2382.0000    51.2900 
 2384.0000    51.2350 
 2386.0000    51.2000 
 2388.0000    51.1500 
 2390.0000    51.1300 
 2392.0000    51.0900 
 2394.0000    50.9850 
 2396.0000    50.9400 
 2398.0000    50.8050 
 2400.0000    50.7100 
 2402.0000    50.5000 
 2404.0000    50.2500 
 2406.0000    50.0850 
 2408.0000    50.0400 
 2410.0000    50.0400 
 2412.0000    49.9500 
 2414.0000    49.7300 
 2416.0000    49.4400 
 2418.0000    49.2300 
 2420.0000    49.0100 
 2422.0000    48.7600 
 2424.0000    48.5300 
 2426.0000    48.3900 
 2428.0000    48.1800 
 2430.0000    47.9100 
 2432.0000    47.5900 
 2434.0000    47.4800 
 2436.0000    47.2400 
 2438.0000    47.0200 
 2440.0000    46.8500 
 2442.0000    46.8000 
 2444.0000    46.6200 
 2446.0000    46.4500 
 2448.0000    46.4100 
 2450.0000    46.4200 
 2452.0000    46.4100 
 2454.0000    46.3400 
 2456.0000    46.3100 
 2458.0000    46.2600 
 2460.0000    46.2000 
 2462.0000    46.0700 
 2464.0000    46.0300 
 2466.0000    45.9900 
 2468.0000    45.9800 
 2470.0000    45.8900 
 2472.0000    45.8200 
 2474.0000    45.7300 
 2476.0000    45.6300 
 2478.0000    45.6300 
 2480.0000    45.5100 
 2482.0000    45.4600 
 2484.0000    45.2900 
 2486.0000    45.2600 
 2488.0000    45.2100 
 2490.0000    45.2300 
 2492.0000    45.1500 
 2494.0000    45.0900 
 2496.0000    45.0100 
 2498.0000    44.9400 
 2500.0000    44.8400 
