 1300.0000    72.4100 
 1302.0000    72.3400 
 1304.0000    72.5100 
 1306.0000    72.1900 
 1308.0000    71.8300 
 1310.0000    71.4950 
 1312.0000    71.3800 
 1314.0000    71.4700 
 1316.0000    71.4600 
 1318.0000    71.2900 
 1320.0000    71.1200 
 1322.0000    70.8400 
 1324.0000    70.6700 
 1326.0000    70.5500 
 1328.0000    70.3600 
 1330.0000    70.3600 
 1332.0000    70.3300 
 1334.0000    70.2200 
 1336.0000    70.2000 
 1338.0000    70.1600 
 1340.0000    70.0600 
 1342.0000    69.9100 
 1344.0000    69.5200 
 1346.0000    68.8800 
 1348.0000    68.0800 
 1350.0000    67.2900 
 1352.0000    66.6700 
 1354.0000    66.3100 
 1356.0000    66.1700 
 1358.0000    66.1700 
 1360.0000    66.2500 
 1362.0000    66.3700 
 1364.0000    66.4500 
 1366.0000    66.3900 
 1368.0000    66.1700 
 1370.0000    65.7700 
 1372.0000    65.1700 
 1374.0000    64.4400 
 1376.0000    63.5800 
 1378.0000    62.6400 
 1380.0000    61.6150 
 1382.0000    60.4800 
 1384.0000    59.1500 
 1386.0000    57.6300 
 1388.0000    56.1200 
 1390.0000    54.8800 
 1392.0000    54.1200 
 1394.0000    53.8800 
 1396.0000    54.0900 
 1398.0000    54.5000 
 1400.0000    54.9700 
 1402.0000    55.4600 
 1404.0000    55.8900 
 1406.0000    56.0500 
 1408.0000    55.6300 
 1410.0000    54.5050 
 1412.0000    53.2000 
 1414.0000    52.6600 
 1416.0000    53.6500 
 1418.0000    56.3350 
 1420.0000    60.0000 
 1422.0000    63.5300 
 1424.0000    66.1800 
 1426.0000    67.9300 
 1428.0000    68.9400 
 1430.0000    69.6900 
 1432.0000    70.2700 
 1434.0000    70.7700 
 1436.0000    71.2000 
 1438.0000    71.5800 
 1440.0000    71.9000 
 1442.0000    72.1500 
 1444.0000    72.3550 
 1446.0000    72.5350 
 1448.0000    72.7000 
 1450.0000    72.8400 
 1452.0000    72.9800 
 1454.0000    73.1100 
 1456.0000    73.2400 
 1458.0000    73.3800 
 1460.0000    73.5300 
 1462.0000    73.6800 
 1464.0000    73.8000 
 1466.0000    73.9100 
 1468.0000    73.9700 
 1470.0000    74.0700 
 1472.0000    74.1400 
 1474.0000    74.2400 
 1476.0000    74.3500 
 1478.0000    74.4750 
 1480.0000    74.5600 
 1482.0000    74.6500 
 1484.0000    74.7300 
 1486.0000    74.8100 
 1488.0000    74.9200 
 1490.0000    75.0150 
 1492.0000    75.1000 
 1494.0000    75.1500 
 1496.0000    75.1700 
 1498.0000    75.1700 
 1500.0000    75.1600 
 1502.0000    75.1300 
 1504.0000    75.1600 
 1506.0000    75.2800 
 1508.0000    75.4400 
 1510.0000    75.6100 
 1512.0000    75.7600 
 1514.0000    75.8700 
 1516.0000    75.9600 
 1518.0000    76.0200 
 1520.0000    76.0400 
 1522.0000    76.0800 
 1524.0000    76.1200 
 1526.0000    76.1650 
 1528.0000    76.2000 
 1530.0000    76.2350 
 1532.0000    76.2700 
 1534.0000    76.3000 
 1536.0000    76.3200 
 1538.0000    76.3600 
 1540.0000    76.4100 
 1542.0000    76.4600 
 1544.0000    76.5000 
 1546.0000    76.5200 
 1548.0000    76.5300 
 1550.0000    76.5500 
 1552.0000    76.5400 
 1554.0000    76.5500 
 1556.0000    76.5800 
 1558.0000    76.5700 
 1560.0000    76.6100 
 1562.0000    76.5900 
 1564.0000    76.6200 
 1566.0000    76.6800 
 1568.0000    76.7500 
 1570.0000    76.7900 
 1572.0000    76.8300 
 1574.0000    76.8400 
 1576.0000    76.8400 
 1578.0000    76.8300 
 1580.0000    76.8200 
 1582.0000    76.8300 
 1584.0000    76.8450 
 1586.0000    76.9000 
 1588.0000    76.9400 
 1590.0000    76.9700 
 1592.0000    77.0250 
 1594.0000    77.0200 
 1596.0000    77.0200 
 1598.0000    77.0600 
 1600.0000    77.0600 
 1602.0000    77.0800 
 1604.0000    77.0900 
 1606.0000    77.0500 
 1608.0000    77.0800 
 1610.0000    77.1000 
 1612.0000    77.0800 
 1614.0000    77.0600 
 1616.0000    77.0200 
 1618.0000    77.0000 
 1620.0000    77.0100 
 1622.0000    77.0100 
 1624.0000    76.9900 
 1626.0000    77.0000 
 1628.0000    77.0100 
 1630.0000    77.0250 
 1632.0000    77.0200 
 1634.0000    77.0000 
 1636.0000    76.9800 
 1638.0000    76.9700 
 1640.0000    76.9700 
 1642.0000    76.9700 
 1644.0000    76.9300 
 1646.0000    76.8700 
 1648.0000    76.8200 
 1650.0000    76.7900 
 1652.0000    76.8000 
 1654.0000    76.8000 
 1656.0000    76.7600 
 1658.0000    76.7100 
 1660.0000    76.6700 
 1662.0000    76.6600 
 1664.0000    76.6400 
 1666.0000    76.5700 
 1668.0000    76.5300 
 1670.0000    76.4800 
 1672.0000    76.4500 
 1674.0000    76.4100 
 1676.0000    76.3700 
 1678.0000    76.3450 
 1680.0000    76.3450 
 1682.0000    76.3300 
 1684.0000    76.3100 
 1686.0000    76.2800 
 1688.0000    76.2700 
 1690.0000    76.2700 
 1692.0000    76.2900 
 1694.0000    76.2800 
 1696.0000    76.2700 
 1698.0000    76.2600 
 1700.0000    76.2800 
 1702.0000    76.2800 
 1704.0000    76.2600 
 1706.0000    76.1650 
 1708.0000    76.1300 
 1710.0000    76.0700 
 1712.0000    76.0400 
 1714.0000    75.9850 
 1716.0000    75.9200 
 1718.0000    75.8400 
 1720.0000    75.7500 
 1722.0000    75.6900 
 1724.0000    75.6800 
 1726.0000    75.6700 
 1728.0000    75.6200 
 1730.0000    75.5500 
 1732.0000    75.4700 
 1734.0000    75.4300 
 1736.0000    75.4200 
 1738.0000    75.4000 
 1740.0000    75.3700 
 1742.0000    75.3000 
 1744.0000    75.2200 
 1746.0000    75.1800 
 1748.0000    75.1400 
 1750.0000    75.1100 
 1752.0000    75.0850 
 1754.0000    75.0700 
 1756.0000    75.0700 
 1758.0000    75.0150 
 1760.0000    74.9400 
 1762.0000    74.8350 
 1764.0000    74.7800 
 1766.0000    74.7200 
 1768.0000    74.6400 
 1770.0000    74.5100 
 1772.0000    74.3600 
 1774.0000    74.2400 
 1776.0000    74.1150 
 1778.0000    74.0200 
 1780.0000    73.8600 
 1782.0000    73.6850 
 1784.0000    73.5000 
 1786.0000    73.2900 
 1788.0000    73.1000 
 1790.0000    72.8900 
 1792.0000    72.7000 
 1794.0000    72.5500 
 1796.0000    72.4600 
 1798.0000    72.3900 
 1800.0000    72.3500 
 1802.0000    72.3100 
 1804.0000    72.2500 
 1806.0000    72.1800 
 1808.0000    72.0700 
 1810.0000    71.9400 
 1812.0000    71.8000 
 1814.0000    71.6600 
 1816.0000    71.5500 
 1818.0000    71.4700 
 1820.0000    71.4500 
 1822.0000    71.5200 
 1824.0000    71.6400 
 1826.0000    71.7900 
 1828.0000    71.9100 
 1830.0000    71.9800 
 1832.0000    72.0000 
 1834.0000    71.9400 
 1836.0000    71.7700 
 1838.0000    71.5500 
 1840.0000    71.4300 
 1842.0000    71.4900 
 1844.0000    71.7600 
 1846.0000    72.0800 
 1848.0000    72.3800 
 1850.0000    72.6200 
 1852.0000    72.7900 
 1854.0000    72.8600 
 1856.0000    72.7800 
 1858.0000    72.7100 
 1860.0000    72.6300 
 1862.0000    72.5500 
 1864.0000    72.4400 
 1866.0000    72.2700 
 1868.0000    72.0500 
 1870.0000    71.7900 
 1872.0000    71.4900 
 1874.0000    71.2000 
 1876.0000    70.8850 
 1878.0000    70.6300 
 1880.0000    70.4400 
 1882.0000    70.2600 
 1884.0000    70.0900 
 1886.0000    69.8300 
 1888.0000    69.5800 
 1890.0000    69.3100 
 1892.0000    69.0400 
 1894.0000    68.7300 
 1896.0000    68.3800 
 1898.0000    68.0000 
 1900.0000    67.5700 
 1902.0000    67.2400 
 1904.0000    66.9300 
 1906.0000    66.6700 
 1908.0000    66.4200 
 1910.0000    66.1900 
 1912.0000    66.0500 
 1914.0000    66.0100 
 1916.0000    66.0200 
 1918.0000    66.0600 
 1920.0000    66.0900 
 1922.0000    66.0900 
 1924.0000    66.0800 
 1926.0000    66.0600 
 1928.0000    66.0900 
 1930.0000    66.1500 
 1932.0000    66.2000 
 1934.0000    66.2000 
 1936.0000    66.1600 
 1938.0000    66.1500 
 1940.0000    66.1400 
 1942.0000    66.1500 
 1944.0000    66.1600 
 1946.0000    66.1700 
 1948.0000    66.2400 
 1950.0000    66.2700 
 1952.0000    66.3200 
 1954.0000    66.3500 
 1956.0000    66.3700 
 1958.0000    66.4100 
 1960.0000    66.4400 
 1962.0000    66.4500 
 1964.0000    66.4500 
 1966.0000    66.4500 
 1968.0000    66.5200 
 1970.0000    66.6100 
 1972.0000    66.6700 
 1974.0000    66.6900 
 1976.0000    66.6800 
 1978.0000    66.7000 
 1980.0000    66.7800 
 1982.0000    66.8500 
 1984.0000    66.8900 
 1986.0000    66.9000 
 1988.0000    66.9400 
 1990.0000    66.9800 
 1992.0000    66.9500 
 1994.0000    66.8800 
 1996.0000    66.8100 
 1998.0000    66.7300 
 2000.0000    66.6800 
 2002.0000    66.6450 
 2004.0000    66.6600 
 2006.0000    66.6800 
 2008.0000    66.6400 
 2010.0000    66.6400 
 2012.0000    66.6000 
 2014.0000    66.5600 
 2016.0000    66.5000 
 2018.0000    66.4100 
 2020.0000    66.3600 
 2022.0000    66.2500 
 2024.0000    66.1700 
 2026.0000    66.1400 
 2028.0000    66.0800 
 2030.0000    66.0000 
 2032.0000    65.9200 
 2034.0000    65.8500 
 2036.0000    65.8100 
 2038.0000    65.7300 
 2040.0000    65.5800 
 2042.0000    65.4600 
 2044.0000    65.3600 
 2046.0000    65.2450 
 2048.0000    65.1500 
 2050.0000    65.0300 
 2052.0000    64.9100 
 2054.0000    64.8000 
 2056.0000    64.6900 
 2058.0000    64.5800 
 2060.0000    64.4400 
 2062.0000    64.2100 
 2064.0000    63.9150 
 2066.0000    63.6200 
 2068.0000    63.3700 
 2070.0000    63.1500 
 2072.0000    62.9450 
 2074.0000    62.8100 
 2076.0000    62.6400 
 2078.0000    62.3900 
 2080.0000    62.0500 
 2082.0000    61.6800 
 2084.0000    61.3900 
 2086.0000    61.2000 
 2088.0000    61.0600 
 2090.0000    61.0000 
 2092.0000    60.9350 
 2094.0000    60.8600 
 2096.0000    60.7550 
 2098.0000    60.6600 
 2100.0000    60.5200 
 2102.0000    60.2150 
 2104.0000    59.8000 
 2106.0000    59.2800 
 2108.0000    58.7300 
 2110.0000    58.3100 
 2112.0000    58.0600 
 2114.0000    57.9600 
 2116.0000    57.9200 
 2118.0000    57.8400 
 2120.0000    57.7100 
 2122.0000    57.5100 
 2124.0000    57.2300 
 2126.0000    56.9700 
 2128.0000    56.6600 
 2130.0000    56.3300 
 2132.0000    55.9300 
 2134.0000    55.4500 
 2136.0000    54.9100 
 2138.0000    54.2400 
 2140.0000    53.4700 
 2142.0000    52.5600 
 2144.0000    51.5300 
 2146.0000    50.3900 
 2148.0000    49.1700 
 2150.0000    47.9100 
 2152.0000    46.7000 
 2154.0000    45.5900 
 2156.0000    44.6500 
 2158.0000    43.8500 
 2160.0000    43.1900 
 2162.0000    42.6800 
 2164.0000    42.3400 
 2166.0000    42.2300 
 2168.0000    42.2600 
 2170.0000    42.4300 
 2172.0000    42.6000 
 2174.0000    42.7800 
 2176.0000    43.0000 
 2178.0000    43.1800 
 2180.0000    43.3600 
 2182.0000    43.4800 
 2184.0000    43.5700 
 2186.0000    43.5300 
 2188.0000    43.3300 
 2190.0000    42.9700 
 2192.0000    42.5300 
 2194.0000    41.9900 
 2196.0000    41.4700 
 2198.0000    41.0700 
 2200.0000    40.7800 
 2202.0000    40.4300 
 2204.0000    39.6300 
 2206.0000    38.1700 
 2208.0000    36.0900 
 2210.0000    34.1600 
 2212.0000    33.4100 
 2214.0000    34.6100 
 2216.0000    37.6400 
 2218.0000    41.2400 
 2220.0000    44.4500 
 2222.0000    46.8000 
 2224.0000    48.3200 
 2226.0000    49.3600 
 2228.0000    50.0700 
 2230.0000    50.5700 
 2232.0000    50.8400 
 2234.0000    50.9800 
 2236.0000    50.9850 
 2238.0000    50.8900 
 2240.0000    50.7400 
 2242.0000    50.6250 
 2244.0000    50.5500 
 2246.0000    50.5300 
 2248.0000    50.5500 
 2250.0000    50.5400 
 2252.0000    50.4200 
 2254.0000    50.2400 
 2256.0000    50.0300 
 2258.0000    49.8200 
 2260.0000    49.6300 
 2262.0000    49.4400 
 2264.0000    49.2800 
 2266.0000    49.0500 
 2268.0000    48.7600 
 2270.0000    48.4500 
 2272.0000    48.1200 
 2274.0000    47.8300 
 2276.0000    47.5300 
 2278.0000    47.2300 
 2280.0000    46.9400 
 2282.0000    46.7300 
 2284.0000    46.5200 
 2286.0000    46.3400 
 2288.0000    46.0800 
 2290.0000    45.8600 
 2292.0000    45.6900 
 2294.0000    45.4900 
 2296.0000    45.3100 
 2298.0000    45.0600 
 2300.0000    44.7900 
 2302.0000    44.4200 
 2304.0000    44.0500 
 2306.0000    43.6700 
 2308.0000    43.3900 
 2310.0000    43.1600 
 2312.0000    43.0100 
 2314.0000    42.9100 
 2316.0000    42.8000 
 2318.0000    42.6600 
 2320.0000    42.5800 
 2322.0000    42.5500 
 2324.0000    42.5400 
 2326.0000    42.6100 
 2328.0000    42.7500 
 2330.0000    42.9200 
 2332.0000    43.0700 
 2334.0000    43.1400 
 2336.0000    43.2300 
 2338.0000    43.1500 
 2340.0000    43.0300 
 2342.0000    42.7600 
 2344.0000    42.4900 
 2346.0000    42.1800 
 2348.0000    41.8800 
 2350.0000    41.6100 
 2352.0000    41.3200 
 2354.0000    41.0300 
 2356.0000    40.7300 
 2358.0000    40.5800 
 2360.0000    40.4800 
 2362.0000    40.5200 
 2364.0000    40.6300 
 2366.0000    40.7800 
 2368.0000    40.8450 
 2370.0000    40.7200 
 2372.0000    40.4900 
 2374.0000    40.1700 
 2376.0000    39.8100 
 2378.0000    39.4400 
 2380.0000    38.9400 
 2382.0000    38.5300 
 2384.0000    38.2600 
 2386.0000    38.1400 
 2388.0000    38.1000 
 2390.0000    38.1500 
 2392.0000    38.4200 
 2394.0000    38.7300 
 2396.0000    39.0800 
 2398.0000    39.3200 
 2400.0000    39.5700 
 2402.0000    39.8750 
 2404.0000    40.1900 
 2406.0000    40.3900 
 2408.0000    40.4100 
 2410.0000    40.3400 
 2412.0000    40.2300 
 2414.0000    40.0700 
 2416.0000    39.9400 
 2418.0000    39.8400 
 2420.0000    39.6100 
 2422.0000    39.3500 
 2424.0000    38.9950 
 2426.0000    38.7100 
 2428.0000    38.4400 
 2430.0000    38.0900 
 2432.0000    37.6600 
 2434.0000    37.1000 
 2436.0000    36.5600 
 2438.0000    36.0500 
 2440.0000    35.6100 
 2442.0000    35.2800 
 2444.0000    34.9550 
 2446.0000    34.7200 
 2448.0000    34.4900 
 2450.0000    34.3000 
 2452.0000    34.1500 
 2454.0000    33.9500 
 2456.0000    33.7800 
 2458.0000    33.6200 
 2460.0000    33.5300 
 2462.0000    33.4700 
 2464.0000    33.4100 
 2466.0000    33.2800 
 2468.0000    33.0700 
 2470.0000    32.8700 
 2472.0000    32.7700 
 2474.0000    32.5700 
 2476.0000    32.2800 
 2478.0000    31.9300 
 2480.0000    31.5900 
 2482.0000    31.1900 
 2484.0000    30.8950 
 2486.0000    30.8200 
 2488.0000    30.8200 
 2490.0000    30.7500 
 2492.0000    30.5900 
 2494.0000    30.5500 
 2496.0000    30.5400 
 2498.0000    30.4500 
 2500.0000    30.3000 
