 1300.0000    71.9400 
 1302.0000    71.8900 
 1304.0000    71.7100 
 1306.0000    71.4200 
 1308.0000    71.3400 
 1310.0000    70.9700 
 1312.0000    70.8850 
 1314.0000    70.7700 
 1316.0000    70.6800 
 1318.0000    70.7000 
 1320.0000    70.6600 
 1322.0000    70.4700 
 1324.0000    70.2800 
 1326.0000    70.0000 
 1328.0000    69.8500 
 1330.0000    69.8000 
 1332.0000    69.8050 
 1334.0000    69.7900 
 1336.0000    69.7300 
 1338.0000    69.6700 
 1340.0000    69.5100 
 1342.0000    69.3000 
 1344.0000    68.9900 
 1346.0000    68.5100 
 1348.0000    67.9400 
 1350.0000    67.3500 
 1352.0000    66.8000 
 1354.0000    66.4100 
 1356.0000    66.2150 
 1358.0000    66.1600 
 1360.0000    66.1200 
 1362.0000    66.0000 
 1364.0000    65.8000 
 1366.0000    65.4900 
 1368.0000    65.0650 
 1370.0000    64.4700 
 1372.0000    63.6900 
 1374.0000    62.7900 
 1376.0000    61.7800 
 1378.0000    60.7800 
 1380.0000    59.7800 
 1382.0000    58.8100 
 1384.0000    57.8300 
 1386.0000    56.8700 
 1388.0000    56.0100 
 1390.0000    55.4000 
 1392.0000    55.1100 
 1394.0000    55.1300 
 1396.0000    55.3500 
 1398.0000    55.6700 
 1400.0000    55.9900 
 1402.0000    56.2500 
 1404.0000    56.3300 
 1406.0000    55.9700 
 1408.0000    54.9500 
 1410.0000    53.3500 
 1412.0000    51.8000 
 1414.0000    51.2000 
 1416.0000    52.1900 
 1418.0000    54.6400 
 1420.0000    57.8100 
 1422.0000    60.7700 
 1424.0000    63.0200 
 1426.0000    64.5000 
 1428.0000    65.5600 
 1430.0000    66.3950 
 1432.0000    67.1400 
 1434.0000    67.7400 
 1436.0000    68.2100 
 1438.0000    68.5800 
 1440.0000    68.9000 
 1442.0000    69.1800 
 1444.0000    69.4200 
 1446.0000    69.6400 
 1448.0000    69.8200 
 1450.0000    69.9500 
 1452.0000    70.0700 
 1454.0000    70.1900 
 1456.0000    70.3200 
 1458.0000    70.4700 
 1460.0000    70.5900 
 1462.0000    70.7300 
 1464.0000    70.8850 
 1466.0000    71.0400 
 1468.0000    71.1600 
 1470.0000    71.2700 
 1472.0000    71.3400 
 1474.0000    71.4500 
 1476.0000    71.5650 
 1478.0000    71.6600 
 1480.0000    71.7400 
 1482.0000    71.8300 
 1484.0000    71.9000 
 1486.0000    71.9600 
 1488.0000    72.0400 
 1490.0000    72.1200 
 1492.0000    72.1900 
 1494.0000    72.2400 
 1496.0000    72.2600 
 1498.0000    72.2400 
 1500.0000    72.2500 
 1502.0000    72.2850 
 1504.0000    72.3550 
 1506.0000    72.5200 
 1508.0000    72.6900 
 1510.0000    72.8100 
 1512.0000    72.9200 
 1514.0000    73.0100 
 1516.0000    73.0900 
 1518.0000    73.1700 
 1520.0000    73.2500 
 1522.0000    73.3000 
 1524.0000    73.3700 
 1526.0000    73.4350 
 1528.0000    73.4800 
 1530.0000    73.5200 
 1532.0000    73.5700 
 1534.0000    73.5900 
 1536.0000    73.5800 
 1538.0000    73.6150 
 1540.0000    73.6500 
 1542.0000    73.7000 
 1544.0000    73.7600 
 1546.0000    73.8000 
 1548.0000    73.8100 
 1550.0000    73.8000 
 1552.0000    73.7800 
 1554.0000    73.7800 
 1556.0000    73.8100 
 1558.0000    73.8400 
 1560.0000    73.8650 
 1562.0000    73.9300 
 1564.0000    73.9800 
 1566.0000    74.0300 
 1568.0000    74.0800 
 1570.0000    74.0900 
 1572.0000    74.0900 
 1574.0000    74.0700 
 1576.0000    74.0200 
 1578.0000    74.0100 
 1580.0000    74.0450 
 1582.0000    74.0900 
 1584.0000    74.1100 
 1586.0000    74.1150 
 1588.0000    74.1800 
 1590.0000    74.2400 
 1592.0000    74.2700 
 1594.0000    74.2700 
 1596.0000    74.2700 
 1598.0000    74.2500 
 1600.0000    74.2600 
 1602.0000    74.2700 
 1604.0000    74.2700 
 1606.0000    74.2700 
 1608.0000    74.2700 
 1610.0000    74.2600 
 1612.0000    74.2700 
 1614.0000    74.2950 
 1616.0000    74.2900 
 1618.0000    74.2800 
 1620.0000    74.2900 
 1622.0000    74.2700 
 1624.0000    74.2400 
 1626.0000    74.2100 
 1628.0000    74.2100 
 1630.0000    74.2400 
 1632.0000    74.2500 
 1634.0000    74.2200 
 1636.0000    74.1800 
 1638.0000    74.1700 
 1640.0000    74.1800 
 1642.0000    74.1900 
 1644.0000    74.1600 
 1646.0000    74.1000 
 1648.0000    74.0800 
 1650.0000    74.0800 
 1652.0000    74.0900 
 1654.0000    74.0900 
 1656.0000    74.0300 
 1658.0000    73.9800 
 1660.0000    73.9100 
 1662.0000    73.8400 
 1664.0000    73.7900 
 1666.0000    73.7800 
 1668.0000    73.7300 
 1670.0000    73.7000 
 1672.0000    73.6600 
 1674.0000    73.6150 
 1676.0000    73.6100 
 1678.0000    73.5900 
 1680.0000    73.5900 
 1682.0000    73.6100 
 1684.0000    73.6100 
 1686.0000    73.5900 
 1688.0000    73.5700 
 1690.0000    73.5400 
 1692.0000    73.5200 
 1694.0000    73.5200 
 1696.0000    73.5400 
 1698.0000    73.5400 
 1700.0000    73.5600 
 1702.0000    73.5000 
 1704.0000    73.4300 
 1706.0000    73.3600 
 1708.0000    73.3000 
 1710.0000    73.3000 
 1712.0000    73.2800 
 1714.0000    73.2400 
 1716.0000    73.1600 
 1718.0000    73.0700 
 1720.0000    73.0300 
 1722.0000    73.0300 
 1724.0000    73.0600 
 1726.0000    73.1000 
 1728.0000    73.0600 
 1730.0000    72.9800 
 1732.0000    72.8900 
 1734.0000    72.8400 
 1736.0000    72.8000 
 1738.0000    72.7400 
 1740.0000    72.6700 
 1742.0000    72.6200 
 1744.0000    72.6000 
 1746.0000    72.5350 
 1748.0000    72.5200 
 1750.0000    72.4650 
 1752.0000    72.4400 
 1754.0000    72.4100 
 1756.0000    72.3550 
 1758.0000    72.3400 
 1760.0000    72.2800 
 1762.0000    72.1900 
 1764.0000    72.1000 
 1766.0000    72.0400 
 1768.0000    71.9800 
 1770.0000    71.8800 
 1772.0000    71.7450 
 1774.0000    71.6300 
 1776.0000    71.5300 
 1778.0000    71.4200 
 1780.0000    71.3100 
 1782.0000    71.1800 
 1784.0000    71.0600 
 1786.0000    70.9300 
 1788.0000    70.7600 
 1790.0000    70.5900 
 1792.0000    70.4200 
 1794.0000    70.2700 
 1796.0000    70.1600 
 1798.0000    70.0900 
 1800.0000    70.0500 
 1802.0000    70.0200 
 1804.0000    69.9850 
 1806.0000    69.9500 
 1808.0000    69.9000 
 1810.0000    69.8000 
 1812.0000    69.6900 
 1814.0000    69.6100 
 1816.0000    69.5300 
 1818.0000    69.4500 
 1820.0000    69.3900 
 1822.0000    69.3900 
 1824.0000    69.4600 
 1826.0000    69.4800 
 1828.0000    69.5300 
 1830.0000    69.5500 
 1832.0000    69.5400 
 1834.0000    69.4400 
 1836.0000    69.2600 
 1838.0000    69.0800 
 1840.0000    68.9700 
 1842.0000    69.0100 
 1844.0000    69.1800 
 1846.0000    69.4200 
 1848.0000    69.6300 
 1850.0000    69.7800 
 1852.0000    69.8300 
 1854.0000    69.8200 
 1856.0000    69.7600 
 1858.0000    69.6500 
 1860.0000    69.4900 
 1862.0000    69.3300 
 1864.0000    69.1100 
 1866.0000    68.8300 
 1868.0000    68.4500 
 1870.0000    67.9500 
 1872.0000    67.4200 
 1874.0000    66.9000 
 1876.0000    66.4200 
 1878.0000    66.0700 
 1880.0000    65.8300 
 1882.0000    65.6300 
 1884.0000    65.4400 
 1886.0000    65.2100 
 1888.0000    64.9300 
 1890.0000    64.6100 
 1892.0000    64.2200 
 1894.0000    63.8200 
 1896.0000    63.4400 
 1898.0000    63.0400 
 1900.0000    62.6300 
 1902.0000    62.2100 
 1904.0000    61.8400 
 1906.0000    61.5200 
 1908.0000    61.2800 
 1910.0000    61.1300 
 1912.0000    61.0200 
 1914.0000    60.9800 
 1916.0000    60.9600 
 1918.0000    60.9900 
 1920.0000    61.0300 
 1922.0000    61.0800 
 1924.0000    61.1150 
 1926.0000    61.2200 
 1928.0000    61.2800 
 1930.0000    61.2900 
 1932.0000    61.3300 
 1934.0000    61.3800 
 1936.0000    61.4700 
 1938.0000    61.5300 
 1940.0000    61.5450 
 1942.0000    61.5300 
 1944.0000    61.5700 
 1946.0000    61.6400 
 1948.0000    61.7000 
 1950.0000    61.7700 
 1952.0000    61.7900 
 1954.0000    61.8800 
 1956.0000    61.9900 
 1958.0000    62.0700 
 1960.0000    62.1550 
 1962.0000    62.2200 
 1964.0000    62.2800 
 1966.0000    62.3200 
 1968.0000    62.3200 
 1970.0000    62.3500 
 1972.0000    62.4400 
 1974.0000    62.4900 
 1976.0000    62.5700 
 1978.0000    62.6300 
 1980.0000    62.6700 
 1982.0000    62.7200 
 1984.0000    62.7800 
 1986.0000    62.8700 
 1988.0000    62.9100 
 1990.0000    62.9450 
 1992.0000    62.9800 
 1994.0000    63.0300 
 1996.0000    63.1000 
 1998.0000    63.0700 
 2000.0000    63.0700 
 2002.0000    63.0700 
 2004.0000    63.1200 
 2006.0000    63.2100 
 2008.0000    63.2200 
 2010.0000    63.2300 
 2012.0000    63.2000 
 2014.0000    63.2200 
 2016.0000    63.2700 
 2018.0000    63.2300 
 2020.0000    63.2100 
 2022.0000    63.1600 
 2024.0000    63.1500 
 2026.0000    63.1400 
 2028.0000    63.0700 
 2030.0000    63.0100 
 2032.0000    62.9300 
 2034.0000    62.8900 
 2036.0000    62.8900 
 2038.0000    62.9200 
 2040.0000    62.8750 
 2042.0000    62.8300 
 2044.0000    62.7200 
 2046.0000    62.5850 
 2048.0000    62.5000 
 2050.0000    62.3500 
 2052.0000    62.3000 
 2054.0000    62.2100 
 2056.0000    62.1100 
 2058.0000    61.9900 
 2060.0000    61.8500 
 2062.0000    61.7100 
 2064.0000    61.5200 
 2066.0000    61.3100 
 2068.0000    61.1100 
 2070.0000    60.9300 
 2072.0000    60.7550 
 2074.0000    60.6000 
 2076.0000    60.4300 
 2078.0000    60.2400 
 2080.0000    60.0000 
 2082.0000    59.7700 
 2084.0000    59.5500 
 2086.0000    59.4000 
 2088.0000    59.2600 
 2090.0000    59.1700 
 2092.0000    59.0500 
 2094.0000    58.9200 
 2096.0000    58.8150 
 2098.0000    58.6500 
 2100.0000    58.4700 
 2102.0000    58.1900 
 2104.0000    57.7800 
 2106.0000    57.3200 
 2108.0000    56.8400 
 2110.0000    56.4900 
 2112.0000    56.3100 
 2114.0000    56.2200 
 2116.0000    56.2000 
 2118.0000    56.1400 
 2120.0000    56.0300 
 2122.0000    55.8900 
 2124.0000    55.7250 
 2126.0000    55.4750 
 2128.0000    55.2000 
 2130.0000    54.8100 
 2132.0000    54.3500 
 2134.0000    53.8900 
 2136.0000    53.3200 
 2138.0000    52.7000 
 2140.0000    51.9500 
 2142.0000    51.0900 
 2144.0000    50.1900 
 2146.0000    49.1500 
 2148.0000    48.0400 
 2150.0000    46.8600 
 2152.0000    45.7000 
 2154.0000    44.6500 
 2156.0000    43.7100 
 2158.0000    42.9000 
 2160.0000    42.2400 
 2162.0000    41.7600 
 2164.0000    41.4000 
 2166.0000    41.1600 
 2168.0000    40.9800 
 2170.0000    40.9100 
 2172.0000    40.8800 
 2174.0000    40.8900 
 2176.0000    40.9000 
 2178.0000    40.8900 
 2180.0000    40.8450 
 2182.0000    40.8000 
 2184.0000    40.7400 
 2186.0000    40.6800 
 2188.0000    40.5800 
 2190.0000    40.4100 
 2192.0000    40.1450 
 2194.0000    39.7850 
 2196.0000    39.4200 
 2198.0000    39.0800 
 2200.0000    38.7200 
 2202.0000    38.1500 
 2204.0000    37.1300 
 2206.0000    35.5800 
 2208.0000    33.6100 
 2210.0000    31.9500 
 2212.0000    31.5100 
 2214.0000    32.7900 
 2216.0000    35.6000 
 2218.0000    38.8300 
 2220.0000    41.6500 
 2222.0000    43.8000 
 2224.0000    45.3000 
 2226.0000    46.4000 
 2228.0000    47.1700 
 2230.0000    47.6700 
 2232.0000    47.9300 
 2234.0000    48.0000 
 2236.0000    47.9500 
 2238.0000    47.8100 
 2240.0000    47.7300 
 2242.0000    47.7500 
 2244.0000    47.8800 
 2246.0000    48.0900 
 2248.0000    48.2100 
 2250.0000    48.2700 
 2252.0000    48.2000 
 2254.0000    48.0900 
 2256.0000    47.9600 
 2258.0000    47.8400 
 2260.0000    47.7300 
 2262.0000    47.6300 
 2264.0000    47.5300 
 2266.0000    47.3600 
 2268.0000    47.1300 
 2270.0000    46.9000 
 2272.0000    46.6800 
 2274.0000    46.4600 
 2276.0000    46.2000 
 2278.0000    45.9300 
 2280.0000    45.6700 
 2282.0000    45.4100 
 2284.0000    45.1600 
 2286.0000    44.9100 
 2288.0000    44.6600 
 2290.0000    44.4400 
 2292.0000    44.2100 
 2294.0000    43.9600 
 2296.0000    43.6800 
 2298.0000    43.3900 
 2300.0000    43.0900 
 2302.0000    42.7900 
 2304.0000    42.4600 
 2306.0000    42.1200 
 2308.0000    41.8200 
 2310.0000    41.6300 
 2312.0000    41.5200 
 2314.0000    41.4500 
 2316.0000    41.3100 
 2318.0000    41.1800 
 2320.0000    41.0800 
 2322.0000    41.0500 
 2324.0000    40.9800 
 2326.0000    41.0000 
 2328.0000    41.0900 
 2330.0000    41.1900 
 2332.0000    41.2900 
 2334.0000    41.2900 
 2336.0000    41.2400 
 2338.0000    41.0900 
 2340.0000    40.8800 
 2342.0000    40.6500 
 2344.0000    40.3250 
 2346.0000    40.0200 
 2348.0000    39.6600 
 2350.0000    39.3000 
 2352.0000    38.9200 
 2354.0000    38.7100 
 2356.0000    38.5400 
 2358.0000    38.4200 
 2360.0000    38.3200 
 2362.0000    38.3200 
 2364.0000    38.4200 
 2366.0000    38.4750 
 2368.0000    38.4700 
 2370.0000    38.3400 
 2372.0000    38.1100 
 2374.0000    37.8200 
 2376.0000    37.4600 
 2378.0000    37.0550 
 2380.0000    36.6900 
 2382.0000    36.3200 
 2384.0000    36.0400 
 2386.0000    35.8600 
 2388.0000    35.8350 
 2390.0000    35.9400 
 2392.0000    36.1200 
 2394.0000    36.3550 
 2396.0000    36.5900 
 2398.0000    36.8600 
 2400.0000    37.1600 
 2402.0000    37.4800 
 2404.0000    37.7200 
 2406.0000    37.7400 
 2408.0000    37.7400 
 2410.0000    37.7300 
 2412.0000    37.6850 
 2414.0000    37.5800 
 2416.0000    37.4100 
 2418.0000    37.2600 
 2420.0000    37.0500 
 2422.0000    36.8500 
 2424.0000    36.6200 
 2426.0000    36.3300 
 2428.0000    36.0000 
 2430.0000    35.6550 
 2432.0000    35.2600 
 2434.0000    34.7100 
 2436.0000    34.2400 
 2438.0000    33.8300 
 2440.0000    33.4800 
 2442.0000    33.1400 
 2444.0000    32.8500 
 2446.0000    32.5900 
 2448.0000    32.4200 
 2450.0000    32.3600 
 2452.0000    32.2800 
 2454.0000    32.0700 
 2456.0000    31.8400 
 2458.0000    31.6800 
 2460.0000    31.6200 
 2462.0000    31.5400 
 2464.0000    31.3900 
 2466.0000    31.2100 
 2468.0000    31.0900 
 2470.0000    30.9100 
 2472.0000    30.6900 
 2474.0000    30.4650 
 2476.0000    30.1700 
 2478.0000    29.9100 
 2480.0000    29.6200 
 2482.0000    29.3500 
 2484.0000    29.1350 
 2486.0000    28.9800 
 2488.0000    28.8600 
 2490.0000    28.7000 
 2492.0000    28.6500 
 2494.0000    28.5700 
 2496.0000    28.5400 
 2498.0000    28.4500 
 2500.0000    28.3400 
