 1300.0000    76.5900 
 1302.0000    76.6400 
 1304.0000    76.7750 
 1306.0000    76.4600 
 1308.0000    76.5300 
 1310.0000    76.6900 
 1312.0000    76.7500 
 1314.0000    76.7300 
 1316.0000    76.6800 
 1318.0000    76.4500 
 1320.0000    76.3400 
 1322.0000    76.3450 
 1324.0000    76.3400 
 1326.0000    76.3450 
 1328.0000    76.3600 
 1330.0000    76.3600 
 1332.0000    76.3200 
 1334.0000    76.2000 
 1336.0000    76.1000 
 1338.0000    76.0550 
 1340.0000    76.0100 
 1342.0000    75.9200 
 1344.0000    75.8200 
 1346.0000    75.6900 
 1348.0000    75.6200 
 1350.0000    75.5700 
 1352.0000    75.5600 
 1354.0000    75.4700 
 1356.0000    75.4400 
 1358.0000    75.3600 
 1360.0000    75.3000 
 1362.0000    75.3100 
 1364.0000    75.3200 
 1366.0000    75.2600 
 1368.0000    75.1800 
 1370.0000    75.0300 
 1372.0000    74.8300 
 1374.0000    74.6100 
 1376.0000    74.2400 
 1378.0000    73.6150 
 1380.0000    72.8100 
 1382.0000    71.9100 
 1384.0000    71.1600 
 1386.0000    70.7750 
 1388.0000    70.7600 
 1390.0000    70.9200 
 1392.0000    71.1350 
 1394.0000    71.2700 
 1396.0000    71.2300 
 1398.0000    71.0500 
 1400.0000    70.7700 
 1402.0000    70.3800 
 1404.0000    69.9800 
 1406.0000    69.6300 
 1408.0000    69.2900 
 1410.0000    69.0400 
 1412.0000    68.8500 
 1414.0000    68.6600 
 1416.0000    68.4900 
 1418.0000    68.3300 
 1420.0000    68.1550 
 1422.0000    68.0000 
 1424.0000    67.8650 
 1426.0000    67.7500 
 1428.0000    67.6600 
 1430.0000    67.6000 
 1432.0000    67.5500 
 1434.0000    67.4900 
 1436.0000    67.4500 
 1438.0000    67.3900 
 1440.0000    67.3600 
 1442.0000    67.3400 
 1444.0000    67.3500 
 1446.0000    67.3900 
 1448.0000    67.4700 
 1450.0000    67.5700 
 1452.0000    67.6500 
 1454.0000    67.6900 
 1456.0000    67.7300 
 1458.0000    67.6800 
 1460.0000    67.6300 
 1462.0000    67.6100 
 1464.0000    67.5300 
 1466.0000    67.4900 
 1468.0000    67.4500 
 1470.0000    67.3900 
 1472.0000    67.3650 
 1474.0000    67.3600 
 1476.0000    67.3200 
 1478.0000    67.3100 
 1480.0000    67.3400 
 1482.0000    67.3500 
 1484.0000    67.3600 
 1486.0000    67.3900 
 1488.0000    67.4350 
 1490.0000    67.4300 
 1492.0000    67.4600 
 1494.0000    67.4600 
 1496.0000    67.4600 
 1498.0000    67.4900 
 1500.0000    67.5000 
 1502.0000    67.4800 
 1504.0000    67.4800 
 1506.0000    67.4800 
 1508.0000    67.4800 
 1510.0000    67.5300 
 1512.0000    67.5500 
 1514.0000    67.5400 
 1516.0000    67.5800 
 1518.0000    67.6000 
 1520.0000    67.6000 
 1522.0000    67.6500 
 1524.0000    67.6800 
 1526.0000    67.6600 
 1528.0000    67.6700 
 1530.0000    67.6800 
 1532.0000    67.6900 
 1534.0000    67.7200 
 1536.0000    67.7600 
 1538.0000    67.7800 
 1540.0000    67.8100 
 1542.0000    67.7900 
 1544.0000    67.7700 
 1546.0000    67.8100 
 1548.0000    67.8400 
 1550.0000    67.8300 
 1552.0000    67.8800 
 1554.0000    67.9100 
 1556.0000    67.9500 
 1558.0000    67.9700 
 1560.0000    67.9900 
 1562.0000    68.0300 
 1564.0000    68.1100 
 1566.0000    68.1700 
 1568.0000    68.1800 
 1570.0000    68.1900 
 1572.0000    68.1700 
 1574.0000    68.1900 
 1576.0000    68.2500 
 1578.0000    68.3000 
 1580.0000    68.3500 
 1582.0000    68.3600 
 1584.0000    68.3800 
 1586.0000    68.4050 
 1588.0000    68.4300 
 1590.0000    68.4200 
 1592.0000    68.4200 
 1594.0000    68.4300 
 1596.0000    68.4500 
 1598.0000    68.4600 
 1600.0000    68.4900 
 1602.0000    68.5300 
 1604.0000    68.5100 
 1606.0000    68.5000 
 1608.0000    68.4600 
 1610.0000    68.4300 
 1612.0000    68.4200 
 1614.0000    68.4050 
 1616.0000    68.4050 
 1618.0000    68.4200 
 1620.0000    68.4200 
 1622.0000    68.4300 
 1624.0000    68.3900 
 1626.0000    68.4000 
 1628.0000    68.3800 
 1630.0000    68.3800 
 1632.0000    68.3900 
 1634.0000    68.3800 
 1636.0000    68.3350 
 1638.0000    68.3500 
 1640.0000    68.3350 
 1642.0000    68.3500 
 1644.0000    68.3600 
 1646.0000    68.4050 
 1648.0000    68.3900 
 1650.0000    68.3350 
 1652.0000    68.3200 
 1654.0000    68.2900 
 1656.0000    68.3100 
 1658.0000    68.3000 
 1660.0000    68.2250 
 1662.0000    68.2100 
 1664.0000    68.2100 
 1666.0000    68.2200 
 1668.0000    68.2100 
 1670.0000    68.1900 
 1672.0000    68.1500 
 1674.0000    68.1000 
 1676.0000    68.1100 
 1678.0000    68.1500 
 1680.0000    68.1500 
 1682.0000    68.1000 
 1684.0000    68.0300 
 1686.0000    67.9700 
 1688.0000    68.0100 
 1690.0000    68.0800 
 1692.0000    68.0800 
 1694.0000    68.0700 
 1696.0000    68.0450 
 1698.0000    68.0600 
 1700.0000    68.0800 
 1702.0000    68.0700 
 1704.0000    68.0300 
 1706.0000    68.0100 
 1708.0000    68.0000 
 1710.0000    68.0100 
 1712.0000    67.9750 
 1714.0000    67.9400 
 1716.0000    67.9000 
 1718.0000    67.8900 
 1720.0000    67.8900 
 1722.0000    67.9100 
 1724.0000    67.9000 
 1726.0000    67.8600 
 1728.0000    67.8800 
 1730.0000    67.8600 
 1732.0000    67.8400 
 1734.0000    67.8100 
 1736.0000    67.7950 
 1738.0000    67.7950 
 1740.0000    67.8400 
 1742.0000    67.8300 
 1744.0000    67.8300 
 1746.0000    67.8800 
 1748.0000    67.9000 
 1750.0000    67.8900 
 1752.0000    67.8500 
 1754.0000    67.7950 
 1756.0000    67.7900 
 1758.0000    67.7800 
 1760.0000    67.7700 
 1762.0000    67.7700 
 1764.0000    67.7800 
 1766.0000    67.7900 
 1768.0000    67.7800 
 1770.0000    67.7400 
 1772.0000    67.7100 
 1774.0000    67.6900 
 1776.0000    67.6700 
 1778.0000    67.6500 
 1780.0000    67.6100 
 1782.0000    67.5700 
 1784.0000    67.5300 
 1786.0000    67.4600 
 1788.0000    67.4300 
 1790.0000    67.4200 
 1792.0000    67.4350 
 1794.0000    67.4500 
 1796.0000    67.4500 
 1798.0000    67.3900 
 1800.0000    67.3400 
 1802.0000    67.3100 
 1804.0000    67.2400 
 1806.0000    67.2200 
 1808.0000    67.1850 
 1810.0000    67.1600 
 1812.0000    67.1300 
 1814.0000    67.0500 
 1816.0000    67.0000 
 1818.0000    66.9500 
 1820.0000    66.8900 
 1822.0000    66.8500 
 1824.0000    66.7800 
 1826.0000    66.7300 
 1828.0000    66.6900 
 1830.0000    66.6100 
 1832.0000    66.5300 
 1834.0000    66.4100 
 1836.0000    66.3300 
 1838.0000    66.2850 
 1840.0000    66.2500 
 1842.0000    66.2000 
 1844.0000    66.1050 
 1846.0000    66.0200 
 1848.0000    65.9700 
 1850.0000    65.8800 
 1852.0000    65.8500 
 1854.0000    65.8100 
 1856.0000    65.7700 
 1858.0000    65.7300 
 1860.0000    65.6600 
 1862.0000    65.5200 
 1864.0000    65.3400 
 1866.0000    65.0800 
 1868.0000    64.7900 
 1870.0000    64.4700 
 1872.0000    64.1200 
 1874.0000    63.6800 
 1876.0000    63.2200 
 1878.0000    62.6900 
 1880.0000    62.1100 
 1882.0000    61.5400 
 1884.0000    60.9300 
 1886.0000    60.3000 
 1888.0000    59.5800 
 1890.0000    58.7700 
 1892.0000    57.9600 
 1894.0000    57.1000 
 1896.0000    56.2000 
 1898.0000    55.2900 
 1900.0000    54.4700 
 1902.0000    53.7600 
 1904.0000    53.1900 
 1906.0000    52.7100 
 1908.0000    52.3400 
 1910.0000    52.1100 
 1912.0000    51.9200 
 1914.0000    51.8100 
 1916.0000    51.6900 
 1918.0000    51.6700 
 1920.0000    51.7300 
 1922.0000    51.7700 
 1924.0000    51.8300 
 1926.0000    51.8900 
 1928.0000    51.9300 
 1930.0000    52.0200 
 1932.0000    52.0250 
 1934.0000    52.0900 
 1936.0000    52.1100 
 1938.0000    52.1200 
 1940.0000    52.1300 
 1942.0000    52.1000 
 1944.0000    52.1000 
 1946.0000    52.0700 
 1948.0000    52.0250 
 1950.0000    52.0000 
 1952.0000    52.0000 
 1954.0000    52.0100 
 1956.0000    52.0200 
 1958.0000    52.0100 
 1960.0000    51.9700 
 1962.0000    51.9000 
 1964.0000    51.8450 
 1966.0000    51.8200 
 1968.0000    51.7700 
 1970.0000    51.7300 
 1972.0000    51.6800 
 1974.0000    51.6400 
 1976.0000    51.5600 
 1978.0000    51.4600 
 1980.0000    51.4100 
 1982.0000    51.4000 
 1984.0000    51.4100 
 1986.0000    51.4150 
 1988.0000    51.4300 
 1990.0000    51.4400 
 1992.0000    51.4150 
 1994.0000    51.3900 
 1996.0000    51.4000 
 1998.0000    51.4400 
 2000.0000    51.5100 
 2002.0000    51.5500 
 2004.0000    51.5700 
 2006.0000    51.5900 
 2008.0000    51.5800 
 2010.0000    51.6200 
 2012.0000    51.6500 
 2014.0000    51.7100 
 2016.0000    51.7750 
 2018.0000    51.8400 
 2020.0000    51.9300 
 2022.0000    51.9550 
 2024.0000    52.0100 
 2026.0000    52.0400 
 2028.0000    52.1000 
 2030.0000    52.1500 
 2032.0000    52.1700 
 2034.0000    52.2050 
 2036.0000    52.2500 
 2038.0000    52.3400 
 2040.0000    52.3850 
 2042.0000    52.4600 
 2044.0000    52.5100 
 2046.0000    52.5500 
 2048.0000    52.5900 
 2050.0000    52.6300 
 2052.0000    52.7300 
 2054.0000    52.8600 
 2056.0000    52.9400 
 2058.0000    52.9250 
 2060.0000    52.9250 
 2062.0000    52.9900 
 2064.0000    53.0900 
 2066.0000    53.1700 
 2068.0000    53.2000 
 2070.0000    53.2800 
 2072.0000    53.4000 
 2074.0000    53.4900 
 2076.0000    53.5100 
 2078.0000    53.5300 
 2080.0000    53.5500 
 2082.0000    53.6700 
 2084.0000    53.7850 
 2086.0000    53.8600 
 2088.0000    53.8950 
 2090.0000    53.9200 
 2092.0000    53.9300 
 2094.0000    54.0000 
 2096.0000    54.0600 
 2098.0000    54.1300 
 2100.0000    54.1800 
 2102.0000    54.1900 
 2104.0000    54.2800 
 2106.0000    54.3200 
 2108.0000    54.3900 
 2110.0000    54.4600 
 2112.0000    54.5300 
 2114.0000    54.6200 
 2116.0000    54.6850 
 2118.0000    54.7550 
 2120.0000    54.7900 
 2122.0000    54.7400 
 2124.0000    54.7200 
 2126.0000    54.7500 
 2128.0000    54.8200 
 2130.0000    54.9100 
 2132.0000    54.9500 
 2134.0000    54.9800 
 2136.0000    55.0500 
 2138.0000    55.1300 
 2140.0000    55.2400 
 2142.0000    55.3500 
 2144.0000    55.4500 
 2146.0000    55.5800 
 2148.0000    55.7000 
 2150.0000    55.8350 
 2152.0000    55.9600 
 2154.0000    56.0700 
 2156.0000    56.1700 
 2158.0000    56.2400 
 2160.0000    56.2800 
 2162.0000    56.3350 
 2164.0000    56.4200 
 2166.0000    56.5000 
 2168.0000    56.5600 
 2170.0000    56.5700 
 2172.0000    56.5900 
 2174.0000    56.6100 
 2176.0000    56.6200 
 2178.0000    56.6100 
 2180.0000    56.6000 
 2182.0000    56.5900 
 2184.0000    56.5500 
 2186.0000    56.5000 
 2188.0000    56.4700 
 2190.0000    56.4000 
 2192.0000    56.3200 
 2194.0000    56.2900 
 2196.0000    56.3100 
 2198.0000    56.3300 
 2200.0000    56.2650 
 2202.0000    56.1700 
 2204.0000    56.0700 
 2206.0000    55.9700 
 2208.0000    55.8900 
 2210.0000    55.8200 
 2212.0000    55.7600 
 2214.0000    55.6400 
 2216.0000    55.4700 
 2218.0000    55.3400 
 2220.0000    55.2300 
 2222.0000    55.0800 
 2224.0000    54.8900 
 2226.0000    54.7000 
 2228.0000    54.5700 
 2230.0000    54.3800 
 2232.0000    54.1200 
 2234.0000    53.8600 
 2236.0000    53.6700 
 2238.0000    53.4700 
 2240.0000    53.2200 
 2242.0000    52.9200 
 2244.0000    52.6200 
 2246.0000    52.3600 
 2248.0000    52.1000 
 2250.0000    51.8450 
 2252.0000    51.5950 
 2254.0000    51.3300 
 2256.0000    51.0900 
 2258.0000    50.9300 
 2260.0000    50.7900 
 2262.0000    50.6400 
 2264.0000    50.4450 
 2266.0000    50.3200 
 2268.0000    50.1900 
 2270.0000    50.0700 
 2272.0000    49.9000 
 2274.0000    49.7300 
 2276.0000    49.5300 
 2278.0000    49.3200 
 2280.0000    49.0300 
 2282.0000    48.8000 
 2284.0000    48.5900 
 2286.0000    48.3900 
 2288.0000    48.2000 
 2290.0000    48.0300 
 2292.0000    47.8800 
 2294.0000    47.7200 
 2296.0000    47.4700 
 2298.0000    47.2600 
 2300.0000    47.1600 
 2302.0000    47.0900 
 2304.0000    46.9600 
 2306.0000    46.8200 
 2308.0000    46.7900 
 2310.0000    46.8500 
 2312.0000    47.0800 
 2314.0000    47.4400 
 2316.0000    47.8300 
 2318.0000    48.1900 
 2320.0000    48.5500 
 2322.0000    48.9700 
 2324.0000    49.3600 
 2326.0000    49.6800 
 2328.0000    49.9600 
 2330.0000    50.2650 
 2332.0000    50.5100 
 2334.0000    50.6600 
 2336.0000    50.7400 
 2338.0000    50.7900 
 2340.0000    50.8300 
 2342.0000    50.8700 
 2344.0000    50.8600 
 2346.0000    50.8200 
 2348.0000    50.6800 
 2350.0000    50.5500 
 2352.0000    50.4450 
 2354.0000    50.3300 
 2356.0000    50.1000 
 2358.0000    49.9900 
 2360.0000    49.8800 
 2362.0000    49.6400 
 2364.0000    49.3800 
 2366.0000    49.1900 
 2368.0000    49.0300 
 2370.0000    48.8700 
 2372.0000    48.7200 
 2374.0000    48.4800 
 2376.0000    48.2100 
 2378.0000    47.8800 
 2380.0000    47.5900 
 2382.0000    47.2800 
 2384.0000    47.0000 
 2386.0000    46.7200 
 2388.0000    46.4500 
 2390.0000    46.1500 
 2392.0000    45.8300 
 2394.0000    45.6000 
 2396.0000    45.4800 
 2398.0000    45.3500 
 2400.0000    45.2400 
 2402.0000    45.1300 
 2404.0000    44.9000 
 2406.0000    44.6400 
 2408.0000    44.4000 
 2410.0000    44.2700 
 2412.0000    44.0300 
 2414.0000    43.7800 
 2416.0000    43.5300 
 2418.0000    43.2400 
 2420.0000    42.9400 
 2422.0000    42.6700 
 2424.0000    42.3200 
 2426.0000    41.9700 
 2428.0000    41.6700 
 2430.0000    41.3200 
 2432.0000    40.9000 
 2434.0000    40.5200 
 2436.0000    40.1900 
 2438.0000    39.9000 
 2440.0000    39.5000 
 2442.0000    39.0800 
 2444.0000    38.7300 
 2446.0000    38.5000 
 2448.0000    38.2300 
 2450.0000    37.9400 
 2452.0000    37.6100 
 2454.0000    37.3400 
 2456.0000    37.1000 
 2458.0000    36.9400 
 2460.0000    36.7150 
 2462.0000    36.4700 
 2464.0000    36.2650 
 2466.0000    36.1500 
 2468.0000    36.0500 
 2470.0000    35.9100 
 2472.0000    35.7000 
 2474.0000    35.4750 
 2476.0000    35.3100 
 2478.0000    35.1700 
 2480.0000    34.9800 
 2482.0000    34.7700 
 2484.0000    34.6400 
 2486.0000    34.5000 
 2488.0000    34.3100 
 2490.0000    34.1500 
 2492.0000    34.0000 
 2494.0000    33.9100 
 2496.0000    33.8900 
 2498.0000    33.8400 
 2500.0000    33.8050 
