 1300.0000    17.1200 
 1302.0000    17.1500 
 1304.0000    17.3500 
 1306.0000    17.3500 
 1308.0000    17.4400 
 1310.0000    17.5300 
 1312.0000    17.5200 
 1314.0000    17.4500 
 1316.0000    17.5000 
 1318.0000    17.5600 
 1320.0000    17.5300 
 1322.0000    17.5500 
 1324.0000    17.6100 
 1326.0000    17.6450 
 1328.0000    17.7600 
 1330.0000    17.8000 
 1332.0000    17.7700 
 1334.0000    17.8100 
 1336.0000    17.8700 
 1338.0000    17.9100 
 1340.0000    17.9000 
 1342.0000    17.8800 
 1344.0000    17.9100 
 1346.0000    17.9500 
 1348.0000    17.9800 
 1350.0000    18.0100 
 1352.0000    18.0500 
 1354.0000    18.1200 
 1356.0000    18.1900 
 1358.0000    18.2200 
 1360.0000    18.2500 
 1362.0000    18.2400 
 1364.0000    18.2650 
 1366.0000    18.3200 
 1368.0000    18.3400 
 1370.0000    18.3550 
 1372.0000    18.3800 
 1374.0000    18.3900 
 1376.0000    18.3800 
 1378.0000    18.3700 
 1380.0000    18.3500 
 1382.0000    18.3300 
 1384.0000    18.3000 
 1386.0000    18.2600 
 1388.0000    18.2400 
 1390.0000    18.1900 
 1392.0000    18.1300 
 1394.0000    18.0600 
 1396.0000    17.9400 
 1398.0000    17.8500 
 1400.0000    17.7500 
 1402.0000    17.6450 
 1404.0000    17.5100 
 1406.0000    17.4100 
 1408.0000    17.3100 
 1410.0000    17.2300 
 1412.0000    17.2050 
 1414.0000    17.2050 
 1416.0000    17.2300 
 1418.0000    17.3100 
 1420.0000    17.3800 
 1422.0000    17.4700 
 1424.0000    17.5600 
 1426.0000    17.6450 
 1428.0000    17.7200 
 1430.0000    17.7800 
 1432.0000    17.8600 
 1434.0000    17.9150 
 1436.0000    17.9900 
 1438.0000    18.0600 
 1440.0000    18.1100 
 1442.0000    18.1750 
 1444.0000    18.2300 
 1446.0000    18.2800 
 1448.0000    18.3300 
 1450.0000    18.3800 
 1452.0000    18.4200 
 1454.0000    18.4800 
 1456.0000    18.5500 
 1458.0000    18.6150 
 1460.0000    18.6900 
 1462.0000    18.7500 
 1464.0000    18.7900 
 1466.0000    18.8300 
 1468.0000    18.8500 
 1470.0000    18.8800 
 1472.0000    18.9600 
 1474.0000    19.0300 
 1476.0000    19.1100 
 1478.0000    19.2000 
 1480.0000    19.2900 
 1482.0000    19.3700 
 1484.0000    19.4500 
 1486.0000    19.5400 
 1488.0000    19.6300 
 1490.0000    19.7400 
 1492.0000    19.8400 
 1494.0000    19.9100 
 1496.0000    20.0200 
 1498.0000    20.1300 
 1500.0000    20.2400 
 1502.0000    20.3300 
 1504.0000    20.4100 
 1506.0000    20.4800 
 1508.0000    20.5700 
 1510.0000    20.6800 
 1512.0000    20.7700 
 1514.0000    20.8700 
 1516.0000    20.9500 
 1518.0000    21.0600 
 1520.0000    21.1600 
 1522.0000    21.2700 
 1524.0000    21.3500 
 1526.0000    21.4300 
 1528.0000    21.4900 
 1530.0000    21.5600 
 1532.0000    21.6500 
 1534.0000    21.7400 
 1536.0000    21.8500 
 1538.0000    21.9500 
 1540.0000    22.0300 
 1542.0000    22.1300 
 1544.0000    22.2300 
 1546.0000    22.3200 
 1548.0000    22.4300 
 1550.0000    22.5200 
 1552.0000    22.6100 
 1554.0000    22.7500 
 1556.0000    22.8600 
 1558.0000    22.9600 
 1560.0000    23.0700 
 1562.0000    23.1600 
 1564.0000    23.2800 
 1566.0000    23.3900 
 1568.0000    23.4800 
 1570.0000    23.5800 
 1572.0000    23.6800 
 1574.0000    23.7800 
 1576.0000    23.8900 
 1578.0000    23.9900 
 1580.0000    24.1000 
 1582.0000    24.1800 
 1584.0000    24.2600 
 1586.0000    24.3900 
 1588.0000    24.5000 
 1590.0000    24.6300 
 1592.0000    24.7400 
 1594.0000    24.8400 
 1596.0000    24.9400 
 1598.0000    25.0200 
 1600.0000    25.1200 
 1602.0000    25.2100 
 1604.0000    25.3300 
 1606.0000    25.4900 
 1608.0000    25.5900 
 1610.0000    25.6600 
 1612.0000    25.7400 
 1614.0000    25.8300 
 1616.0000    25.9500 
 1618.0000    26.0800 
 1620.0000    26.1800 
 1622.0000    26.2900 
 1624.0000    26.3900 
 1626.0000    26.4900 
 1628.0000    26.5800 
 1630.0000    26.6600 
 1632.0000    26.7400 
 1634.0000    26.8300 
 1636.0000    26.9400 
 1638.0000    27.0600 
 1640.0000    27.1600 
 1642.0000    27.2600 
 1644.0000    27.3600 
 1646.0000    27.4400 
 1648.0000    27.5100 
 1650.0000    27.6300 
 1652.0000    27.7200 
 1654.0000    27.8100 
 1656.0000    27.9150 
 1658.0000    27.9900 
 1660.0000    28.0700 
 1662.0000    28.1800 
 1664.0000    28.2900 
 1666.0000    28.3900 
 1668.0000    28.4600 
 1670.0000    28.4900 
 1672.0000    28.5600 
 1674.0000    28.6600 
 1676.0000    28.7800 
 1678.0000    28.8700 
 1680.0000    28.9600 
 1682.0000    29.0200 
 1684.0000    29.0600 
 1686.0000    29.1300 
 1688.0000    29.2100 
 1690.0000    29.3100 
 1692.0000    29.3800 
 1694.0000    29.4800 
 1696.0000    29.5700 
 1698.0000    29.6750 
 1700.0000    29.7600 
 1702.0000    29.8200 
 1704.0000    29.9100 
 1706.0000    30.0100 
 1708.0000    30.1050 
 1710.0000    30.2100 
 1712.0000    30.2700 
 1714.0000    30.3500 
 1716.0000    30.3750 
 1718.0000    30.4600 
 1720.0000    30.5400 
 1722.0000    30.6500 
 1724.0000    30.7800 
 1726.0000    30.8900 
 1728.0000    30.9700 
 1730.0000    31.0300 
 1732.0000    31.0700 
 1734.0000    31.1500 
 1736.0000    31.2500 
 1738.0000    31.3300 
 1740.0000    31.4000 
 1742.0000    31.4800 
 1744.0000    31.5700 
 1746.0000    31.6700 
 1748.0000    31.7500 
 1750.0000    31.8300 
 1752.0000    31.8900 
 1754.0000    31.9550 
 1756.0000    32.0200 
 1758.0000    32.0700 
 1760.0000    32.1200 
 1762.0000    32.1800 
 1764.0000    32.2400 
 1766.0000    32.3400 
 1768.0000    32.4000 
 1770.0000    32.4800 
 1772.0000    32.5500 
 1774.0000    32.6300 
 1776.0000    32.7100 
 1778.0000    32.7800 
 1780.0000    32.8300 
 1782.0000    32.8900 
 1784.0000    32.9700 
 1786.0000    33.0700 
 1788.0000    33.1400 
 1790.0000    33.1900 
 1792.0000    33.2500 
 1794.0000    33.3300 
 1796.0000    33.4300 
 1798.0000    33.5200 
 1800.0000    33.5900 
 1802.0000    33.6500 
 1804.0000    33.7400 
 1806.0000    33.8300 
 1808.0000    33.9100 
 1810.0000    34.0000 
 1812.0000    34.0500 
 1814.0000    34.1200 
 1816.0000    34.1650 
 1818.0000    34.2500 
 1820.0000    34.3000 
 1822.0000    34.3500 
 1824.0000    34.3900 
 1826.0000    34.4400 
 1828.0000    34.5050 
 1830.0000    34.5300 
 1832.0000    34.5400 
 1834.0000    34.5500 
 1836.0000    34.5500 
 1838.0000    34.5400 
 1840.0000    34.5500 
 1842.0000    34.5500 
 1844.0000    34.5300 
 1846.0000    34.5000 
 1848.0000    34.4400 
 1850.0000    34.4150 
 1852.0000    34.3700 
 1854.0000    34.2600 
 1856.0000    34.1100 
 1858.0000    33.9600 
 1860.0000    33.7900 
 1862.0000    33.5500 
 1864.0000    33.1900 
 1866.0000    32.7900 
 1868.0000    32.3300 
 1870.0000    31.8000 
 1872.0000    31.1650 
 1874.0000    30.4800 
 1876.0000    29.7800 
 1878.0000    29.0450 
 1880.0000    28.3200 
 1882.0000    27.5800 
 1884.0000    26.8300 
 1886.0000    26.0500 
 1888.0000    25.2400 
 1890.0000    24.3800 
 1892.0000    23.5400 
 1894.0000    22.7300 
 1896.0000    21.9800 
 1898.0000    21.2600 
 1900.0000    20.5900 
 1902.0000    20.0100 
 1904.0000    19.5500 
 1906.0000    19.2350 
 1908.0000    19.0100 
 1910.0000    18.8600 
 1912.0000    18.7700 
 1914.0000    18.7600 
 1916.0000    18.7800 
 1918.0000    18.8400 
 1920.0000    18.9200 
 1922.0000    18.9800 
 1924.0000    19.0550 
 1926.0000    19.1400 
 1928.0000    19.2500 
 1930.0000    19.3600 
 1932.0000    19.4950 
 1934.0000    19.6200 
 1936.0000    19.7500 
 1938.0000    19.8600 
 1940.0000    19.9600 
 1942.0000    20.0700 
 1944.0000    20.1800 
 1946.0000    20.2900 
 1948.0000    20.4100 
 1950.0000    20.5300 
 1952.0000    20.6300 
 1954.0000    20.7800 
 1956.0000    20.9400 
 1958.0000    21.1100 
 1960.0000    21.2500 
 1962.0000    21.3600 
 1964.0000    21.4900 
 1966.0000    21.6600 
 1968.0000    21.8300 
 1970.0000    22.0100 
 1972.0000    22.1600 
 1974.0000    22.3300 
 1976.0000    22.5300 
 1978.0000    22.7100 
 1980.0000    22.8900 
 1982.0000    23.0700 
 1984.0000    23.2700 
 1986.0000    23.5000 
 1988.0000    23.7000 
 1990.0000    23.9100 
 1992.0000    24.1000 
 1994.0000    24.3000 
 1996.0000    24.5200 
 1998.0000    24.7200 
 2000.0000    24.9500 
 2002.0000    25.1800 
 2004.0000    25.4000 
 2006.0000    25.5900 
 2008.0000    25.7800 
 2010.0000    25.9500 
 2012.0000    26.1500 
 2014.0000    26.3700 
 2016.0000    26.5850 
 2018.0000    26.8100 
 2020.0000    27.0200 
 2022.0000    27.2100 
 2024.0000    27.3750 
 2026.0000    27.5550 
 2028.0000    27.7200 
 2030.0000    27.9000 
 2032.0000    28.0700 
 2034.0000    28.2700 
 2036.0000    28.4500 
 2038.0000    28.6300 
 2040.0000    28.8200 
 2042.0000    28.9700 
 2044.0000    29.1600 
 2046.0000    29.3150 
 2048.0000    29.4900 
 2050.0000    29.6600 
 2052.0000    29.8200 
 2054.0000    29.9800 
 2056.0000    30.1050 
 2058.0000    30.2300 
 2060.0000    30.3500 
 2062.0000    30.4650 
 2064.0000    30.5550 
 2066.0000    30.6700 
 2068.0000    30.7900 
 2070.0000    30.9400 
 2072.0000    31.0500 
 2074.0000    31.1400 
 2076.0000    31.2500 
 2078.0000    31.3600 
 2080.0000    31.4600 
 2082.0000    31.5100 
 2084.0000    31.6000 
 2086.0000    31.7000 
 2088.0000    31.8000 
 2090.0000    31.8900 
 2092.0000    31.9700 
 2094.0000    32.0450 
 2096.0000    32.0800 
 2098.0000    32.1000 
 2100.0000    32.1200 
 2102.0000    32.1700 
 2104.0000    32.2600 
 2106.0000    32.3300 
 2108.0000    32.4200 
 2110.0000    32.5000 
 2112.0000    32.5800 
 2114.0000    32.6300 
 2116.0000    32.6550 
 2118.0000    32.7700 
 2120.0000    32.8900 
 2122.0000    33.0100 
 2124.0000    33.0150 
 2126.0000    33.0150 
 2128.0000    33.0900 
 2130.0000    33.1800 
 2132.0000    33.2400 
 2134.0000    33.2600 
 2136.0000    33.2300 
 2138.0000    33.2500 
 2140.0000    33.2500 
 2142.0000    33.2500 
 2144.0000    33.2600 
 2146.0000    33.2500 
 2148.0000    33.2100 
 2150.0000    33.1500 
 2152.0000    33.0900 
 2154.0000    33.0700 
 2156.0000    33.0500 
 2158.0000    32.9900 
 2160.0000    32.9200 
 2162.0000    32.8300 
 2164.0000    32.7450 
 2166.0000    32.6550 
 2168.0000    32.6200 
 2170.0000    32.5400 
 2172.0000    32.4500 
 2174.0000    32.3300 
 2176.0000    32.1700 
 2178.0000    32.0400 
 2180.0000    31.9100 
 2182.0000    31.7700 
 2184.0000    31.6300 
 2186.0000    31.4500 
 2188.0000    31.2900 
 2190.0000    31.1000 
 2192.0000    30.8900 
 2194.0000    30.6400 
 2196.0000    30.3700 
 2198.0000    30.0600 
 2200.0000    29.7400 
 2202.0000    29.3800 
 2204.0000    28.9700 
 2206.0000    28.6100 
 2208.0000    28.2200 
 2210.0000    27.9000 
 2212.0000    27.5400 
 2214.0000    27.2100 
 2216.0000    27.0100 
 2218.0000    26.8550 
 2220.0000    26.7300 
 2222.0000    26.5800 
 2224.0000    26.4700 
 2226.0000    26.4600 
 2228.0000    26.4050 
 2230.0000    26.3100 
 2232.0000    26.0900 
 2234.0000    25.8400 
 2236.0000    25.6000 
 2238.0000    25.3500 
 2240.0000    25.0400 
 2242.0000    24.6500 
 2244.0000    24.2200 
 2246.0000    23.8200 
 2248.0000    23.4200 
 2250.0000    23.0300 
 2252.0000    22.6400 
 2254.0000    22.2600 
 2256.0000    21.8700 
 2258.0000    21.5100 
 2260.0000    21.1900 
 2262.0000    20.9300 
 2264.0000    20.7100 
 2266.0000    20.6100 
 2268.0000    20.6300 
 2270.0000    20.7500 
 2272.0000    20.8200 
 2274.0000    20.9600 
 2276.0000    21.1300 
 2278.0000    21.3900 
 2280.0000    21.6400 
 2282.0000    21.8500 
 2284.0000    22.0600 
 2286.0000    22.2500 
 2288.0000    22.4600 
 2290.0000    22.6800 
 2292.0000    22.8800 
 2294.0000    23.0500 
 2296.0000    23.2100 
 2298.0000    23.3700 
 2300.0000    23.5500 
 2302.0000    23.7100 
 2304.0000    23.8600 
 2306.0000    23.9900 
 2308.0000    24.1100 
 2310.0000    24.2100 
 2312.0000    24.2500 
 2314.0000    24.2700 
 2316.0000    24.2300 
 2318.0000    24.1700 
 2320.0000    24.1000 
 2322.0000    24.0200 
 2324.0000    23.9200 
 2326.0000    23.8000 
 2328.0000    23.6600 
 2330.0000    23.5000 
 2332.0000    23.3300 
 2334.0000    23.1100 
 2336.0000    22.8600 
 2338.0000    22.5500 
 2340.0000    22.3000 
 2342.0000    22.0200 
 2344.0000    21.7500 
 2346.0000    21.5400 
 2348.0000    21.3400 
 2350.0000    21.0400 
 2352.0000    20.7700 
 2354.0000    20.5900 
 2356.0000    20.5200 
 2358.0000    20.5100 
 2360.0000    20.4650 
 2362.0000    20.4000 
 2364.0000    20.3600 
 2366.0000    20.3700 
 2368.0000    20.3200 
 2370.0000    20.2200 
 2372.0000    20.1600 
 2374.0000    20.0900 
 2376.0000    20.0800 
 2378.0000    19.9900 
 2380.0000    19.9100 
 2382.0000    19.8300 
 2384.0000    19.7200 
 2386.0000    19.5850 
 2388.0000    19.4200 
 2390.0000    19.3000 
 2392.0000    19.2200 
 2394.0000    19.1450 
 2396.0000    19.0800 
 2398.0000    18.9500 
 2400.0000    18.7050 
 2402.0000    18.5400 
 2404.0000    18.4500 
 2406.0000    18.4400 
 2408.0000    18.3800 
 2410.0000    18.2650 
 2412.0000    18.1750 
 2414.0000    18.1200 
 2416.0000    18.1100 
 2418.0000    18.0400 
 2420.0000    17.9400 
 2422.0000    17.8100 
 2424.0000    17.7900 
 2426.0000    17.7600 
 2428.0000    17.7300 
 2430.0000    17.7000 
 2432.0000    17.6700 
 2434.0000    17.5900 
 2436.0000    17.6200 
 2438.0000    17.5900 
 2440.0000    17.5000 
 2442.0000    17.3800 
 2444.0000    17.3100 
 2446.0000    17.2500 
 2448.0000    17.1900 
 2450.0000    17.2600 
 2452.0000    17.3300 
 2454.0000    17.2700 
 2456.0000    17.1800 
 2458.0000    17.1400 
 2460.0000    17.0800 
 2462.0000    17.0200 
 2464.0000    16.9800 
 2466.0000    16.9200 
 2468.0000    16.8200 
 2470.0000    16.6900 
 2472.0000    16.6700 
 2474.0000    16.6200 
 2476.0000    16.5900 
 2478.0000    16.4100 
 2480.0000    16.3500 
 2482.0000    16.3600 
 2484.0000    16.3900 
 2486.0000    16.3100 
 2488.0000    16.2000 
 2490.0000    16.1000 
 2492.0000    16.0800 
 2494.0000    16.1000 
 2496.0000    16.1500 
 2498.0000    15.9700 
 2500.0000    15.8200 
