 1300.0000    67.5600 
 1302.0000    67.2300 
 1304.0000    67.0500 
 1306.0000    67.0050 
 1308.0000    67.0200 
 1310.0000    67.0000 
 1312.0000    67.0900 
 1314.0000    66.7700 
 1316.0000    66.6100 
 1318.0000    66.5700 
 1320.0000    66.5000 
 1322.0000    66.5300 
 1324.0000    66.4800 
 1326.0000    66.4650 
 1328.0000    66.4900 
 1330.0000    66.3900 
 1332.0000    66.2500 
 1334.0000    66.1800 
 1336.0000    66.1600 
 1338.0000    66.1600 
 1340.0000    66.1000 
 1342.0000    66.0200 
 1344.0000    65.9300 
 1346.0000    65.8500 
 1348.0000    65.7800 
 1350.0000    65.7000 
 1352.0000    65.6400 
 1354.0000    65.6000 
 1356.0000    65.5800 
 1358.0000    65.4950 
 1360.0000    65.3500 
 1362.0000    65.1800 
 1364.0000    65.0100 
 1366.0000    64.8500 
 1368.0000    64.6900 
 1370.0000    64.4550 
 1372.0000    64.1900 
 1374.0000    63.9000 
 1376.0000    63.5900 
 1378.0000    63.2100 
 1380.0000    62.7900 
 1382.0000    62.2600 
 1384.0000    61.7000 
 1386.0000    61.0400 
 1388.0000    60.3600 
 1390.0000    59.6000 
 1392.0000    58.8100 
 1394.0000    58.0250 
 1396.0000    57.2800 
 1398.0000    56.5400 
 1400.0000    55.8600 
 1402.0000    55.2500 
 1404.0000    54.6850 
 1406.0000    54.2200 
 1408.0000    53.8600 
 1410.0000    53.6500 
 1412.0000    53.6200 
 1414.0000    53.7300 
 1416.0000    54.0100 
 1418.0000    54.4000 
 1420.0000    54.9500 
 1422.0000    55.5450 
 1424.0000    56.1500 
 1426.0000    56.7100 
 1428.0000    57.2600 
 1430.0000    57.7400 
 1432.0000    58.1900 
 1434.0000    58.5900 
 1436.0000    58.9700 
 1438.0000    59.3500 
 1440.0000    59.7000 
 1442.0000    59.9800 
 1444.0000    60.1800 
 1446.0000    60.3400 
 1448.0000    60.4900 
 1450.0000    60.6200 
 1452.0000    60.7300 
 1454.0000    60.8400 
 1456.0000    60.8600 
 1458.0000    60.8600 
 1460.0000    60.8900 
 1462.0000    60.8800 
 1464.0000    60.9300 
 1466.0000    60.9600 
 1468.0000    61.0200 
 1470.0000    61.1400 
 1472.0000    61.3100 
 1474.0000    61.4800 
 1476.0000    61.6700 
 1478.0000    61.8500 
 1480.0000    62.0300 
 1482.0000    62.2000 
 1484.0000    62.4100 
 1486.0000    62.6000 
 1488.0000    62.7650 
 1490.0000    62.9200 
 1492.0000    63.0400 
 1494.0000    63.1800 
 1496.0000    63.3300 
 1498.0000    63.4500 
 1500.0000    63.6000 
 1502.0000    63.7100 
 1504.0000    63.8900 
 1506.0000    64.0100 
 1508.0000    64.0900 
 1510.0000    64.1900 
 1512.0000    64.2750 
 1514.0000    64.3900 
 1516.0000    64.5100 
 1518.0000    64.6100 
 1520.0000    64.7000 
 1522.0000    64.7900 
 1524.0000    64.9000 
 1526.0000    64.9700 
 1528.0000    65.0600 
 1530.0000    65.1400 
 1532.0000    65.1800 
 1534.0000    65.2450 
 1536.0000    65.3150 
 1538.0000    65.3800 
 1540.0000    65.4700 
 1542.0000    65.5400 
 1544.0000    65.6000 
 1546.0000    65.6750 
 1548.0000    65.7600 
 1550.0000    65.8300 
 1552.0000    65.8800 
 1554.0000    65.9100 
 1556.0000    65.9400 
 1558.0000    66.0000 
 1560.0000    66.0350 
 1562.0000    66.0900 
 1564.0000    66.1400 
 1566.0000    66.1600 
 1568.0000    66.2300 
 1570.0000    66.3000 
 1572.0000    66.3500 
 1574.0000    66.3950 
 1576.0000    66.4400 
 1578.0000    66.4650 
 1580.0000    66.5000 
 1582.0000    66.5100 
 1584.0000    66.5400 
 1586.0000    66.5750 
 1588.0000    66.6400 
 1590.0000    66.7200 
 1592.0000    66.7400 
 1594.0000    66.7700 
 1596.0000    66.7700 
 1598.0000    66.7700 
 1600.0000    66.8100 
 1602.0000    66.8700 
 1604.0000    66.9100 
 1606.0000    66.9200 
 1608.0000    66.9300 
 1610.0000    66.9300 
 1612.0000    66.9600 
 1614.0000    66.9700 
 1616.0000    66.9400 
 1618.0000    66.9600 
 1620.0000    67.0050 
 1622.0000    67.0500 
 1624.0000    67.0750 
 1626.0000    67.0700 
 1628.0000    67.0600 
 1630.0000    67.0700 
 1632.0000    67.0750 
 1634.0000    67.1100 
 1636.0000    67.1300 
 1638.0000    67.1500 
 1640.0000    67.1600 
 1642.0000    67.1500 
 1644.0000    67.1500 
 1646.0000    67.1300 
 1648.0000    67.0750 
 1650.0000    67.0500 
 1652.0000    67.0600 
 1654.0000    67.1000 
 1656.0000    67.1500 
 1658.0000    67.1700 
 1660.0000    67.1500 
 1662.0000    67.0900 
 1664.0000    67.0500 
 1666.0000    67.0500 
 1668.0000    67.0050 
 1670.0000    67.0050 
 1672.0000    67.0400 
 1674.0000    67.0300 
 1676.0000    67.0200 
 1678.0000    67.0000 
 1680.0000    66.9800 
 1682.0000    67.0050 
 1684.0000    67.0200 
 1686.0000    67.0300 
 1688.0000    67.0300 
 1690.0000    67.0300 
 1692.0000    67.0300 
 1694.0000    67.0050 
 1696.0000    66.9800 
 1698.0000    66.9400 
 1700.0000    66.9500 
 1702.0000    67.0000 
 1704.0000    67.0400 
 1706.0000    67.0700 
 1708.0000    66.9900 
 1710.0000    66.9400 
 1712.0000    66.9200 
 1714.0000    66.8700 
 1716.0000    66.8600 
 1718.0000    66.8600 
 1720.0000    66.8250 
 1722.0000    66.8000 
 1724.0000    66.7400 
 1726.0000    66.7300 
 1728.0000    66.7300 
 1730.0000    66.7100 
 1732.0000    66.6800 
 1734.0000    66.6600 
 1736.0000    66.6300 
 1738.0000    66.5500 
 1740.0000    66.5100 
 1742.0000    66.5100 
 1744.0000    66.5500 
 1746.0000    66.5500 
 1748.0000    66.4900 
 1750.0000    66.3900 
 1752.0000    66.3200 
 1754.0000    66.2800 
 1756.0000    66.2500 
 1758.0000    66.2500 
 1760.0000    66.2150 
 1762.0000    66.1700 
 1764.0000    66.1050 
 1766.0000    66.0500 
 1768.0000    66.0000 
 1770.0000    65.9300 
 1772.0000    65.8550 
 1774.0000    65.7900 
 1776.0000    65.7700 
 1778.0000    65.7700 
 1780.0000    65.7100 
 1782.0000    65.6300 
 1784.0000    65.5600 
 1786.0000    65.5200 
 1788.0000    65.4950 
 1790.0000    65.4500 
 1792.0000    65.4200 
 1794.0000    65.3900 
 1796.0000    65.3300 
 1798.0000    65.3150 
 1800.0000    65.2700 
 1802.0000    65.2300 
 1804.0000    65.2100 
 1806.0000    65.2100 
 1808.0000    65.2100 
 1810.0000    65.1900 
 1812.0000    65.1400 
 1814.0000    65.0900 
 1816.0000    65.0650 
 1818.0000    65.0500 
 1820.0000    65.0000 
 1822.0000    64.9000 
 1824.0000    64.8150 
 1826.0000    64.7700 
 1828.0000    64.7400 
 1830.0000    64.7400 
 1832.0000    64.7000 
 1834.0000    64.6200 
 1836.0000    64.5100 
 1838.0000    64.3800 
 1840.0000    64.2300 
 1842.0000    64.1800 
 1844.0000    64.1100 
 1846.0000    64.0000 
 1848.0000    63.8600 
 1850.0000    63.6900 
 1852.0000    63.5100 
 1854.0000    63.3200 
 1856.0000    63.0700 
 1858.0000    62.7600 
 1860.0000    62.4200 
 1862.0000    62.0800 
 1864.0000    61.6800 
 1866.0000    61.1800 
 1868.0000    60.5400 
 1870.0000    59.8300 
 1872.0000    59.0900 
 1874.0000    58.2500 
 1876.0000    57.3000 
 1878.0000    56.2200 
 1880.0000    55.0000 
 1882.0000    53.7000 
 1884.0000    52.3100 
 1886.0000    50.7700 
 1888.0000    49.1700 
 1890.0000    47.5200 
 1892.0000    45.8800 
 1894.0000    44.3400 
 1896.0000    42.9100 
 1898.0000    41.7100 
 1900.0000    40.7550 
 1902.0000    40.1600 
 1904.0000    39.8750 
 1906.0000    39.9100 
 1908.0000    40.2100 
 1910.0000    40.6900 
 1912.0000    41.3200 
 1914.0000    42.0000 
 1916.0000    42.7100 
 1918.0000    43.3900 
 1920.0000    44.0700 
 1922.0000    44.7300 
 1924.0000    45.3400 
 1926.0000    45.8500 
 1928.0000    46.2900 
 1930.0000    46.7100 
 1932.0000    47.1300 
 1934.0000    47.5200 
 1936.0000    47.8000 
 1938.0000    48.0500 
 1940.0000    48.2400 
 1942.0000    48.4500 
 1944.0000    48.6300 
 1946.0000    48.7700 
 1948.0000    48.9000 
 1950.0000    49.0100 
 1952.0000    49.1300 
 1954.0000    49.2600 
 1956.0000    49.4000 
 1958.0000    49.5200 
 1960.0000    49.6200 
 1962.0000    49.7300 
 1964.0000    49.8400 
 1966.0000    49.9900 
 1968.0000    50.1100 
 1970.0000    50.2400 
 1972.0000    50.4200 
 1974.0000    50.5900 
 1976.0000    50.8000 
 1978.0000    50.9700 
 1980.0000    51.1400 
 1982.0000    51.3400 
 1984.0000    51.5500 
 1986.0000    51.7900 
 1988.0000    51.9900 
 1990.0000    52.1900 
 1992.0000    52.4200 
 1994.0000    52.6800 
 1996.0000    52.9600 
 1998.0000    53.2000 
 2000.0000    53.4000 
 2002.0000    53.6200 
 2004.0000    53.8950 
 2006.0000    54.1700 
 2008.0000    54.4400 
 2010.0000    54.6400 
 2012.0000    54.8400 
 2014.0000    55.0600 
 2016.0000    55.2900 
 2018.0000    55.5200 
 2020.0000    55.7400 
 2022.0000    55.9000 
 2024.0000    56.0400 
 2026.0000    56.2300 
 2028.0000    56.4450 
 2030.0000    56.6600 
 2032.0000    56.8100 
 2034.0000    56.9400 
 2036.0000    57.0550 
 2038.0000    57.2000 
 2040.0000    57.3300 
 2042.0000    57.4500 
 2044.0000    57.5800 
 2046.0000    57.6900 
 2048.0000    57.8100 
 2050.0000    57.8900 
 2052.0000    57.9900 
 2054.0000    58.0250 
 2056.0000    58.0700 
 2058.0000    58.1100 
 2060.0000    58.1400 
 2062.0000    58.2400 
 2064.0000    58.2700 
 2066.0000    58.2750 
 2068.0000    58.2900 
 2070.0000    58.2900 
 2072.0000    58.3200 
 2074.0000    58.3400 
 2076.0000    58.3400 
 2078.0000    58.3600 
 2080.0000    58.3300 
 2082.0000    58.3100 
 2084.0000    58.3000 
 2086.0000    58.3100 
 2088.0000    58.3500 
 2090.0000    58.3500 
 2092.0000    58.3600 
 2094.0000    58.3600 
 2096.0000    58.3500 
 2098.0000    58.4000 
 2100.0000    58.3850 
 2102.0000    58.4550 
 2104.0000    58.5650 
 2106.0000    58.6200 
 2108.0000    58.6500 
 2110.0000    58.6200 
 2112.0000    58.6200 
 2114.0000    58.7200 
 2116.0000    58.7800 
 2118.0000    58.8150 
 2120.0000    58.8100 
 2122.0000    58.7900 
 2124.0000    58.8300 
 2126.0000    58.8700 
 2128.0000    58.8400 
 2130.0000    58.7900 
 2132.0000    58.7400 
 2134.0000    58.7100 
 2136.0000    58.6800 
 2138.0000    58.6500 
 2140.0000    58.6100 
 2142.0000    58.5400 
 2144.0000    58.4550 
 2146.0000    58.3800 
 2148.0000    58.3400 
 2150.0000    58.2750 
 2152.0000    58.1900 
 2154.0000    58.0800 
 2156.0000    57.9700 
 2158.0000    57.8200 
 2160.0000    57.6300 
 2162.0000    57.4100 
 2164.0000    57.1900 
 2166.0000    56.9700 
 2168.0000    56.6250 
 2170.0000    56.2100 
 2172.0000    55.8000 
 2174.0000    55.4000 
 2176.0000    55.0100 
 2178.0000    54.5600 
 2180.0000    54.0700 
 2182.0000    53.5350 
 2184.0000    53.0200 
 2186.0000    52.5800 
 2188.0000    52.1350 
 2190.0000    51.7000 
 2192.0000    51.1800 
 2194.0000    50.6000 
 2196.0000    49.9800 
 2198.0000    49.3500 
 2200.0000    48.7700 
 2202.0000    48.2200 
 2204.0000    47.6900 
 2206.0000    47.2400 
 2208.0000    46.8800 
 2210.0000    46.7300 
 2212.0000    46.7700 
 2214.0000    47.0500 
 2216.0000    47.4700 
 2218.0000    47.9400 
 2220.0000    48.4500 
 2222.0000    48.9600 
 2224.0000    49.4600 
 2226.0000    49.8700 
 2228.0000    50.1700 
 2230.0000    50.3900 
 2232.0000    50.5300 
 2234.0000    50.6900 
 2236.0000    50.8800 
 2238.0000    51.0900 
 2240.0000    51.3900 
 2242.0000    51.7500 
 2244.0000    52.1000 
 2246.0000    52.4200 
 2248.0000    52.6800 
 2250.0000    52.9800 
 2252.0000    53.2900 
 2254.0000    53.5100 
 2256.0000    53.6700 
 2258.0000    53.8400 
 2260.0000    54.0100 
 2262.0000    54.1200 
 2264.0000    54.1000 
 2266.0000    53.9900 
 2268.0000    53.9400 
 2270.0000    53.9400 
 2272.0000    53.9400 
 2274.0000    53.8800 
 2276.0000    53.7800 
 2278.0000    53.6400 
 2280.0000    53.5350 
 2282.0000    53.4200 
 2284.0000    53.2500 
 2286.0000    53.0400 
 2288.0000    52.8300 
 2290.0000    52.6600 
 2292.0000    52.5100 
 2294.0000    52.3150 
 2296.0000    52.1100 
 2298.0000    51.9100 
 2300.0000    51.7000 
 2302.0000    51.5600 
 2304.0000    51.4400 
 2306.0000    51.3100 
 2308.0000    51.1600 
 2310.0000    51.0400 
 2312.0000    50.9200 
 2314.0000    50.8500 
 2316.0000    50.7100 
 2318.0000    50.5300 
 2320.0000    50.3500 
 2322.0000    50.2100 
 2324.0000    50.0600 
 2326.0000    49.8700 
 2328.0000    49.6400 
 2330.0000    49.4600 
 2332.0000    49.2500 
 2334.0000    49.0200 
 2336.0000    48.7900 
 2338.0000    48.6200 
 2340.0000    48.5000 
 2342.0000    48.3300 
 2344.0000    48.1200 
 2346.0000    47.8800 
 2348.0000    47.6900 
 2350.0000    47.4900 
 2352.0000    47.3500 
 2354.0000    47.1900 
 2356.0000    47.0500 
 2358.0000    46.8300 
 2360.0000    46.6700 
 2362.0000    46.5500 
 2364.0000    46.4200 
 2366.0000    46.2900 
 2368.0000    46.1400 
 2370.0000    46.0000 
 2372.0000    45.8400 
 2374.0000    45.7300 
 2376.0000    45.6700 
 2378.0000    45.5400 
 2380.0000    45.3800 
 2382.0000    45.1700 
 2384.0000    45.0000 
 2386.0000    44.9000 
 2388.0000    44.6700 
 2390.0000    44.4600 
 2392.0000    44.3200 
 2394.0000    44.2100 
 2396.0000    44.0200 
 2398.0000    43.8300 
 2400.0000    43.6800 
 2402.0000    43.4900 
 2404.0000    43.3000 
 2406.0000    43.1700 
 2408.0000    43.0100 
 2410.0000    42.8600 
 2412.0000    42.7200 
 2414.0000    42.5500 
 2416.0000    42.3600 
 2418.0000    42.1200 
 2420.0000    41.9200 
 2422.0000    41.7600 
 2424.0000    41.6400 
 2426.0000    41.4300 
 2428.0000    41.2100 
 2430.0000    40.9900 
 2432.0000    40.7200 
 2434.0000    40.4100 
 2436.0000    40.1300 
 2438.0000    39.9500 
 2440.0000    39.7600 
 2442.0000    39.5600 
 2444.0000    39.2900 
 2446.0000    39.0200 
 2448.0000    38.7900 
 2450.0000    38.5650 
 2452.0000    38.4200 
 2454.0000    38.2950 
 2456.0000    38.1000 
 2458.0000    37.9300 
 2460.0000    37.8400 
 2462.0000    37.7300 
 2464.0000    37.5050 
 2466.0000    37.3700 
 2468.0000    37.2500 
 2470.0000    37.1700 
 2472.0000    37.0400 
 2474.0000    36.9300 
 2476.0000    36.7600 
 2478.0000    36.6250 
 2480.0000    36.5200 
 2482.0000    36.4100 
 2484.0000    36.3300 
 2486.0000    36.1750 
 2488.0000    35.9800 
 2490.0000    35.8200 
 2492.0000    35.7900 
 2494.0000    35.6900 
 2496.0000    35.4200 
 2498.0000    35.1000 
 2500.0000    34.9000 
