 1300.0000    46.1600 
 1302.0000    46.1900 
 1304.0000    46.2600 
 1306.0000    46.3000 
 1308.0000    46.2500 
 1310.0000    46.1400 
 1312.0000    46.0200 
 1314.0000    45.9300 
 1316.0000    45.9900 
 1318.0000    46.0100 
 1320.0000    45.9800 
 1322.0000    45.8800 
 1324.0000    45.7600 
 1326.0000    45.7100 
 1328.0000    45.7400 
 1330.0000    45.7600 
 1332.0000    45.8000 
 1334.0000    45.8500 
 1336.0000    45.8800 
 1338.0000    45.8400 
 1340.0000    45.7500 
 1342.0000    45.6900 
 1344.0000    45.6700 
 1346.0000    45.6400 
 1348.0000    45.6300 
 1350.0000    45.5800 
 1352.0000    45.5300 
 1354.0000    45.4800 
 1356.0000    45.4300 
 1358.0000    45.3300 
 1360.0000    45.2300 
 1362.0000    45.1700 
 1364.0000    45.1300 
 1366.0000    45.0900 
 1368.0000    45.0400 
 1370.0000    44.9600 
 1372.0000    44.8500 
 1374.0000    44.7500 
 1376.0000    44.6000 
 1378.0000    44.4800 
 1380.0000    44.3000 
 1382.0000    44.1900 
 1384.0000    43.8800 
 1386.0000    43.5900 
 1388.0000    43.0300 
 1390.0000    42.5700 
 1392.0000    41.7500 
 1394.0000    41.0800 
 1396.0000    40.1900 
 1398.0000    39.5350 
 1400.0000    38.7800 
 1402.0000    38.2800 
 1404.0000    37.7100 
 1406.0000    37.3400 
 1408.0000    37.0400 
 1410.0000    36.9700 
 1412.0000    37.1200 
 1414.0000    37.5600 
 1416.0000    38.2300 
 1418.0000    39.1100 
 1420.0000    40.0300 
 1422.0000    40.9900 
 1424.0000    41.7600 
 1426.0000    42.4900 
 1428.0000    42.9200 
 1430.0000    43.3200 
 1432.0000    43.4800 
 1434.0000    43.6900 
 1436.0000    43.7800 
 1438.0000    43.8800 
 1440.0000    43.9100 
 1442.0000    43.9400 
 1444.0000    43.9200 
 1446.0000    43.9300 
 1448.0000    43.9500 
 1450.0000    43.9600 
 1452.0000    43.9600 
 1454.0000    43.9700 
 1456.0000    43.9900 
 1458.0000    44.0400 
 1460.0000    44.0500 
 1462.0000    44.0100 
 1464.0000    43.9600 
 1466.0000    43.9100 
 1468.0000    43.8900 
 1470.0000    43.9100 
 1472.0000    43.9200 
 1474.0000    43.9100 
 1476.0000    43.8900 
 1478.0000    43.8800 
 1480.0000    43.8700 
 1482.0000    43.8700 
 1484.0000    43.8800 
 1486.0000    43.8900 
 1488.0000    43.8700 
 1490.0000    43.8500 
 1492.0000    43.8100 
 1494.0000    43.7800 
 1496.0000    43.7600 
 1498.0000    43.7500 
 1500.0000    43.7600 
 1502.0000    43.7300 
 1504.0000    43.6700 
 1506.0000    43.5900 
 1508.0000    43.5000 
 1510.0000    43.4400 
 1512.0000    43.4100 
 1514.0000    43.3700 
 1516.0000    43.3400 
 1518.0000    43.3100 
 1520.0000    43.2800 
 1522.0000    43.2400 
 1524.0000    43.1900 
 1526.0000    43.1400 
 1528.0000    43.0600 
 1530.0000    42.9600 
 1532.0000    42.8400 
 1534.0000    42.7500 
 1536.0000    42.6600 
 1538.0000    42.6500 
 1540.0000    42.5900 
 1542.0000    42.5300 
 1544.0000    42.4900 
 1546.0000    42.4600 
 1548.0000    42.4200 
 1550.0000    42.4200 
 1552.0000    42.3700 
 1554.0000    42.3300 
 1556.0000    42.3000 
 1558.0000    42.3000 
 1560.0000    42.3200 
 1562.0000    42.3700 
 1564.0000    42.4200 
 1566.0000    42.4600 
 1568.0000    42.5000 
 1570.0000    42.5200 
 1572.0000    42.5200 
 1574.0000    42.5700 
 1576.0000    42.6300 
 1578.0000    42.7000 
 1580.0000    42.7300 
 1582.0000    42.7400 
 1584.0000    42.7600 
 1586.0000    42.7900 
 1588.0000    42.8300 
 1590.0000    42.8800 
 1592.0000    42.9200 
 1594.0000    42.9500 
 1596.0000    42.9700 
 1598.0000    42.9800 
 1600.0000    43.0200 
 1602.0000    43.0500 
 1604.0000    43.0500 
 1606.0000    43.0200 
 1608.0000    43.0100 
 1610.0000    43.0200 
 1612.0000    43.0200 
 1614.0000    43.0100 
 1616.0000    42.9800 
 1618.0000    42.9600 
 1620.0000    42.9500 
 1622.0000    42.9500 
 1624.0000    42.9500 
 1626.0000    42.9500 
 1628.0000    42.9600 
 1630.0000    42.9800 
 1632.0000    43.0000 
 1634.0000    43.0100 
 1636.0000    43.0000 
 1638.0000    42.9600 
 1640.0000    42.9400 
 1642.0000    42.9500 
 1644.0000    42.9800 
 1646.0000    43.0000 
 1648.0000    42.9800 
 1650.0000    42.9700 
 1652.0000    43.0000 
 1654.0000    43.0400 
 1656.0000    43.0600 
 1658.0000    43.0700 
 1660.0000    43.0700 
 1662.0000    43.0800 
 1664.0000    43.1100 
 1666.0000    43.1300 
 1668.0000    43.1800 
 1670.0000    43.2000 
 1672.0000    43.1900 
 1674.0000    43.1900 
 1676.0000    43.1700 
 1678.0000    43.1700 
 1680.0000    43.1700 
 1682.0000    43.1700 
 1684.0000    43.1600 
 1686.0000    43.1800 
 1688.0000    43.1700 
 1690.0000    43.1400 
 1692.0000    43.1200 
 1694.0000    43.1100 
 1696.0000    43.1200 
 1698.0000    43.1400 
 1700.0000    43.1400 
 1702.0000    43.1400 
 1704.0000    43.1500 
 1706.0000    43.1500 
 1708.0000    43.1300 
 1710.0000    43.0700 
 1712.0000    43.0200 
 1714.0000    43.0100 
 1716.0000    43.0500 
 1718.0000    43.0600 
 1720.0000    43.0700 
 1722.0000    43.0800 
 1724.0000    43.0700 
 1726.0000    43.0700 
 1728.0000    43.0600 
 1730.0000    43.0600 
 1732.0000    43.0400 
 1734.0000    43.0100 
 1736.0000    42.9900 
 1738.0000    42.9900 
 1740.0000    43.0200 
 1742.0000    43.0400 
 1744.0000    43.0200 
 1746.0000    42.9700 
 1748.0000    42.9000 
 1750.0000    42.8500 
 1752.0000    42.8400 
 1754.0000    42.8500 
 1756.0000    42.8700 
 1758.0000    42.8600 
 1760.0000    42.8200 
 1762.0000    42.7900 
 1764.0000    42.7800 
 1766.0000    42.8100 
 1768.0000    42.8000 
 1770.0000    42.7600 
 1772.0000    42.7400 
 1774.0000    42.7500 
 1776.0000    42.7600 
 1778.0000    42.7400 
 1780.0000    42.7000 
 1782.0000    42.6500 
 1784.0000    42.6600 
 1786.0000    42.6700 
 1788.0000    42.6900 
 1790.0000    42.6700 
 1792.0000    42.6400 
 1794.0000    42.6400 
 1796.0000    42.6200 
 1798.0000    42.5900 
 1800.0000    42.5500 
 1802.0000    42.5200 
 1804.0000    42.5300 
 1806.0000    42.5700 
 1808.0000    42.5900 
 1810.0000    42.5900 
 1812.0000    42.5700 
 1814.0000    42.5400 
 1816.0000    42.5300 
 1818.0000    42.5100 
 1820.0000    42.4900 
 1822.0000    42.4800 
 1824.0000    42.4400 
 1826.0000    42.4000 
 1828.0000    42.3300 
 1830.0000    42.2600 
 1832.0000    42.2500 
 1834.0000    42.2700 
 1836.0000    42.2700 
 1838.0000    42.2500 
 1840.0000    42.2300 
 1842.0000    42.1900 
 1844.0000    42.1200 
 1846.0000    42.0700 
 1848.0000    42.0700 
 1850.0000    42.0800 
 1852.0000    42.1000 
 1854.0000    42.0800 
 1856.0000    42.0400 
 1858.0000    42.0000 
 1860.0000    41.9400 
 1862.0000    41.8900 
 1864.0000    41.8200 
 1866.0000    41.7600 
 1868.0000    41.6900 
 1870.0000    41.6100 
 1872.0000    41.5600 
 1874.0000    41.4700 
 1876.0000    41.3800 
 1878.0000    41.2700 
 1880.0000    41.1500 
 1882.0000    40.9700 
 1884.0000    40.7300 
 1886.0000    40.5100 
 1888.0000    40.2350 
 1890.0000    40.0700 
 1892.0000    39.7850 
 1894.0000    39.5000 
 1896.0000    39.1400 
 1898.0000    38.7300 
 1900.0000    38.4000 
 1902.0000    38.0800 
 1904.0000    37.9100 
 1906.0000    37.6850 
 1908.0000    37.5400 
 1910.0000    37.4500 
 1912.0000    37.4150 
 1914.0000    37.4500 
 1916.0000    37.4600 
 1918.0000    37.4600 
 1920.0000    37.5300 
 1922.0000    37.6200 
 1924.0000    37.7100 
 1926.0000    37.7900 
 1928.0000    37.8400 
 1930.0000    37.9100 
 1932.0000    37.9400 
 1934.0000    37.9000 
 1936.0000    37.8600 
 1938.0000    37.8600 
 1940.0000    37.8800 
 1942.0000    37.9300 
 1944.0000    37.9100 
 1946.0000    37.8600 
 1948.0000    37.8200 
 1950.0000    37.7600 
 1952.0000    37.7300 
 1954.0000    37.6200 
 1956.0000    37.5000 
 1958.0000    37.4600 
 1960.0000    37.4400 
 1962.0000    37.4300 
 1964.0000    37.3250 
 1966.0000    37.2200 
 1968.0000    37.1300 
 1970.0000    37.0100 
 1972.0000    36.8500 
 1974.0000    36.6800 
 1976.0000    36.5900 
 1978.0000    36.4400 
 1980.0000    36.2900 
 1982.0000    36.0700 
 1984.0000    35.8300 
 1986.0000    35.6800 
 1988.0000    35.4900 
 1990.0000    35.3500 
 1992.0000    35.1200 
 1994.0000    34.8600 
 1996.0000    34.6600 
 1998.0000    34.3900 
 2000.0000    34.2000 
 2002.0000    34.0100 
 2004.0000    33.8800 
 2006.0000    33.7500 
 2008.0000    33.6100 
 2010.0000    33.5200 
 2012.0000    33.4800 
 2014.0000    33.4700 
 2016.0000    33.4300 
 2018.0000    33.4300 
 2020.0000    33.4800 
 2022.0000    33.5000 
 2024.0000    33.5100 
 2026.0000    33.5000 
 2028.0000    33.5000 
 2030.0000    33.4700 
 2032.0000    33.4600 
 2034.0000    33.4700 
 2036.0000    33.5000 
 2038.0000    33.5000 
 2040.0000    33.4500 
 2042.0000    33.4100 
 2044.0000    33.3800 
 2046.0000    33.3600 
 2048.0000    33.3400 
 2050.0000    33.3200 
 2052.0000    33.2500 
 2054.0000    33.1700 
 2056.0000    33.0700 
 2058.0000    33.0000 
 2060.0000    32.9700 
 2062.0000    32.8800 
 2064.0000    32.7900 
 2066.0000    32.7400 
 2068.0000    32.6800 
 2070.0000    32.6200 
 2072.0000    32.4900 
 2074.0000    32.3600 
 2076.0000    32.2400 
 2078.0000    32.0600 
 2080.0000    31.8400 
 2082.0000    31.6800 
 2084.0000    31.6100 
 2086.0000    31.5000 
 2088.0000    31.3000 
 2090.0000    31.0900 
 2092.0000    30.9100 
 2094.0000    30.7700 
 2096.0000    30.5900 
 2098.0000    30.3750 
 2100.0000    30.2800 
 2102.0000    30.1600 
 2104.0000    30.0500 
 2106.0000    29.9400 
 2108.0000    29.8100 
 2110.0000    29.7400 
 2112.0000    29.6600 
 2114.0000    29.6100 
 2116.0000    29.6200 
 2118.0000    29.6900 
 2120.0000    29.7900 
 2122.0000    29.8200 
 2124.0000    29.8200 
 2126.0000    29.8100 
 2128.0000    29.8600 
 2130.0000    29.9400 
 2132.0000    29.9800 
 2134.0000    30.0000 
 2136.0000    30.0000 
 2138.0000    29.9900 
 2140.0000    30.0100 
 2142.0000    30.0600 
 2144.0000    30.1800 
 2146.0000    30.3000 
 2148.0000    30.3700 
 2150.0000    30.4100 
 2152.0000    30.4500 
 2154.0000    30.4500 
 2156.0000    30.4200 
 2158.0000    30.3900 
 2160.0000    30.3700 
 2162.0000    30.3600 
 2164.0000    30.3400 
 2166.0000    30.3300 
 2168.0000    30.3400 
 2170.0000    30.2700 
 2172.0000    30.1600 
 2174.0000    30.0600 
 2176.0000    29.9250 
 2178.0000    29.8200 
 2180.0000    29.5700 
 2182.0000    29.2900 
 2184.0000    29.0600 
 2186.0000    28.7800 
 2188.0000    28.5250 
 2190.0000    28.2100 
 2192.0000    27.8800 
 2194.0000    27.6600 
 2196.0000    27.5000 
 2198.0000    27.3600 
 2200.0000    27.2400 
 2202.0000    27.1400 
 2204.0000    27.1200 
 2206.0000    27.1400 
 2208.0000    27.2700 
 2210.0000    27.4900 
 2212.0000    27.8100 
 2214.0000    28.2000 
 2216.0000    28.4900 
 2218.0000    28.9400 
 2220.0000    29.4200 
 2222.0000    29.9200 
 2224.0000    30.4100 
 2226.0000    30.7200 
 2228.0000    30.9700 
 2230.0000    31.2800 
 2232.0000    31.5800 
 2234.0000    31.7750 
 2236.0000    31.9400 
 2238.0000    32.0450 
 2240.0000    32.2500 
 2242.0000    32.4500 
 2244.0000    32.5600 
 2246.0000    32.6200 
 2248.0000    32.6400 
 2250.0000    32.6800 
 2252.0000    32.7450 
 2254.0000    32.8200 
 2256.0000    32.9200 
 2258.0000    33.0150 
 2260.0000    33.0900 
 2262.0000    33.1000 
 2264.0000    33.0800 
 2266.0000    33.1300 
 2268.0000    33.2100 
 2270.0000    33.3000 
 2272.0000    33.3200 
 2274.0000    33.3400 
 2276.0000    33.3700 
 2278.0000    33.3700 
 2280.0000    33.3700 
 2282.0000    33.3400 
 2284.0000    33.3100 
 2286.0000    33.3200 
 2288.0000    33.4100 
 2290.0000    33.4300 
 2292.0000    33.3600 
 2294.0000    33.2300 
 2296.0000    33.1200 
 2298.0000    33.0150 
 2300.0000    32.9100 
 2302.0000    32.8100 
 2304.0000    32.7200 
 2306.0000    32.6400 
 2308.0000    32.5400 
 2310.0000    32.4300 
 2312.0000    32.3400 
 2314.0000    32.2400 
 2316.0000    32.1300 
 2318.0000    31.9550 
 2320.0000    31.7600 
 2322.0000    31.6100 
 2324.0000    31.4700 
 2326.0000    31.2900 
 2328.0000    31.1200 
 2330.0000    30.9700 
 2332.0000    30.7700 
 2334.0000    30.5900 
 2336.0000    30.4650 
 2338.0000    30.3100 
 2340.0000    30.1950 
 2342.0000    30.0500 
 2344.0000    29.8600 
 2346.0000    29.7300 
 2348.0000    29.6600 
 2350.0000    29.6750 
 2352.0000    29.7800 
 2354.0000    29.9000 
 2356.0000    29.9800 
 2358.0000    30.0100 
 2360.0000    30.0800 
 2362.0000    30.1800 
 2364.0000    30.2600 
 2366.0000    30.3500 
 2368.0000    30.3900 
 2370.0000    30.3900 
 2372.0000    30.4600 
 2374.0000    30.5400 
 2376.0000    30.5800 
 2378.0000    30.5000 
 2380.0000    30.3750 
 2382.0000    30.2850 
 2384.0000    30.3200 
 2386.0000    30.4000 
 2388.0000    30.4400 
 2390.0000    30.3100 
 2392.0000    30.2500 
 2394.0000    30.2500 
 2396.0000    30.2800 
 2398.0000    30.2600 
 2400.0000    30.2500 
 2402.0000    30.2100 
 2404.0000    30.0600 
 2406.0000    29.9250 
 2408.0000    29.8800 
 2410.0000    29.7400 
 2412.0000    29.5850 
 2414.0000    29.5200 
 2416.0000    29.4400 
 2418.0000    29.2900 
 2420.0000    29.1500 
 2422.0000    29.0200 
 2424.0000    28.8700 
 2426.0000    28.7500 
 2428.0000    28.7200 
 2430.0000    28.6150 
 2432.0000    28.4900 
 2434.0000    28.3700 
 2436.0000    28.3100 
 2438.0000    28.2500 
 2440.0000    28.2000 
 2442.0000    28.2100 
 2444.0000    28.2400 
 2446.0000    28.2550 
 2448.0000    28.2200 
 2450.0000    28.2300 
 2452.0000    28.2900 
 2454.0000    28.3450 
 2456.0000    28.3300 
 2458.0000    28.3200 
 2460.0000    28.3900 
 2462.0000    28.4600 
 2464.0000    28.5000 
 2466.0000    28.5400 
 2468.0000    28.5400 
 2470.0000    28.5250 
 2472.0000    28.5600 
 2474.0000    28.6300 
 2476.0000    28.6500 
 2478.0000    28.6400 
 2480.0000    28.6500 
 2482.0000    28.7000 
 2484.0000    28.7000 
 2486.0000    28.6400 
 2488.0000    28.5700 
 2490.0000    28.5900 
 2492.0000    28.6150 
 2494.0000    28.5600 
 2496.0000    28.5500 
 2498.0000    28.6300 
 2500.0000    28.7400 
