 1300.0000    69.2100 
 1302.0000    69.3600 
 1304.0000    69.7100 
 1306.0000    69.7200 
 1308.0000    69.6400 
 1310.0000    69.5100 
 1312.0000    69.5300 
 1314.0000    69.3000 
 1316.0000    69.4300 
 1318.0000    69.2600 
 1320.0000    68.9900 
 1322.0000    68.8350 
 1324.0000    68.8300 
 1326.0000    68.7600 
 1328.0000    68.8100 
 1330.0000    68.7600 
 1332.0000    68.7200 
 1334.0000    68.6400 
 1336.0000    68.5500 
 1338.0000    68.4050 
 1340.0000    68.2900 
 1342.0000    68.1700 
 1344.0000    68.0450 
 1346.0000    67.9400 
 1348.0000    67.8500 
 1350.0000    67.7600 
 1352.0000    67.6600 
 1354.0000    67.5500 
 1356.0000    67.4350 
 1358.0000    67.3200 
 1360.0000    67.2100 
 1362.0000    67.0900 
 1364.0000    66.9300 
 1366.0000    66.7200 
 1368.0000    66.4800 
 1370.0000    66.1600 
 1372.0000    65.7700 
 1374.0000    65.3100 
 1376.0000    64.7800 
 1378.0000    64.1900 
 1380.0000    63.6200 
 1382.0000    63.0700 
 1384.0000    62.5300 
 1386.0000    62.0300 
 1388.0000    61.4800 
 1390.0000    60.9200 
 1392.0000    60.3250 
 1394.0000    59.7100 
 1396.0000    59.0500 
 1398.0000    58.3850 
 1400.0000    57.7200 
 1402.0000    57.0500 
 1404.0000    56.4000 
 1406.0000    55.7600 
 1408.0000    55.1500 
 1410.0000    54.6500 
 1412.0000    54.3200 
 1414.0000    54.1700 
 1416.0000    54.1450 
 1418.0000    54.1700 
 1420.0000    54.1900 
 1422.0000    54.1600 
 1424.0000    54.0600 
 1426.0000    53.8500 
 1428.0000    53.5300 
 1430.0000    53.1200 
 1432.0000    52.7000 
 1434.0000    52.3700 
 1436.0000    52.1500 
 1438.0000    52.0900 
 1440.0000    52.3000 
 1442.0000    52.7700 
 1444.0000    53.4700 
 1446.0000    54.3600 
 1448.0000    55.2950 
 1450.0000    56.1700 
 1452.0000    56.8900 
 1454.0000    57.4300 
 1456.0000    57.7900 
 1458.0000    58.0400 
 1460.0000    58.2000 
 1462.0000    58.2750 
 1464.0000    58.3500 
 1466.0000    58.3850 
 1468.0000    58.4300 
 1470.0000    58.4800 
 1472.0000    58.6000 
 1474.0000    58.7200 
 1476.0000    58.9000 
 1478.0000    59.1000 
 1480.0000    59.3000 
 1482.0000    59.4800 
 1484.0000    59.6700 
 1486.0000    59.8700 
 1488.0000    60.0700 
 1490.0000    60.2700 
 1492.0000    60.4400 
 1494.0000    60.6300 
 1496.0000    60.8500 
 1498.0000    61.0500 
 1500.0000    61.1850 
 1502.0000    61.3500 
 1504.0000    61.4600 
 1506.0000    61.6300 
 1508.0000    61.7900 
 1510.0000    61.9700 
 1512.0000    62.1700 
 1514.0000    62.3700 
 1516.0000    62.5300 
 1518.0000    62.6600 
 1520.0000    62.7650 
 1522.0000    62.8900 
 1524.0000    63.0200 
 1526.0000    63.1400 
 1528.0000    63.2600 
 1530.0000    63.3800 
 1532.0000    63.4800 
 1534.0000    63.6200 
 1536.0000    63.7500 
 1538.0000    63.8700 
 1540.0000    63.9700 
 1542.0000    64.0600 
 1544.0000    64.1600 
 1546.0000    64.2500 
 1548.0000    64.3400 
 1550.0000    64.4400 
 1552.0000    64.5250 
 1554.0000    64.6100 
 1556.0000    64.6500 
 1558.0000    64.7200 
 1560.0000    64.7900 
 1562.0000    64.8800 
 1564.0000    64.9900 
 1566.0000    65.0600 
 1568.0000    65.1200 
 1570.0000    65.2100 
 1572.0000    65.2900 
 1574.0000    65.3700 
 1576.0000    65.4600 
 1578.0000    65.5100 
 1580.0000    65.5400 
 1582.0000    65.5700 
 1584.0000    65.5900 
 1586.0000    65.6500 
 1588.0000    65.7000 
 1590.0000    65.7400 
 1592.0000    65.7800 
 1594.0000    65.8100 
 1596.0000    65.8300 
 1598.0000    65.8500 
 1600.0000    65.8700 
 1602.0000    65.9100 
 1604.0000    65.9700 
 1606.0000    66.0200 
 1608.0000    66.0700 
 1610.0000    66.0900 
 1612.0000    66.1000 
 1614.0000    66.1200 
 1616.0000    66.1300 
 1618.0000    66.1600 
 1620.0000    66.1600 
 1622.0000    66.1500 
 1624.0000    66.1500 
 1626.0000    66.1400 
 1628.0000    66.1700 
 1630.0000    66.1900 
 1632.0000    66.2000 
 1634.0000    66.2000 
 1636.0000    66.2000 
 1638.0000    66.1700 
 1640.0000    66.1800 
 1642.0000    66.1900 
 1644.0000    66.2150 
 1646.0000    66.2500 
 1648.0000    66.2600 
 1650.0000    66.2500 
 1652.0000    66.2100 
 1654.0000    66.1700 
 1656.0000    66.1700 
 1658.0000    66.1500 
 1660.0000    66.1500 
 1662.0000    66.1700 
 1664.0000    66.1400 
 1666.0000    66.1600 
 1668.0000    66.1000 
 1670.0000    66.0300 
 1672.0000    66.0350 
 1674.0000    66.0200 
 1676.0000    65.9800 
 1678.0000    65.9400 
 1680.0000    65.8900 
 1682.0000    65.9100 
 1684.0000    65.9500 
 1686.0000    65.9400 
 1688.0000    65.9300 
 1690.0000    65.9100 
 1692.0000    65.8550 
 1694.0000    65.8300 
 1696.0000    65.8300 
 1698.0000    65.8400 
 1700.0000    65.8300 
 1702.0000    65.8100 
 1704.0000    65.7900 
 1706.0000    65.7800 
 1708.0000    65.7500 
 1710.0000    65.7500 
 1712.0000    65.7200 
 1714.0000    65.6900 
 1716.0000    65.6600 
 1718.0000    65.6050 
 1720.0000    65.5500 
 1722.0000    65.5100 
 1724.0000    65.4950 
 1726.0000    65.4800 
 1728.0000    65.4900 
 1730.0000    65.4400 
 1732.0000    65.4100 
 1734.0000    65.3700 
 1736.0000    65.3300 
 1738.0000    65.2900 
 1740.0000    65.2300 
 1742.0000    65.1900 
 1744.0000    65.1600 
 1746.0000    65.0800 
 1748.0000    65.0200 
 1750.0000    64.9600 
 1752.0000    64.9200 
 1754.0000    64.8800 
 1756.0000    64.8100 
 1758.0000    64.7300 
 1760.0000    64.6700 
 1762.0000    64.6300 
 1764.0000    64.5500 
 1766.0000    64.4900 
 1768.0000    64.4200 
 1770.0000    64.3700 
 1772.0000    64.3000 
 1774.0000    64.2200 
 1776.0000    64.1500 
 1778.0000    64.1100 
 1780.0000    64.0600 
 1782.0000    64.0100 
 1784.0000    63.9700 
 1786.0000    63.9150 
 1788.0000    63.8800 
 1790.0000    63.8000 
 1792.0000    63.7200 
 1794.0000    63.6900 
 1796.0000    63.6600 
 1798.0000    63.6900 
 1800.0000    63.6600 
 1802.0000    63.6400 
 1804.0000    63.6100 
 1806.0000    63.5800 
 1808.0000    63.5500 
 1810.0000    63.5400 
 1812.0000    63.5300 
 1814.0000    63.5100 
 1816.0000    63.5100 
 1818.0000    63.4850 
 1820.0000    63.4800 
 1822.0000    63.4400 
 1824.0000    63.3900 
 1826.0000    63.3700 
 1828.0000    63.3400 
 1830.0000    63.3200 
 1832.0000    63.2800 
 1834.0000    63.2100 
 1836.0000    63.1250 
 1838.0000    63.0200 
 1840.0000    62.9100 
 1842.0000    62.8100 
 1844.0000    62.7100 
 1846.0000    62.6000 
 1848.0000    62.4400 
 1850.0000    62.2800 
 1852.0000    62.0850 
 1854.0000    61.8400 
 1856.0000    61.5450 
 1858.0000    61.2400 
 1860.0000    60.9500 
 1862.0000    60.6500 
 1864.0000    60.2600 
 1866.0000    59.7500 
 1868.0000    59.1500 
 1870.0000    58.4700 
 1872.0000    57.7300 
 1874.0000    56.9300 
 1876.0000    56.0700 
 1878.0000    55.1150 
 1880.0000    54.1000 
 1882.0000    52.9900 
 1884.0000    51.8200 
 1886.0000    50.5200 
 1888.0000    49.0700 
 1890.0000    47.5500 
 1892.0000    46.0000 
 1894.0000    44.4400 
 1896.0000    42.9000 
 1898.0000    41.4400 
 1900.0000    40.1800 
 1902.0000    39.2100 
 1904.0000    38.5100 
 1906.0000    38.0900 
 1908.0000    37.8900 
 1910.0000    37.8700 
 1912.0000    38.0000 
 1914.0000    38.2500 
 1916.0000    38.5900 
 1918.0000    38.9300 
 1920.0000    39.2400 
 1922.0000    39.5300 
 1924.0000    39.8200 
 1926.0000    40.1100 
 1928.0000    40.3900 
 1930.0000    40.6800 
 1932.0000    40.9200 
 1934.0000    41.1500 
 1936.0000    41.3900 
 1938.0000    41.5700 
 1940.0000    41.7400 
 1942.0000    41.9300 
 1944.0000    42.1100 
 1946.0000    42.3000 
 1948.0000    42.4500 
 1950.0000    42.5800 
 1952.0000    42.7100 
 1954.0000    42.8600 
 1956.0000    43.0100 
 1958.0000    43.1500 
 1960.0000    43.2900 
 1962.0000    43.4600 
 1964.0000    43.6400 
 1966.0000    43.7800 
 1968.0000    43.9100 
 1970.0000    44.0100 
 1972.0000    44.2000 
 1974.0000    44.4100 
 1976.0000    44.5900 
 1978.0000    44.7700 
 1980.0000    44.9500 
 1982.0000    45.1400 
 1984.0000    45.3600 
 1986.0000    45.5800 
 1988.0000    45.7900 
 1990.0000    46.0000 
 1992.0000    46.2000 
 1994.0000    46.4600 
 1996.0000    46.7300 
 1998.0000    46.9500 
 2000.0000    47.1600 
 2002.0000    47.3800 
 2004.0000    47.6200 
 2006.0000    47.9000 
 2008.0000    48.1900 
 2010.0000    48.4600 
 2012.0000    48.6900 
 2014.0000    48.9000 
 2016.0000    49.1300 
 2018.0000    49.3800 
 2020.0000    49.6000 
 2022.0000    49.7800 
 2024.0000    49.9900 
 2026.0000    50.2100 
 2028.0000    50.4400 
 2030.0000    50.6700 
 2032.0000    50.8600 
 2034.0000    51.1100 
 2036.0000    51.3100 
 2038.0000    51.5200 
 2040.0000    51.6700 
 2042.0000    51.8200 
 2044.0000    51.9900 
 2046.0000    52.1100 
 2048.0000    52.2500 
 2050.0000    52.3850 
 2052.0000    52.5500 
 2054.0000    52.7300 
 2056.0000    52.8800 
 2058.0000    52.9800 
 2060.0000    53.0600 
 2062.0000    53.1600 
 2064.0000    53.2700 
 2066.0000    53.3500 
 2068.0000    53.4400 
 2070.0000    53.5200 
 2072.0000    53.6400 
 2074.0000    53.7400 
 2076.0000    53.8000 
 2078.0000    53.8600 
 2080.0000    53.9400 
 2082.0000    54.0100 
 2084.0000    54.0750 
 2086.0000    54.1450 
 2088.0000    54.2200 
 2090.0000    54.2800 
 2092.0000    54.3100 
 2094.0000    54.3250 
 2096.0000    54.4000 
 2098.0000    54.5000 
 2100.0000    54.5600 
 2102.0000    54.5900 
 2104.0000    54.5700 
 2106.0000    54.5900 
 2108.0000    54.6600 
 2110.0000    54.7000 
 2112.0000    54.7200 
 2114.0000    54.7300 
 2116.0000    54.7800 
 2118.0000    54.8400 
 2120.0000    54.8500 
 2122.0000    54.8400 
 2124.0000    54.8100 
 2126.0000    54.7900 
 2128.0000    54.7550 
 2130.0000    54.7800 
 2132.0000    54.8000 
 2134.0000    54.8400 
 2136.0000    54.8400 
 2138.0000    54.8100 
 2140.0000    54.7800 
 2142.0000    54.7100 
 2144.0000    54.6400 
 2146.0000    54.6100 
 2148.0000    54.6000 
 2150.0000    54.5300 
 2152.0000    54.3900 
 2154.0000    54.2700 
 2156.0000    54.1450 
 2158.0000    54.0700 
 2160.0000    53.9500 
 2162.0000    53.8950 
 2164.0000    53.9100 
 2166.0000    53.9200 
 2168.0000    53.9100 
 2170.0000    53.8700 
 2172.0000    53.8300 
 2174.0000    53.8300 
 2176.0000    53.8000 
 2178.0000    53.7300 
 2180.0000    53.6400 
 2182.0000    53.5600 
 2184.0000    53.4800 
 2186.0000    53.3700 
 2188.0000    53.2300 
 2190.0000    53.0700 
 2192.0000    52.8600 
 2194.0000    52.6500 
 2196.0000    52.4200 
 2198.0000    52.1600 
 2200.0000    51.8300 
 2202.0000    51.4300 
 2204.0000    51.0300 
 2206.0000    50.6500 
 2208.0000    50.3900 
 2210.0000    50.3200 
 2212.0000    50.5200 
 2214.0000    50.9300 
 2216.0000    51.3800 
 2218.0000    51.8300 
 2220.0000    52.1500 
 2222.0000    52.3500 
 2224.0000    52.4000 
 2226.0000    52.4000 
 2228.0000    52.4000 
 2230.0000    52.3500 
 2232.0000    52.3150 
 2234.0000    52.2300 
 2236.0000    52.1700 
 2238.0000    52.0600 
 2240.0000    52.0000 
 2242.0000    51.9400 
 2244.0000    51.8900 
 2246.0000    51.8100 
 2248.0000    51.6600 
 2250.0000    51.4700 
 2252.0000    51.1900 
 2254.0000    50.8300 
 2256.0000    50.4200 
 2258.0000    49.9700 
 2260.0000    49.3500 
 2262.0000    48.5000 
 2264.0000    47.4800 
 2266.0000    46.3500 
 2268.0000    45.1900 
 2270.0000    43.9800 
 2272.0000    42.7200 
 2274.0000    41.5500 
 2276.0000    40.5100 
 2278.0000    39.6800 
 2280.0000    39.0500 
 2282.0000    38.6200 
 2284.0000    38.4500 
 2286.0000    38.6400 
 2288.0000    39.2000 
 2290.0000    39.9200 
 2292.0000    40.7700 
 2294.0000    41.6600 
 2296.0000    42.5400 
 2298.0000    43.3600 
 2300.0000    44.1500 
 2302.0000    44.8400 
 2304.0000    45.3800 
 2306.0000    45.7700 
 2308.0000    46.1600 
 2310.0000    46.4500 
 2312.0000    46.6400 
 2314.0000    46.7500 
 2316.0000    46.7900 
 2318.0000    46.8400 
 2320.0000    46.8700 
 2322.0000    46.8800 
 2324.0000    46.8200 
 2326.0000    46.7800 
 2328.0000    46.7800 
 2330.0000    46.7400 
 2332.0000    46.6200 
 2334.0000    46.4600 
 2336.0000    46.3000 
 2338.0000    46.1700 
 2340.0000    46.0100 
 2342.0000    45.8600 
 2344.0000    45.7300 
 2346.0000    45.5300 
 2348.0000    45.2600 
 2350.0000    45.0000 
 2352.0000    44.8100 
 2354.0000    44.6500 
 2356.0000    44.4700 
 2358.0000    44.2700 
 2360.0000    44.0500 
 2362.0000    43.8000 
 2364.0000    43.7200 
 2366.0000    43.6200 
 2368.0000    43.4600 
 2370.0000    43.1700 
 2372.0000    42.8800 
 2374.0000    42.6400 
 2376.0000    42.4000 
 2378.0000    42.1300 
 2380.0000    41.7000 
 2382.0000    41.2800 
 2384.0000    40.8700 
 2386.0000    40.5400 
 2388.0000    40.2000 
 2390.0000    39.8100 
 2392.0000    39.4450 
 2394.0000    39.1100 
 2396.0000    38.8100 
 2398.0000    38.5300 
 2400.0000    38.2500 
 2402.0000    38.0100 
 2404.0000    37.8200 
 2406.0000    37.6400 
 2408.0000    37.5900 
 2410.0000    37.5900 
 2412.0000    37.6300 
 2414.0000    37.5950 
 2416.0000    37.6600 
 2418.0000    37.7600 
 2420.0000    37.8000 
 2422.0000    37.7400 
 2424.0000    37.6600 
 2426.0000    37.5050 
 2428.0000    37.3000 
 2430.0000    37.1200 
 2432.0000    36.9500 
 2434.0000    36.8000 
 2436.0000    36.6500 
 2438.0000    36.5350 
 2440.0000    36.3550 
 2442.0000    36.1400 
 2444.0000    35.9400 
 2446.0000    35.8200 
 2448.0000    35.7000 
 2450.0000    35.5600 
 2452.0000    35.4000 
 2454.0000    35.2400 
 2456.0000    35.0450 
 2458.0000    34.8100 
 2460.0000    34.5200 
 2462.0000    34.2100 
 2464.0000    34.0000 
 2466.0000    33.8400 
 2468.0000    33.6400 
 2470.0000    33.3900 
 2472.0000    33.1000 
 2474.0000    32.8000 
 2476.0000    32.5500 
 2478.0000    32.2800 
 2480.0000    31.9500 
 2482.0000    31.6100 
 2484.0000    31.4000 
 2486.0000    31.1900 
 2488.0000    31.0100 
 2490.0000    30.7800 
 2492.0000    30.5700 
 2494.0000    30.3700 
 2496.0000    30.3500 
 2498.0000    30.2400 
 2500.0000    30.0300 
