 1300.0000    53.8800 
 1302.0000    53.6300 
 1304.0000    53.4500 
 1306.0000    53.2400 
 1308.0000    53.3800 
 1310.0000    53.4900 
 1312.0000    53.3400 
 1314.0000    53.1050 
 1316.0000    52.7700 
 1318.0000    52.6900 
 1320.0000    52.7200 
 1322.0000    52.8150 
 1324.0000    52.8150 
 1326.0000    52.8000 
 1328.0000    52.7100 
 1330.0000    52.6700 
 1332.0000    52.6000 
 1334.0000    52.5900 
 1336.0000    52.6000 
 1338.0000    52.5800 
 1340.0000    52.5400 
 1342.0000    52.4600 
 1344.0000    52.3600 
 1346.0000    52.2700 
 1348.0000    52.2300 
 1350.0000    52.2000 
 1352.0000    52.1900 
 1354.0000    52.2000 
 1356.0000    52.1600 
 1358.0000    52.1100 
 1360.0000    52.0250 
 1362.0000    51.9500 
 1364.0000    51.8800 
 1366.0000    51.8100 
 1368.0000    51.7400 
 1370.0000    51.6700 
 1372.0000    51.5400 
 1374.0000    51.4000 
 1376.0000    51.2300 
 1378.0000    51.0200 
 1380.0000    50.7900 
 1382.0000    50.4900 
 1384.0000    50.1600 
 1386.0000    49.7600 
 1388.0000    49.3300 
 1390.0000    48.8500 
 1392.0000    48.3400 
 1394.0000    47.7800 
 1396.0000    47.1900 
 1398.0000    46.5800 
 1400.0000    46.0000 
 1402.0000    45.4500 
 1404.0000    44.9400 
 1406.0000    44.4900 
 1408.0000    44.1200 
 1410.0000    43.8200 
 1412.0000    43.5700 
 1414.0000    43.3500 
 1416.0000    43.1800 
 1418.0000    43.0700 
 1420.0000    43.0000 
 1422.0000    42.9200 
 1424.0000    42.8200 
 1426.0000    42.6900 
 1428.0000    42.5300 
 1430.0000    42.3700 
 1432.0000    42.2500 
 1434.0000    42.1700 
 1436.0000    42.2200 
 1438.0000    42.3700 
 1440.0000    42.6300 
 1442.0000    42.9800 
 1444.0000    43.3900 
 1446.0000    43.8300 
 1448.0000    44.2900 
 1450.0000    44.7300 
 1452.0000    45.1400 
 1454.0000    45.4900 
 1456.0000    45.7400 
 1458.0000    45.9200 
 1460.0000    46.0400 
 1462.0000    46.1200 
 1464.0000    46.2000 
 1466.0000    46.2600 
 1468.0000    46.2900 
 1470.0000    46.3600 
 1472.0000    46.4300 
 1474.0000    46.5500 
 1476.0000    46.6800 
 1478.0000    46.8200 
 1480.0000    46.9700 
 1482.0000    47.1500 
 1484.0000    47.3300 
 1486.0000    47.5100 
 1488.0000    47.6200 
 1490.0000    47.7600 
 1492.0000    47.9200 
 1494.0000    48.0800 
 1496.0000    48.2400 
 1498.0000    48.3800 
 1500.0000    48.4700 
 1502.0000    48.5900 
 1504.0000    48.7100 
 1506.0000    48.8400 
 1508.0000    48.9600 
 1510.0000    49.0800 
 1512.0000    49.1900 
 1514.0000    49.2900 
 1516.0000    49.3800 
 1518.0000    49.4800 
 1520.0000    49.5700 
 1522.0000    49.6700 
 1524.0000    49.7500 
 1526.0000    49.8300 
 1528.0000    49.9000 
 1530.0000    49.9800 
 1532.0000    50.0800 
 1534.0000    50.1700 
 1536.0000    50.1950 
 1538.0000    50.2800 
 1540.0000    50.3100 
 1542.0000    50.3900 
 1544.0000    50.4900 
 1546.0000    50.5400 
 1548.0000    50.6000 
 1550.0000    50.6700 
 1552.0000    50.7400 
 1554.0000    50.7800 
 1556.0000    50.8050 
 1558.0000    50.8050 
 1560.0000    50.8300 
 1562.0000    50.9100 
 1564.0000    50.9700 
 1566.0000    50.9850 
 1568.0000    51.0550 
 1570.0000    51.0900 
 1572.0000    51.1000 
 1574.0000    51.0900 
 1576.0000    51.1100 
 1578.0000    51.1650 
 1580.0000    51.2350 
 1582.0000    51.2800 
 1584.0000    51.3000 
 1586.0000    51.3100 
 1588.0000    51.3100 
 1590.0000    51.3600 
 1592.0000    51.4100 
 1594.0000    51.4400 
 1596.0000    51.4400 
 1598.0000    51.4500 
 1600.0000    51.4500 
 1602.0000    51.5000 
 1604.0000    51.5300 
 1606.0000    51.5400 
 1608.0000    51.5400 
 1610.0000    51.5500 
 1612.0000    51.5900 
 1614.0000    51.6100 
 1616.0000    51.6100 
 1618.0000    51.6100 
 1620.0000    51.6300 
 1622.0000    51.6600 
 1624.0000    51.7000 
 1626.0000    51.7000 
 1628.0000    51.6600 
 1630.0000    51.6500 
 1632.0000    51.6600 
 1634.0000    51.6700 
 1636.0000    51.7100 
 1638.0000    51.7100 
 1640.0000    51.7200 
 1642.0000    51.7300 
 1644.0000    51.7100 
 1646.0000    51.7300 
 1648.0000    51.7500 
 1650.0000    51.7600 
 1652.0000    51.7500 
 1654.0000    51.7200 
 1656.0000    51.7200 
 1658.0000    51.7200 
 1660.0000    51.7300 
 1662.0000    51.7500 
 1664.0000    51.7000 
 1666.0000    51.6900 
 1668.0000    51.6800 
 1670.0000    51.6600 
 1672.0000    51.6600 
 1674.0000    51.6300 
 1676.0000    51.6300 
 1678.0000    51.6300 
 1680.0000    51.6600 
 1682.0000    51.6800 
 1684.0000    51.6500 
 1686.0000    51.6300 
 1688.0000    51.6300 
 1690.0000    51.6500 
 1692.0000    51.6900 
 1694.0000    51.7000 
 1696.0000    51.7100 
 1698.0000    51.7100 
 1700.0000    51.7200 
 1702.0000    51.7000 
 1704.0000    51.6700 
 1706.0000    51.6400 
 1708.0000    51.6100 
 1710.0000    51.5800 
 1712.0000    51.5900 
 1714.0000    51.5950 
 1716.0000    51.6200 
 1718.0000    51.6300 
 1720.0000    51.5900 
 1722.0000    51.5500 
 1724.0000    51.5000 
 1726.0000    51.4700 
 1728.0000    51.5300 
 1730.0000    51.5400 
 1732.0000    51.5400 
 1734.0000    51.5200 
 1736.0000    51.5000 
 1738.0000    51.4700 
 1740.0000    51.4150 
 1742.0000    51.3700 
 1744.0000    51.2900 
 1746.0000    51.2350 
 1748.0000    51.2200 
 1750.0000    51.2200 
 1752.0000    51.2000 
 1754.0000    51.1800 
 1756.0000    51.1500 
 1758.0000    51.1000 
 1760.0000    51.0900 
 1762.0000    51.0500 
 1764.0000    51.0200 
 1766.0000    50.9600 
 1768.0000    50.9400 
 1770.0000    50.9100 
 1772.0000    50.8800 
 1774.0000    50.8500 
 1776.0000    50.8000 
 1778.0000    50.7400 
 1780.0000    50.7200 
 1782.0000    50.6700 
 1784.0000    50.6200 
 1786.0000    50.6000 
 1788.0000    50.5900 
 1790.0000    50.6000 
 1792.0000    50.5900 
 1794.0000    50.5500 
 1796.0000    50.5200 
 1798.0000    50.4600 
 1800.0000    50.4300 
 1802.0000    50.4300 
 1804.0000    50.4300 
 1806.0000    50.4450 
 1808.0000    50.4200 
 1810.0000    50.3900 
 1812.0000    50.3900 
 1814.0000    50.3700 
 1816.0000    50.3600 
 1818.0000    50.3200 
 1820.0000    50.3000 
 1822.0000    50.3000 
 1824.0000    50.2800 
 1826.0000    50.2600 
 1828.0000    50.2100 
 1830.0000    50.1600 
 1832.0000    50.1300 
 1834.0000    50.1000 
 1836.0000    50.0700 
 1838.0000    50.0300 
 1840.0000    49.9600 
 1842.0000    49.9000 
 1844.0000    49.7900 
 1846.0000    49.6700 
 1848.0000    49.6000 
 1850.0000    49.4800 
 1852.0000    49.3400 
 1854.0000    49.1700 
 1856.0000    48.9600 
 1858.0000    48.7700 
 1860.0000    48.5600 
 1862.0000    48.3000 
 1864.0000    48.0000 
 1866.0000    47.6200 
 1868.0000    47.1700 
 1870.0000    46.6800 
 1872.0000    46.1200 
 1874.0000    45.5000 
 1876.0000    44.8200 
 1878.0000    44.0800 
 1880.0000    43.2500 
 1882.0000    42.3400 
 1884.0000    41.3400 
 1886.0000    40.2300 
 1888.0000    39.0400 
 1890.0000    37.7700 
 1892.0000    36.4700 
 1894.0000    35.1600 
 1896.0000    33.8700 
 1898.0000    32.6700 
 1900.0000    31.6400 
 1902.0000    30.8000 
 1904.0000    30.2100 
 1906.0000    29.8500 
 1908.0000    29.6750 
 1910.0000    29.7100 
 1912.0000    29.8400 
 1914.0000    30.0800 
 1916.0000    30.3900 
 1918.0000    30.7200 
 1920.0000    31.0600 
 1922.0000    31.3600 
 1924.0000    31.6400 
 1926.0000    31.9300 
 1928.0000    32.2200 
 1930.0000    32.4900 
 1932.0000    32.7200 
 1934.0000    32.9400 
 1936.0000    33.1400 
 1938.0000    33.3200 
 1940.0000    33.5000 
 1942.0000    33.6800 
 1944.0000    33.8400 
 1946.0000    33.9850 
 1948.0000    34.1300 
 1950.0000    34.2700 
 1952.0000    34.4300 
 1954.0000    34.5800 
 1956.0000    34.7200 
 1958.0000    34.8500 
 1960.0000    34.9700 
 1962.0000    35.1200 
 1964.0000    35.2500 
 1966.0000    35.3500 
 1968.0000    35.5000 
 1970.0000    35.6700 
 1972.0000    35.8600 
 1974.0000    35.9900 
 1976.0000    36.1300 
 1978.0000    36.3100 
 1980.0000    36.5100 
 1982.0000    36.7000 
 1984.0000    36.8400 
 1986.0000    37.0300 
 1988.0000    37.2350 
 1990.0000    37.4500 
 1992.0000    37.6400 
 1994.0000    37.8300 
 1996.0000    38.0500 
 1998.0000    38.2800 
 2000.0000    38.5300 
 2002.0000    38.7700 
 2004.0000    39.0200 
 2006.0000    39.2400 
 2008.0000    39.4600 
 2010.0000    39.7000 
 2012.0000    39.9300 
 2014.0000    40.1400 
 2016.0000    40.2900 
 2018.0000    40.4600 
 2020.0000    40.6500 
 2022.0000    40.8800 
 2024.0000    41.1100 
 2026.0000    41.3100 
 2028.0000    41.4800 
 2030.0000    41.6300 
 2032.0000    41.7900 
 2034.0000    41.9600 
 2036.0000    42.1300 
 2038.0000    42.2900 
 2040.0000    42.4300 
 2042.0000    42.5700 
 2044.0000    42.7300 
 2046.0000    42.8700 
 2048.0000    43.0400 
 2050.0000    43.1600 
 2052.0000    43.2300 
 2054.0000    43.2900 
 2056.0000    43.3600 
 2058.0000    43.4700 
 2060.0000    43.6100 
 2062.0000    43.7400 
 2064.0000    43.8200 
 2066.0000    43.8600 
 2068.0000    43.9400 
 2070.0000    44.0400 
 2072.0000    44.1400 
 2074.0000    44.2100 
 2076.0000    44.2300 
 2078.0000    44.2700 
 2080.0000    44.3100 
 2082.0000    44.3900 
 2084.0000    44.4700 
 2086.0000    44.5300 
 2088.0000    44.5900 
 2090.0000    44.6600 
 2092.0000    44.7500 
 2094.0000    44.8100 
 2096.0000    44.8300 
 2098.0000    44.8300 
 2100.0000    44.8300 
 2102.0000    44.8700 
 2104.0000    44.9200 
 2106.0000    45.0300 
 2108.0000    45.0500 
 2110.0000    45.0800 
 2112.0000    45.0800 
 2114.0000    45.1300 
 2116.0000    45.1900 
 2118.0000    45.2200 
 2120.0000    45.2600 
 2122.0000    45.2700 
 2124.0000    45.2900 
 2126.0000    45.2800 
 2128.0000    45.2800 
 2130.0000    45.2900 
 2132.0000    45.3100 
 2134.0000    45.3300 
 2136.0000    45.3500 
 2138.0000    45.3700 
 2140.0000    45.4100 
 2142.0000    45.4100 
 2144.0000    45.4400 
 2146.0000    45.4300 
 2148.0000    45.4500 
 2150.0000    45.4800 
 2152.0000    45.4700 
 2154.0000    45.4900 
 2156.0000    45.4700 
 2158.0000    45.4400 
 2160.0000    45.4400 
 2162.0000    45.3900 
 2164.0000    45.3800 
 2166.0000    45.3400 
 2168.0000    45.3500 
 2170.0000    45.3200 
 2172.0000    45.2700 
 2174.0000    45.2300 
 2176.0000    45.1500 
 2178.0000    45.0900 
 2180.0000    45.0000 
 2182.0000    44.9400 
 2184.0000    44.8900 
 2186.0000    44.8000 
 2188.0000    44.7200 
 2190.0000    44.6000 
 2192.0000    44.5000 
 2194.0000    44.4300 
 2196.0000    44.3800 
 2198.0000    44.3300 
 2200.0000    44.2300 
 2202.0000    44.1500 
 2204.0000    44.1000 
 2206.0000    44.0700 
 2208.0000    44.0300 
 2210.0000    43.9500 
 2212.0000    43.9100 
 2214.0000    43.8500 
 2216.0000    43.7800 
 2218.0000    43.7400 
 2220.0000    43.7000 
 2222.0000    43.7100 
 2224.0000    43.6600 
 2226.0000    43.6500 
 2228.0000    43.5800 
 2230.0000    43.5100 
 2232.0000    43.4300 
 2234.0000    43.3900 
 2236.0000    43.3700 
 2238.0000    43.3100 
 2240.0000    43.2200 
 2242.0000    43.0900 
 2244.0000    42.9700 
 2246.0000    42.8100 
 2248.0000    42.6300 
 2250.0000    42.3600 
 2252.0000    42.0400 
 2254.0000    41.6700 
 2256.0000    41.3000 
 2258.0000    40.9200 
 2260.0000    40.4000 
 2262.0000    39.8500 
 2264.0000    39.2300 
 2266.0000    38.5300 
 2268.0000    37.8000 
 2270.0000    37.1200 
 2272.0000    36.4300 
 2274.0000    35.7450 
 2276.0000    35.1100 
 2278.0000    34.5400 
 2280.0000    34.0600 
 2282.0000    33.7300 
 2284.0000    33.5300 
 2286.0000    33.5100 
 2288.0000    33.7000 
 2290.0000    34.0500 
 2292.0000    34.5400 
 2294.0000    35.1000 
 2296.0000    35.6500 
 2298.0000    36.2000 
 2300.0000    36.7150 
 2302.0000    37.2200 
 2304.0000    37.7000 
 2306.0000    38.0800 
 2308.0000    38.4200 
 2310.0000    38.6200 
 2312.0000    38.8100 
 2314.0000    38.8900 
 2316.0000    38.9600 
 2318.0000    38.9800 
 2320.0000    39.0200 
 2322.0000    39.0800 
 2324.0000    39.1200 
 2326.0000    39.1100 
 2328.0000    39.1100 
 2330.0000    39.0850 
 2332.0000    39.0400 
 2334.0000    38.9050 
 2336.0000    38.8000 
 2338.0000    38.6900 
 2340.0000    38.5400 
 2342.0000    38.3800 
 2344.0000    38.2950 
 2346.0000    38.1900 
 2348.0000    38.0600 
 2350.0000    37.9300 
 2352.0000    37.7600 
 2354.0000    37.5800 
 2356.0000    37.4500 
 2358.0000    37.2600 
 2360.0000    37.1400 
 2362.0000    36.9900 
 2364.0000    36.8500 
 2366.0000    36.7150 
 2368.0000    36.5800 
 2370.0000    36.3200 
 2372.0000    36.0700 
 2374.0000    35.9200 
 2376.0000    35.7450 
 2378.0000    35.5500 
 2380.0000    35.2400 
 2382.0000    34.9550 
 2384.0000    34.5600 
 2386.0000    34.2800 
 2388.0000    33.9100 
 2390.0000    33.5300 
 2392.0000    33.1050 
 2394.0000    32.7450 
 2396.0000    32.4800 
 2398.0000    32.2100 
 2400.0000    32.0400 
 2402.0000    31.8650 
 2404.0000    31.7500 
 2406.0000    31.6800 
 2408.0000    31.6300 
 2410.0000    31.5800 
 2412.0000    31.6200 
 2414.0000    31.7100 
 2416.0000    31.6900 
 2418.0000    31.5400 
 2420.0000    31.5300 
 2422.0000    31.5600 
 2424.0000    31.5300 
 2426.0000    31.4000 
 2428.0000    31.3100 
 2430.0000    31.1650 
 2432.0000    31.0400 
 2434.0000    30.9400 
 2436.0000    30.8300 
 2438.0000    30.6800 
 2440.0000    30.5400 
 2442.0000    30.3750 
 2444.0000    30.1900 
 2446.0000    30.0900 
 2448.0000    29.9600 
 2450.0000    29.8400 
 2452.0000    29.6750 
 2454.0000    29.5100 
 2456.0000    29.3700 
 2458.0000    29.2250 
 2460.0000    29.1000 
 2462.0000    28.8900 
 2464.0000    28.7300 
 2466.0000    28.5200 
 2468.0000    28.2900 
 2470.0000    28.1200 
 2472.0000    27.9800 
 2474.0000    27.8000 
 2476.0000    27.5700 
 2478.0000    27.4000 
 2480.0000    27.3200 
 2482.0000    27.1400 
 2484.0000    26.9000 
 2486.0000    26.5850 
 2488.0000    26.3600 
 2490.0000    26.2500 
 2492.0000    26.1200 
 2494.0000    25.9100 
 2496.0000    25.6900 
 2498.0000    25.6600 
 2500.0000    25.6400 
