 1300.0000    60.5700 
 1302.0000    60.5600 
 1304.0000    60.5000 
 1306.0000    60.4200 
 1308.0000    60.3200 
 1310.0000    60.1600 
 1312.0000    59.9300 
 1314.0000    60.0800 
 1316.0000    60.1900 
 1318.0000    60.0350 
 1320.0000    59.9650 
 1322.0000    60.0200 
 1324.0000    60.0350 
 1326.0000    60.1000 
 1328.0000    60.0000 
 1330.0000    59.8100 
 1332.0000    59.7400 
 1334.0000    59.6500 
 1336.0000    59.6500 
 1338.0000    59.6900 
 1340.0000    59.7200 
 1342.0000    59.7000 
 1344.0000    59.6050 
 1346.0000    59.5000 
 1348.0000    59.4250 
 1350.0000    59.3900 
 1352.0000    59.3700 
 1354.0000    59.3400 
 1356.0000    59.2800 
 1358.0000    59.2300 
 1360.0000    59.1750 
 1362.0000    59.1000 
 1364.0000    58.9950 
 1366.0000    58.8600 
 1368.0000    58.7100 
 1370.0000    58.5400 
 1372.0000    58.3400 
 1374.0000    58.1300 
 1376.0000    57.8400 
 1378.0000    57.5400 
 1380.0000    57.2600 
 1382.0000    56.9700 
 1384.0000    56.7300 
 1386.0000    56.5000 
 1388.0000    56.2300 
 1390.0000    55.8800 
 1392.0000    55.4600 
 1394.0000    54.9900 
 1396.0000    54.4700 
 1398.0000    53.9200 
 1400.0000    53.3800 
 1402.0000    52.8400 
 1404.0000    52.3000 
 1406.0000    51.7000 
 1408.0000    50.9600 
 1410.0000    50.1000 
 1412.0000    49.1700 
 1414.0000    48.3600 
 1416.0000    47.9100 
 1418.0000    47.9200 
 1420.0000    48.3400 
 1422.0000    48.9400 
 1424.0000    49.4800 
 1426.0000    49.8400 
 1428.0000    50.0800 
 1430.0000    50.2600 
 1432.0000    50.4900 
 1434.0000    50.7400 
 1436.0000    51.0200 
 1438.0000    51.2900 
 1440.0000    51.4800 
 1442.0000    51.5900 
 1444.0000    51.6700 
 1446.0000    51.7400 
 1448.0000    51.8700 
 1450.0000    52.0600 
 1452.0000    52.2500 
 1454.0000    52.4600 
 1456.0000    52.6500 
 1458.0000    52.7800 
 1460.0000    52.9100 
 1462.0000    53.0200 
 1464.0000    53.1400 
 1466.0000    53.2700 
 1468.0000    53.3700 
 1470.0000    53.4600 
 1472.0000    53.5200 
 1474.0000    53.6000 
 1476.0000    53.7150 
 1478.0000    53.8700 
 1480.0000    54.0500 
 1482.0000    54.2700 
 1484.0000    54.5000 
 1486.0000    54.7400 
 1488.0000    55.0100 
 1490.0000    55.2700 
 1492.0000    55.5200 
 1494.0000    55.7600 
 1496.0000    55.9400 
 1498.0000    56.1100 
 1500.0000    56.3000 
 1502.0000    56.4900 
 1504.0000    56.6600 
 1506.0000    56.8200 
 1508.0000    56.9500 
 1510.0000    57.0550 
 1512.0000    57.1800 
 1514.0000    57.2800 
 1516.0000    57.3900 
 1518.0000    57.5000 
 1520.0000    57.5950 
 1522.0000    57.7000 
 1524.0000    57.7800 
 1526.0000    57.8600 
 1528.0000    57.9500 
 1530.0000    58.0250 
 1532.0000    58.1100 
 1534.0000    58.1900 
 1536.0000    58.2900 
 1538.0000    58.4000 
 1540.0000    58.4900 
 1542.0000    58.5600 
 1544.0000    58.6000 
 1546.0000    58.6300 
 1548.0000    58.6700 
 1550.0000    58.7200 
 1552.0000    58.7800 
 1554.0000    58.8300 
 1556.0000    58.9000 
 1558.0000    58.9600 
 1560.0000    59.0300 
 1562.0000    59.0650 
 1564.0000    59.1200 
 1566.0000    59.1400 
 1568.0000    59.2200 
 1570.0000    59.2400 
 1572.0000    59.3000 
 1574.0000    59.3550 
 1576.0000    59.3900 
 1578.0000    59.4250 
 1580.0000    59.4400 
 1582.0000    59.4500 
 1584.0000    59.4800 
 1586.0000    59.4900 
 1588.0000    59.5500 
 1590.0000    59.6300 
 1592.0000    59.6900 
 1594.0000    59.7000 
 1596.0000    59.6900 
 1598.0000    59.7100 
 1600.0000    59.7600 
 1602.0000    59.7850 
 1604.0000    59.8000 
 1606.0000    59.8100 
 1608.0000    59.8500 
 1610.0000    59.8800 
 1612.0000    59.9000 
 1614.0000    59.8900 
 1616.0000    59.9000 
 1618.0000    59.9600 
 1620.0000    60.0100 
 1622.0000    60.0500 
 1624.0000    60.0500 
 1626.0000    60.0500 
 1628.0000    60.0800 
 1630.0000    60.0900 
 1632.0000    60.1300 
 1634.0000    60.1300 
 1636.0000    60.1200 
 1638.0000    60.1300 
 1640.0000    60.1000 
 1642.0000    60.1200 
 1644.0000    60.1700 
 1646.0000    60.1900 
 1648.0000    60.1600 
 1650.0000    60.1400 
 1652.0000    60.1400 
 1654.0000    60.1700 
 1656.0000    60.1900 
 1658.0000    60.1800 
 1660.0000    60.1900 
 1662.0000    60.1600 
 1664.0000    60.1600 
 1666.0000    60.1300 
 1668.0000    60.0600 
 1670.0000    60.0350 
 1672.0000    60.0350 
 1674.0000    60.0300 
 1676.0000    60.0500 
 1678.0000    60.0700 
 1680.0000    60.1000 
 1682.0000    60.1200 
 1684.0000    60.1200 
 1686.0000    60.0800 
 1688.0000    60.0800 
 1690.0000    60.0500 
 1692.0000    60.0500 
 1694.0000    60.0500 
 1696.0000    60.0600 
 1698.0000    60.0700 
 1700.0000    60.0350 
 1702.0000    60.0300 
 1704.0000    59.9900 
 1706.0000    59.9600 
 1708.0000    59.9500 
 1710.0000    59.9100 
 1712.0000    59.9100 
 1714.0000    59.8900 
 1716.0000    59.8500 
 1718.0000    59.8100 
 1720.0000    59.7400 
 1722.0000    59.7400 
 1724.0000    59.7200 
 1726.0000    59.7100 
 1728.0000    59.6700 
 1730.0000    59.6400 
 1732.0000    59.5900 
 1734.0000    59.5600 
 1736.0000    59.5100 
 1738.0000    59.4900 
 1740.0000    59.4800 
 1742.0000    59.4800 
 1744.0000    59.4700 
 1746.0000    59.4200 
 1748.0000    59.4000 
 1750.0000    59.3550 
 1752.0000    59.3300 
 1754.0000    59.3100 
 1756.0000    59.2700 
 1758.0000    59.2100 
 1760.0000    59.1700 
 1762.0000    59.1200 
 1764.0000    59.0300 
 1766.0000    58.9700 
 1768.0000    58.9000 
 1770.0000    58.8150 
 1772.0000    58.7700 
 1774.0000    58.7100 
 1776.0000    58.6350 
 1778.0000    58.5500 
 1780.0000    58.4500 
 1782.0000    58.3700 
 1784.0000    58.3000 
 1786.0000    58.2700 
 1788.0000    58.2300 
 1790.0000    58.1700 
 1792.0000    58.1100 
 1794.0000    58.0400 
 1796.0000    57.9500 
 1798.0000    57.8900 
 1800.0000    57.8450 
 1802.0000    57.8200 
 1804.0000    57.8300 
 1806.0000    57.8200 
 1808.0000    57.7900 
 1810.0000    57.7700 
 1812.0000    57.7500 
 1814.0000    57.7100 
 1816.0000    57.7000 
 1818.0000    57.6800 
 1820.0000    57.6400 
 1822.0000    57.6100 
 1824.0000    57.5700 
 1826.0000    57.5500 
 1828.0000    57.5600 
 1830.0000    57.5200 
 1832.0000    57.4850 
 1834.0000    57.4150 
 1836.0000    57.3200 
 1838.0000    57.2200 
 1840.0000    57.1500 
 1842.0000    57.0900 
 1844.0000    57.0000 
 1846.0000    56.8700 
 1848.0000    56.7100 
 1850.0000    56.5700 
 1852.0000    56.4100 
 1854.0000    56.2300 
 1856.0000    56.0200 
 1858.0000    55.7800 
 1860.0000    55.5200 
 1862.0000    55.2200 
 1864.0000    54.8600 
 1866.0000    54.3800 
 1868.0000    53.7500 
 1870.0000    53.0400 
 1872.0000    52.2300 
 1874.0000    51.4000 
 1876.0000    50.5700 
 1878.0000    49.7200 
 1880.0000    48.9300 
 1882.0000    48.0900 
 1884.0000    47.2000 
 1886.0000    46.2600 
 1888.0000    45.2000 
 1890.0000    44.1000 
 1892.0000    42.9000 
 1894.0000    41.6100 
 1896.0000    40.2300 
 1898.0000    38.7800 
 1900.0000    37.3600 
 1902.0000    36.0700 
 1904.0000    34.8900 
 1906.0000    33.8500 
 1908.0000    33.0100 
 1910.0000    32.3800 
 1912.0000    31.9400 
 1914.0000    31.6300 
 1916.0000    31.4300 
 1918.0000    31.3450 
 1920.0000    31.3700 
 1922.0000    31.4600 
 1924.0000    31.6000 
 1926.0000    31.8200 
 1928.0000    32.1350 
 1930.0000    32.6300 
 1932.0000    33.2600 
 1934.0000    34.0000 
 1936.0000    34.8000 
 1938.0000    35.6200 
 1940.0000    36.5100 
 1942.0000    37.3500 
 1944.0000    38.1100 
 1946.0000    38.7800 
 1948.0000    39.3900 
 1950.0000    39.9600 
 1952.0000    40.4100 
 1954.0000    40.7700 
 1956.0000    41.0600 
 1958.0000    41.3200 
 1960.0000    41.5500 
 1962.0000    41.7400 
 1964.0000    41.9600 
 1966.0000    42.1500 
 1968.0000    42.3300 
 1970.0000    42.5200 
 1972.0000    42.7100 
 1974.0000    42.9300 
 1976.0000    43.1000 
 1978.0000    43.2700 
 1980.0000    43.4400 
 1982.0000    43.6600 
 1984.0000    43.8800 
 1986.0000    44.1000 
 1988.0000    44.3500 
 1990.0000    44.6100 
 1992.0000    44.8800 
 1994.0000    45.1500 
 1996.0000    45.4200 
 1998.0000    45.6800 
 2000.0000    45.9500 
 2002.0000    46.2300 
 2004.0000    46.5400 
 2006.0000    46.8200 
 2008.0000    47.0900 
 2010.0000    47.3700 
 2012.0000    47.6000 
 2014.0000    47.8500 
 2016.0000    48.1100 
 2018.0000    48.3800 
 2020.0000    48.6000 
 2022.0000    48.8300 
 2024.0000    49.0400 
 2026.0000    49.2400 
 2028.0000    49.4100 
 2030.0000    49.5500 
 2032.0000    49.7200 
 2034.0000    49.9200 
 2036.0000    50.0850 
 2038.0000    50.1950 
 2040.0000    50.2900 
 2042.0000    50.4200 
 2044.0000    50.5600 
 2046.0000    50.7000 
 2048.0000    50.8200 
 2050.0000    50.8900 
 2052.0000    50.9600 
 2054.0000    51.0700 
 2056.0000    51.1650 
 2058.0000    51.2300 
 2060.0000    51.3100 
 2062.0000    51.3800 
 2064.0000    51.4900 
 2066.0000    51.5600 
 2068.0000    51.6200 
 2070.0000    51.6800 
 2072.0000    51.7200 
 2074.0000    51.7700 
 2076.0000    51.7900 
 2078.0000    51.8000 
 2080.0000    51.8200 
 2082.0000    51.8400 
 2084.0000    51.9400 
 2086.0000    52.0250 
 2088.0000    52.0900 
 2090.0000    52.1000 
 2092.0000    52.0800 
 2094.0000    52.0900 
 2096.0000    52.1300 
 2098.0000    52.1600 
 2100.0000    52.2300 
 2102.0000    52.2400 
 2104.0000    52.1900 
 2106.0000    52.1800 
 2108.0000    52.1700 
 2110.0000    52.2200 
 2112.0000    52.2050 
 2114.0000    52.2000 
 2116.0000    52.2050 
 2118.0000    52.1900 
 2120.0000    52.1800 
 2122.0000    52.1350 
 2124.0000    52.1200 
 2126.0000    52.1200 
 2128.0000    52.1000 
 2130.0000    52.0800 
 2132.0000    52.0500 
 2134.0000    52.0250 
 2136.0000    52.0100 
 2138.0000    51.9700 
 2140.0000    51.9550 
 2142.0000    51.9300 
 2144.0000    51.9000 
 2146.0000    51.8900 
 2148.0000    51.8800 
 2150.0000    51.8800 
 2152.0000    51.8100 
 2154.0000    51.7400 
 2156.0000    51.7200 
 2158.0000    51.7100 
 2160.0000    51.6400 
 2162.0000    51.5950 
 2164.0000    51.5700 
 2166.0000    51.5600 
 2168.0000    51.5300 
 2170.0000    51.4700 
 2172.0000    51.4000 
 2174.0000    51.3000 
 2176.0000    51.1650 
 2178.0000    51.0300 
 2180.0000    50.9300 
 2182.0000    50.8050 
 2184.0000    50.6600 
 2186.0000    50.4900 
 2188.0000    50.3400 
 2190.0000    50.1950 
 2192.0000    50.0500 
 2194.0000    49.8900 
 2196.0000    49.7000 
 2198.0000    49.4800 
 2200.0000    49.1600 
 2202.0000    48.8600 
 2204.0000    48.5200 
 2206.0000    48.1300 
 2208.0000    47.7100 
 2210.0000    47.2900 
 2212.0000    46.9500 
 2214.0000    46.6200 
 2216.0000    46.2100 
 2218.0000    45.6300 
 2220.0000    44.8900 
 2222.0000    44.2300 
 2224.0000    44.0300 
 2226.0000    44.4300 
 2228.0000    45.3000 
 2230.0000    46.2900 
 2232.0000    47.0300 
 2234.0000    47.4700 
 2236.0000    47.6900 
 2238.0000    47.8300 
 2240.0000    47.9000 
 2242.0000    47.9000 
 2244.0000    47.8900 
 2246.0000    47.7900 
 2248.0000    47.5900 
 2250.0000    47.4000 
 2252.0000    47.1900 
 2254.0000    47.1600 
 2256.0000    47.2100 
 2258.0000    47.3300 
 2260.0000    47.4700 
 2262.0000    47.5500 
 2264.0000    47.5900 
 2266.0000    47.5700 
 2268.0000    47.5500 
 2270.0000    47.5400 
 2272.0000    47.4700 
 2274.0000    47.3000 
 2276.0000    47.1200 
 2278.0000    46.9800 
 2280.0000    46.8400 
 2282.0000    46.7000 
 2284.0000    46.5000 
 2286.0000    46.2900 
 2288.0000    46.0600 
 2290.0000    45.8600 
 2292.0000    45.7000 
 2294.0000    45.5400 
 2296.0000    45.3800 
 2298.0000    45.1700 
 2300.0000    44.9700 
 2302.0000    44.7900 
 2304.0000    44.6000 
 2306.0000    44.4300 
 2308.0000    44.2700 
 2310.0000    44.0700 
 2312.0000    43.8700 
 2314.0000    43.6600 
 2316.0000    43.5100 
 2318.0000    43.3100 
 2320.0000    43.0100 
 2322.0000    42.7200 
 2324.0000    42.3800 
 2326.0000    42.0900 
 2328.0000    41.8000 
 2330.0000    41.6200 
 2332.0000    41.4500 
 2334.0000    41.3100 
 2336.0000    41.2100 
 2338.0000    41.1700 
 2340.0000    41.1200 
 2342.0000    41.0600 
 2344.0000    40.9800 
 2346.0000    40.8900 
 2348.0000    40.8400 
 2350.0000    40.7300 
 2352.0000    40.6200 
 2354.0000    40.4100 
 2356.0000    40.3100 
 2358.0000    40.1900 
 2360.0000    40.1450 
 2362.0000    40.0400 
 2364.0000    39.8500 
 2366.0000    39.5500 
 2368.0000    39.3300 
 2370.0000    39.1500 
 2372.0000    38.9500 
 2374.0000    38.7400 
 2376.0000    38.4700 
 2378.0000    38.3100 
 2380.0000    38.1100 
 2382.0000    37.9300 
 2384.0000    37.7100 
 2386.0000    37.5000 
 2388.0000    37.3400 
 2390.0000    37.0900 
 2392.0000    36.9100 
 2394.0000    36.6600 
 2396.0000    36.4900 
 2398.0000    36.2800 
 2400.0000    36.0300 
 2402.0000    35.8300 
 2404.0000    35.6800 
 2406.0000    35.4900 
 2408.0000    35.2600 
 2410.0000    35.0000 
 2412.0000    34.7600 
 2414.0000    34.5400 
 2416.0000    34.3400 
 2418.0000    34.2300 
 2420.0000    34.1300 
 2422.0000    34.0000 
 2424.0000    33.8400 
 2426.0000    33.6900 
 2428.0000    33.5600 
 2430.0000    33.4000 
 2432.0000    33.2300 
 2434.0000    33.0300 
 2436.0000    32.8350 
 2438.0000    32.6800 
 2440.0000    32.5600 
 2442.0000    32.4700 
 2444.0000    32.4300 
 2446.0000    32.3500 
 2448.0000    32.3100 
 2450.0000    32.3150 
 2452.0000    32.3300 
 2454.0000    32.3000 
 2456.0000    32.1600 
 2458.0000    31.9300 
 2460.0000    31.7600 
 2462.0000    31.6700 
 2464.0000    31.5200 
 2466.0000    31.3700 
 2468.0000    31.2400 
 2470.0000    31.0700 
 2472.0000    30.9100 
 2474.0000    30.9100 
 2476.0000    30.7500 
 2478.0000    30.4400 
 2480.0000    30.1300 
 2482.0000    29.9900 
 2484.0000    29.8400 
 2486.0000    29.6300 
 2488.0000    29.4700 
 2490.0000    29.3700 
 2492.0000    29.1600 
 2494.0000    28.8400 
 2496.0000    28.6500 
 2498.0000    28.5900 
 2500.0000    28.4200 
