 1300.0000    69.4300 
 1302.0000    69.5800 
 1304.0000    69.7300 
 1306.0000    69.7500 
 1308.0000    69.7350 
 1310.0000    69.7350 
 1312.0000    69.7800 
 1314.0000    69.7700 
 1316.0000    69.7900 
 1318.0000    69.9400 
 1320.0000    70.0200 
 1322.0000    70.1100 
 1324.0000    70.2100 
 1326.0000    70.2000 
 1328.0000    70.1500 
 1330.0000    70.2300 
 1332.0000    70.2700 
 1334.0000    70.3200 
 1336.0000    70.4000 
 1338.0000    70.4000 
 1340.0000    70.2900 
 1342.0000    70.2500 
 1344.0000    70.2400 
 1346.0000    70.2000 
 1348.0000    70.2400 
 1350.0000    70.2800 
 1352.0000    70.2800 
 1354.0000    70.2600 
 1356.0000    70.2200 
 1358.0000    70.1600 
 1360.0000    70.0100 
 1362.0000    69.7100 
 1364.0000    69.0300 
 1366.0000    67.7900 
 1368.0000    66.0600 
 1370.0000    64.0950 
 1372.0000    62.3600 
 1374.0000    61.2900 
 1376.0000    61.1100 
 1378.0000    61.7500 
 1380.0000    62.9700 
 1382.0000    64.4200 
 1384.0000    65.7600 
 1386.0000    66.7800 
 1388.0000    67.4900 
 1390.0000    67.9400 
 1392.0000    68.2400 
 1394.0000    68.4700 
 1396.0000    68.5850 
 1398.0000    68.6100 
 1400.0000    68.7000 
 1402.0000    68.8350 
 1404.0000    69.0100 
 1406.0000    69.1500 
 1408.0000    69.2400 
 1410.0000    69.3100 
 1412.0000    69.3750 
 1414.0000    69.4800 
 1416.0000    69.5900 
 1418.0000    69.6700 
 1420.0000    69.7700 
 1422.0000    69.8800 
 1424.0000    69.9850 
 1426.0000    70.0400 
 1428.0000    70.0900 
 1430.0000    70.1600 
 1432.0000    70.2600 
 1434.0000    70.3450 
 1436.0000    70.4400 
 1438.0000    70.4600 
 1440.0000    70.5500 
 1442.0000    70.6300 
 1444.0000    70.7050 
 1446.0000    70.7500 
 1448.0000    70.7700 
 1450.0000    70.8100 
 1452.0000    70.8800 
 1454.0000    70.9300 
 1456.0000    71.0100 
 1458.0000    71.0600 
 1460.0000    71.0900 
 1462.0000    71.1300 
 1464.0000    71.1000 
 1466.0000    71.1000 
 1468.0000    71.1600 
 1470.0000    71.2100 
 1472.0000    71.2400 
 1474.0000    71.2400 
 1476.0000    71.2900 
 1478.0000    71.3500 
 1480.0000    71.4300 
 1482.0000    71.5300 
 1484.0000    71.6000 
 1486.0000    71.6600 
 1488.0000    71.6900 
 1490.0000    71.7000 
 1492.0000    71.7400 
 1494.0000    71.8100 
 1496.0000    71.8900 
 1498.0000    71.9600 
 1500.0000    72.0000 
 1502.0000    72.0200 
 1504.0000    72.0400 
 1506.0000    72.0300 
 1508.0000    72.1200 
 1510.0000    72.1800 
 1512.0000    72.1900 
 1514.0000    72.1900 
 1516.0000    72.2000 
 1518.0000    72.2200 
 1520.0000    72.3000 
 1522.0000    72.3300 
 1524.0000    72.3500 
 1526.0000    72.3700 
 1528.0000    72.3800 
 1530.0000    72.4100 
 1532.0000    72.4100 
 1534.0000    72.4200 
 1536.0000    72.4200 
 1538.0000    72.4600 
 1540.0000    72.5100 
 1542.0000    72.5600 
 1544.0000    72.5700 
 1546.0000    72.5800 
 1548.0000    72.5800 
 1550.0000    72.6200 
 1552.0000    72.6700 
 1554.0000    72.6800 
 1556.0000    72.6900 
 1558.0000    72.7300 
 1560.0000    72.7900 
 1562.0000    72.8500 
 1564.0000    72.8600 
 1566.0000    72.8600 
 1568.0000    72.8900 
 1570.0000    72.9400 
 1572.0000    72.9500 
 1574.0000    72.9400 
 1576.0000    72.9400 
 1578.0000    72.9700 
 1580.0000    72.9800 
 1582.0000    72.9700 
 1584.0000    72.9700 
 1586.0000    73.0200 
 1588.0000    73.0700 
 1590.0000    73.1100 
 1592.0000    73.0750 
 1594.0000    73.0900 
 1596.0000    73.0900 
 1598.0000    73.1500 
 1600.0000    73.1800 
 1602.0000    73.2000 
 1604.0000    73.2200 
 1606.0000    73.2550 
 1608.0000    73.2800 
 1610.0000    73.3000 
 1612.0000    73.2800 
 1614.0000    73.2500 
 1616.0000    73.2800 
 1618.0000    73.3250 
 1620.0000    73.3800 
 1622.0000    73.4200 
 1624.0000    73.4500 
 1626.0000    73.4500 
 1628.0000    73.4500 
 1630.0000    73.4500 
 1632.0000    73.4700 
 1634.0000    73.5000 
 1636.0000    73.5300 
 1638.0000    73.5300 
 1640.0000    73.5200 
 1642.0000    73.5050 
 1644.0000    73.5200 
 1646.0000    73.5050 
 1648.0000    73.5200 
 1650.0000    73.5200 
 1652.0000    73.5600 
 1654.0000    73.6000 
 1656.0000    73.6150 
 1658.0000    73.6100 
 1660.0000    73.6100 
 1662.0000    73.6500 
 1664.0000    73.6800 
 1666.0000    73.7500 
 1668.0000    73.7600 
 1670.0000    73.7500 
 1672.0000    73.7500 
 1674.0000    73.7300 
 1676.0000    73.7300 
 1678.0000    73.7800 
 1680.0000    73.8000 
 1682.0000    73.8000 
 1684.0000    73.7800 
 1686.0000    73.7700 
 1688.0000    73.7800 
 1690.0000    73.7900 
 1692.0000    73.8200 
 1694.0000    73.8300 
 1696.0000    73.8100 
 1698.0000    73.8100 
 1700.0000    73.8300 
 1702.0000    73.8500 
 1704.0000    73.8600 
 1706.0000    73.8650 
 1708.0000    73.8600 
 1710.0000    73.8600 
 1712.0000    73.8500 
 1714.0000    73.8400 
 1716.0000    73.8600 
 1718.0000    73.9000 
 1720.0000    73.9200 
 1722.0000    73.9500 
 1724.0000    73.9300 
 1726.0000    73.9000 
 1728.0000    73.8900 
 1730.0000    73.9300 
 1732.0000    73.9300 
 1734.0000    73.9200 
 1736.0000    73.8900 
 1738.0000    73.8900 
 1740.0000    73.9200 
 1742.0000    73.9200 
 1744.0000    73.8900 
 1746.0000    73.8600 
 1748.0000    73.8500 
 1750.0000    73.8400 
 1752.0000    73.8400 
 1754.0000    73.8650 
 1756.0000    73.8650 
 1758.0000    73.8500 
 1760.0000    73.8100 
 1762.0000    73.7800 
 1764.0000    73.8100 
 1766.0000    73.8650 
 1768.0000    73.8800 
 1770.0000    73.8650 
 1772.0000    73.8600 
 1774.0000    73.8600 
 1776.0000    73.8800 
 1778.0000    73.8600 
 1780.0000    73.8650 
 1782.0000    73.9100 
 1784.0000    73.9300 
 1786.0000    73.9600 
 1788.0000    73.9400 
 1790.0000    73.9300 
 1792.0000    73.9400 
 1794.0000    73.9600 
 1796.0000    73.9900 
 1798.0000    74.0000 
 1800.0000    74.0100 
 1802.0000    74.0100 
 1804.0000    74.0300 
 1806.0000    74.0800 
 1808.0000    74.1100 
 1810.0000    74.1150 
 1812.0000    74.1500 
 1814.0000    74.1600 
 1816.0000    74.1600 
 1818.0000    74.1600 
 1820.0000    74.1500 
 1822.0000    74.1800 
 1824.0000    74.1800 
 1826.0000    74.1600 
 1828.0000    74.1600 
 1830.0000    74.1150 
 1832.0000    74.1000 
 1834.0000    74.1150 
 1836.0000    74.1400 
 1838.0000    74.1100 
 1840.0000    74.0600 
 1842.0000    74.0200 
 1844.0000    74.0400 
 1846.0000    74.0700 
 1848.0000    74.0100 
 1850.0000    73.9300 
 1852.0000    73.9000 
 1854.0000    73.9300 
 1856.0000    73.9000 
 1858.0000    73.8200 
 1860.0000    73.6850 
 1862.0000    73.5800 
 1864.0000    73.5600 
 1866.0000    73.5300 
 1868.0000    73.4700 
 1870.0000    73.3600 
 1872.0000    73.1900 
 1874.0000    73.0000 
 1876.0000    72.7500 
 1878.0000    72.5500 
 1880.0000    72.2850 
 1882.0000    72.0400 
 1884.0000    71.8500 
 1886.0000    71.6900 
 1888.0000    71.5500 
 1890.0000    71.3000 
 1892.0000    70.9800 
 1894.0000    70.6300 
 1896.0000    70.3100 
 1898.0000    70.0200 
 1900.0000    69.6800 
 1902.0000    69.3200 
 1904.0000    68.9200 
 1906.0000    68.5850 
 1908.0000    68.3600 
 1910.0000    68.1550 
 1912.0000    68.0000 
 1914.0000    67.8400 
 1916.0000    67.7700 
 1918.0000    67.7000 
 1920.0000    67.6500 
 1922.0000    67.6150 
 1924.0000    67.6150 
 1926.0000    67.7000 
 1928.0000    67.7100 
 1930.0000    67.7900 
 1932.0000    67.9000 
 1934.0000    68.0000 
 1936.0000    68.1100 
 1938.0000    68.1100 
 1940.0000    68.1550 
 1942.0000    68.1800 
 1944.0000    68.2700 
 1946.0000    68.4000 
 1948.0000    68.5100 
 1950.0000    68.6000 
 1952.0000    68.6200 
 1954.0000    68.6700 
 1956.0000    68.7650 
 1958.0000    68.8200 
 1960.0000    68.8350 
 1962.0000    68.8800 
 1964.0000    68.9700 
 1966.0000    69.0900 
 1968.0000    69.1700 
 1970.0000    69.2200 
 1972.0000    69.3100 
 1974.0000    69.4000 
 1976.0000    69.5100 
 1978.0000    69.5900 
 1980.0000    69.6800 
 1982.0000    69.7600 
 1984.0000    69.8300 
 1986.0000    69.9000 
 1988.0000    69.9800 
 1990.0000    70.0900 
 1992.0000    70.1600 
 1994.0000    70.2000 
 1996.0000    70.2100 
 1998.0000    70.2800 
 2000.0000    70.3900 
 2002.0000    70.4600 
 2004.0000    70.5100 
 2006.0000    70.5500 
 2008.0000    70.6700 
 2010.0000    70.7750 
 2012.0000    70.8500 
 2014.0000    70.9200 
 2016.0000    71.0200 
 2018.0000    71.1100 
 2020.0000    71.1700 
 2022.0000    71.1800 
 2024.0000    71.2000 
 2026.0000    71.2400 
 2028.0000    71.2600 
 2030.0000    71.2700 
 2032.0000    71.3100 
 2034.0000    71.3800 
 2036.0000    71.4700 
 2038.0000    71.5100 
 2040.0000    71.5100 
 2042.0000    71.4800 
 2044.0000    71.4600 
 2046.0000    71.4950 
 2048.0000    71.4950 
 2050.0000    71.4500 
 2052.0000    71.4200 
 2054.0000    71.4300 
 2056.0000    71.4500 
 2058.0000    71.4400 
 2060.0000    71.4100 
 2062.0000    71.4400 
 2064.0000    71.4000 
 2066.0000    71.2700 
 2068.0000    71.1350 
 2070.0000    71.0300 
 2072.0000    70.9200 
 2074.0000    70.6900 
 2076.0000    70.3450 
 2078.0000    70.0200 
 2080.0000    69.7500 
 2082.0000    69.5800 
 2084.0000    69.4500 
 2086.0000    69.3500 
 2088.0000    69.3300 
 2090.0000    69.2400 
 2092.0000    69.1400 
 2094.0000    69.0700 
 2096.0000    69.0300 
 2098.0000    69.0500 
 2100.0000    69.0800 
 2102.0000    69.0800 
 2104.0000    69.1100 
 2106.0000    69.1400 
 2108.0000    69.1600 
 2110.0000    69.1950 
 2112.0000    69.2100 
 2114.0000    69.2500 
 2116.0000    69.2600 
 2118.0000    69.2900 
 2120.0000    69.3000 
 2122.0000    69.3900 
 2124.0000    69.4800 
 2126.0000    69.5300 
 2128.0000    69.5200 
 2130.0000    69.4700 
 2132.0000    69.4600 
 2134.0000    69.4600 
 2136.0000    69.4600 
 2138.0000    69.5300 
 2140.0000    69.6100 
 2142.0000    69.6700 
 2144.0000    69.6700 
 2146.0000    69.6300 
 2148.0000    69.6100 
 2150.0000    69.5900 
 2152.0000    69.5400 
 2154.0000    69.5200 
 2156.0000    69.5400 
 2158.0000    69.5700 
 2160.0000    69.5700 
 2162.0000    69.5800 
 2164.0000    69.6100 
 2166.0000    69.6500 
 2168.0000    69.6400 
 2170.0000    69.5800 
 2172.0000    69.5300 
 2174.0000    69.4500 
 2176.0000    69.3400 
 2178.0000    69.2300 
 2180.0000    69.1600 
 2182.0000    69.0600 
 2184.0000    68.9400 
 2186.0000    68.7200 
 2188.0000    68.5300 
 2190.0000    68.4300 
 2192.0000    68.3600 
 2194.0000    68.1800 
 2196.0000    67.9600 
 2198.0000    67.7950 
 2200.0000    67.6500 
 2202.0000    67.4600 
 2204.0000    67.2100 
 2206.0000    67.0300 
 2208.0000    67.0050 
 2210.0000    67.0050 
 2212.0000    67.0600 
 2214.0000    67.0400 
 2216.0000    67.0000 
 2218.0000    66.9500 
 2220.0000    66.9100 
 2222.0000    66.9100 
 2224.0000    66.8800 
 2226.0000    66.8700 
 2228.0000    66.8700 
 2230.0000    66.8800 
 2232.0000    66.8800 
 2234.0000    66.9100 
 2236.0000    66.9100 
 2238.0000    66.8700 
 2240.0000    66.8000 
 2242.0000    66.7800 
 2244.0000    66.7700 
 2246.0000    66.7700 
 2248.0000    66.7000 
 2250.0000    66.5200 
 2252.0000    66.3100 
 2254.0000    66.1500 
 2256.0000    66.0100 
 2258.0000    65.8900 
 2260.0000    65.7400 
 2262.0000    65.5900 
 2264.0000    65.4200 
 2266.0000    65.1800 
 2268.0000    64.9800 
 2270.0000    64.7600 
 2272.0000    64.4800 
 2274.0000    64.1200 
 2276.0000    63.7700 
 2278.0000    63.3600 
 2280.0000    62.8600 
 2282.0000    62.2800 
 2284.0000    61.6500 
 2286.0000    60.9800 
 2288.0000    60.3200 
 2290.0000    59.7300 
 2292.0000    59.2200 
 2294.0000    58.7300 
 2296.0000    58.3800 
 2298.0000    57.9800 
 2300.0000    57.5200 
 2302.0000    56.8900 
 2304.0000    56.2200 
 2306.0000    55.4700 
 2308.0000    54.6850 
 2310.0000    53.9300 
 2312.0000    53.1900 
 2314.0000    52.4700 
 2316.0000    51.7750 
 2318.0000    51.1600 
 2320.0000    50.6600 
 2322.0000    50.2800 
 2324.0000    49.9400 
 2326.0000    49.7800 
 2328.0000    49.8200 
 2330.0000    50.0150 
 2332.0000    50.3100 
 2334.0000    50.7100 
 2336.0000    51.2800 
 2338.0000    52.0250 
 2340.0000    52.7200 
 2342.0000    53.4500 
 2344.0000    54.1800 
 2346.0000    54.8300 
 2348.0000    55.3600 
 2350.0000    55.7250 
 2352.0000    56.0300 
 2354.0000    56.2200 
 2356.0000    56.2900 
 2358.0000    56.1700 
 2360.0000    55.8350 
 2362.0000    55.3400 
 2364.0000    54.6850 
 2366.0000    53.8800 
 2368.0000    53.0400 
 2370.0000    52.1600 
 2372.0000    51.3600 
 2374.0000    50.5700 
 2376.0000    49.8400 
 2378.0000    49.2700 
 2380.0000    48.9300 
 2382.0000    48.8300 
 2384.0000    48.8200 
 2386.0000    48.9900 
 2388.0000    49.4100 
 2390.0000    50.1200 
 2392.0000    50.8800 
 2394.0000    51.5100 
 2396.0000    52.0600 
 2398.0000    52.5650 
 2400.0000    53.0400 
 2402.0000    53.3800 
 2404.0000    53.5600 
 2406.0000    53.7100 
 2408.0000    53.8400 
 2410.0000    53.8950 
 2412.0000    53.9650 
 2414.0000    54.0400 
 2416.0000    54.1200 
 2418.0000    54.1450 
 2420.0000    54.1400 
 2422.0000    54.1400 
 2424.0000    54.0600 
 2426.0000    53.9650 
 2428.0000    53.8000 
 2430.0000    53.6700 
 2432.0000    53.5000 
 2434.0000    53.2500 
 2436.0000    53.0300 
 2438.0000    52.7900 
 2440.0000    52.6100 
 2442.0000    52.5500 
 2444.0000    52.6600 
 2446.0000    52.7300 
 2448.0000    52.8500 
 2450.0000    52.9700 
 2452.0000    53.2200 
 2454.0000    53.4200 
 2456.0000    53.6000 
 2458.0000    53.7100 
 2460.0000    53.7850 
 2462.0000    53.9500 
 2464.0000    54.0000 
 2466.0000    54.0500 
 2468.0000    54.1450 
 2470.0000    54.2800 
 2472.0000    54.2100 
 2474.0000    54.1000 
 2476.0000    54.0300 
 2478.0000    53.9650 
 2480.0000    53.8600 
 2482.0000    53.8100 
 2484.0000    53.8000 
 2486.0000    53.7000 
 2488.0000    53.5000 
 2490.0000    53.2200 
 2492.0000    53.0800 
 2494.0000    52.9250 
 2496.0000    52.7100 
 2498.0000    52.5000 
 2500.0000    52.3400 
