 1300.0000    66.7000 
 1302.0000    66.6100 
 1304.0000    66.4900 
 1306.0000    66.5500 
 1308.0000    66.7300 
 1310.0000    66.6200 
 1312.0000    66.5750 
 1314.0000    66.4900 
 1316.0000    66.2850 
 1318.0000    66.3700 
 1320.0000    66.4600 
 1322.0000    66.5900 
 1324.0000    66.6200 
 1326.0000    66.5700 
 1328.0000    66.3800 
 1330.0000    66.3600 
 1332.0000    66.4200 
 1334.0000    66.4800 
 1336.0000    66.5500 
 1338.0000    66.5500 
 1340.0000    66.4600 
 1342.0000    66.4650 
 1344.0000    66.5100 
 1346.0000    66.4800 
 1348.0000    66.4300 
 1350.0000    66.3950 
 1352.0000    66.4200 
 1354.0000    66.4400 
 1356.0000    66.4300 
 1358.0000    66.4400 
 1360.0000    66.4200 
 1362.0000    66.4400 
 1364.0000    66.4650 
 1366.0000    66.4600 
 1368.0000    66.4600 
 1370.0000    66.4900 
 1372.0000    66.4300 
 1374.0000    66.4600 
 1376.0000    66.4200 
 1378.0000    66.4100 
 1380.0000    66.4200 
 1382.0000    66.4100 
 1384.0000    66.3900 
 1386.0000    66.3900 
 1388.0000    66.3400 
 1390.0000    66.3200 
 1392.0000    66.3000 
 1394.0000    66.2400 
 1396.0000    66.1800 
 1398.0000    66.1000 
 1400.0000    66.0350 
 1402.0000    66.0350 
 1404.0000    66.0600 
 1406.0000    66.0600 
 1408.0000    66.0600 
 1410.0000    66.0200 
 1412.0000    66.0000 
 1414.0000    65.9700 
 1416.0000    65.9300 
 1418.0000    65.8900 
 1420.0000    65.8700 
 1422.0000    65.8500 
 1424.0000    65.8100 
 1426.0000    65.7100 
 1428.0000    65.5600 
 1430.0000    65.4600 
 1432.0000    65.3400 
 1434.0000    65.2900 
 1436.0000    65.2400 
 1438.0000    65.2300 
 1440.0000    65.2600 
 1442.0000    65.2900 
 1444.0000    65.3000 
 1446.0000    65.2900 
 1448.0000    65.2200 
 1450.0000    65.1300 
 1452.0000    65.0200 
 1454.0000    64.9000 
 1456.0000    64.8000 
 1458.0000    64.6900 
 1460.0000    64.5900 
 1462.0000    64.4500 
 1464.0000    64.2200 
 1466.0000    63.9150 
 1468.0000    63.3900 
 1470.0000    62.6000 
 1472.0000    61.5100 
 1474.0000    60.0900 
 1476.0000    58.4800 
 1478.0000    56.9500 
 1480.0000    55.8700 
 1482.0000    55.5400 
 1484.0000    56.0000 
 1486.0000    57.0900 
 1488.0000    58.4000 
 1490.0000    59.6200 
 1492.0000    60.6000 
 1494.0000    61.3200 
 1496.0000    61.8900 
 1498.0000    62.4400 
 1500.0000    62.9900 
 1502.0000    63.5700 
 1504.0000    64.1100 
 1506.0000    64.5700 
 1508.0000    64.9400 
 1510.0000    65.2600 
 1512.0000    65.5300 
 1514.0000    65.7700 
 1516.0000    65.9500 
 1518.0000    66.0900 
 1520.0000    66.2150 
 1522.0000    66.3300 
 1524.0000    66.4100 
 1526.0000    66.4900 
 1528.0000    66.5400 
 1530.0000    66.5750 
 1532.0000    66.6100 
 1534.0000    66.6300 
 1536.0000    66.6600 
 1538.0000    66.6900 
 1540.0000    66.7000 
 1542.0000    66.7000 
 1544.0000    66.7300 
 1546.0000    66.7700 
 1548.0000    66.8100 
 1550.0000    66.8400 
 1552.0000    66.8250 
 1554.0000    66.8250 
 1556.0000    66.8400 
 1558.0000    66.8800 
 1560.0000    66.9400 
 1562.0000    66.9900 
 1564.0000    67.0000 
 1566.0000    66.9800 
 1568.0000    67.0000 
 1570.0000    66.9900 
 1572.0000    67.0050 
 1574.0000    67.0200 
 1576.0000    67.0050 
 1578.0000    67.0050 
 1580.0000    67.0200 
 1582.0000    67.0400 
 1584.0000    67.0500 
 1586.0000    67.0600 
 1588.0000    67.0400 
 1590.0000    67.0400 
 1592.0000    67.0500 
 1594.0000    67.0600 
 1596.0000    67.0700 
 1598.0000    67.0900 
 1600.0000    67.0750 
 1602.0000    67.0750 
 1604.0000    67.0750 
 1606.0000    67.0750 
 1608.0000    67.0900 
 1610.0000    67.0750 
 1612.0000    67.0600 
 1614.0000    67.0700 
 1616.0000    67.0700 
 1618.0000    67.0700 
 1620.0000    67.0750 
 1622.0000    67.0750 
 1624.0000    67.0750 
 1626.0000    67.0750 
 1628.0000    67.0700 
 1630.0000    67.0700 
 1632.0000    67.0600 
 1634.0000    67.0700 
 1636.0000    67.0500 
 1638.0000    67.0500 
 1640.0000    67.0400 
 1642.0000    67.0500 
 1644.0000    67.0600 
 1646.0000    67.0600 
 1648.0000    67.0500 
 1650.0000    67.0050 
 1652.0000    66.9600 
 1654.0000    66.9300 
 1656.0000    66.9200 
 1658.0000    66.9600 
 1660.0000    66.9900 
 1662.0000    66.9500 
 1664.0000    66.9100 
 1666.0000    66.8400 
 1668.0000    66.8100 
 1670.0000    66.8400 
 1672.0000    66.8500 
 1674.0000    66.8200 
 1676.0000    66.7700 
 1678.0000    66.7200 
 1680.0000    66.7200 
 1682.0000    66.7800 
 1684.0000    66.8000 
 1686.0000    66.8100 
 1688.0000    66.8200 
 1690.0000    66.8250 
 1692.0000    66.8500 
 1694.0000    66.8250 
 1696.0000    66.7900 
 1698.0000    66.7900 
 1700.0000    66.8100 
 1702.0000    66.8250 
 1704.0000    66.8250 
 1706.0000    66.7800 
 1708.0000    66.7500 
 1710.0000    66.7200 
 1712.0000    66.6900 
 1714.0000    66.6700 
 1716.0000    66.6400 
 1718.0000    66.6200 
 1720.0000    66.5750 
 1722.0000    66.5750 
 1724.0000    66.5900 
 1726.0000    66.6200 
 1728.0000    66.6300 
 1730.0000    66.5600 
 1732.0000    66.5200 
 1734.0000    66.4650 
 1736.0000    66.4200 
 1738.0000    66.4100 
 1740.0000    66.4100 
 1742.0000    66.4300 
 1744.0000    66.4600 
 1746.0000    66.4400 
 1748.0000    66.4100 
 1750.0000    66.4300 
 1752.0000    66.4500 
 1754.0000    66.4900 
 1756.0000    66.5100 
 1758.0000    66.5000 
 1760.0000    66.4600 
 1762.0000    66.4400 
 1764.0000    66.4600 
 1766.0000    66.4650 
 1768.0000    66.5000 
 1770.0000    66.5200 
 1772.0000    66.5200 
 1774.0000    66.5400 
 1776.0000    66.5500 
 1778.0000    66.5600 
 1780.0000    66.5750 
 1782.0000    66.5600 
 1784.0000    66.5500 
 1786.0000    66.5200 
 1788.0000    66.4800 
 1790.0000    66.4650 
 1792.0000    66.4900 
 1794.0000    66.5000 
 1796.0000    66.5200 
 1798.0000    66.4900 
 1800.0000    66.4200 
 1802.0000    66.3900 
 1804.0000    66.3700 
 1806.0000    66.3600 
 1808.0000    66.3400 
 1810.0000    66.3100 
 1812.0000    66.2700 
 1814.0000    66.2000 
 1816.0000    66.1200 
 1818.0000    66.0300 
 1820.0000    65.9700 
 1822.0000    65.9400 
 1824.0000    65.8800 
 1826.0000    65.8200 
 1828.0000    65.7100 
 1830.0000    65.6500 
 1832.0000    65.6400 
 1834.0000    65.6300 
 1836.0000    65.6200 
 1838.0000    65.5900 
 1840.0000    65.5800 
 1842.0000    65.5700 
 1844.0000    65.5800 
 1846.0000    65.5700 
 1848.0000    65.5200 
 1850.0000    65.4800 
 1852.0000    65.4400 
 1854.0000    65.4250 
 1856.0000    65.3900 
 1858.0000    65.3150 
 1860.0000    65.2700 
 1862.0000    65.2100 
 1864.0000    65.1200 
 1866.0000    65.0100 
 1868.0000    64.8800 
 1870.0000    64.7700 
 1872.0000    64.6100 
 1874.0000    64.4800 
 1876.0000    64.3800 
 1878.0000    64.3300 
 1880.0000    64.3450 
 1882.0000    64.3700 
 1884.0000    64.4100 
 1886.0000    64.4550 
 1888.0000    64.4500 
 1890.0000    64.3800 
 1892.0000    64.2600 
 1894.0000    64.1100 
 1896.0000    63.9800 
 1898.0000    63.8600 
 1900.0000    63.7350 
 1902.0000    63.6900 
 1904.0000    63.6400 
 1906.0000    63.6100 
 1908.0000    63.5900 
 1910.0000    63.5550 
 1912.0000    63.5800 
 1914.0000    63.5900 
 1916.0000    63.6100 
 1918.0000    63.6900 
 1920.0000    63.7600 
 1922.0000    63.8000 
 1924.0000    63.7900 
 1926.0000    63.7350 
 1928.0000    63.7200 
 1930.0000    63.7200 
 1932.0000    63.7100 
 1934.0000    63.7100 
 1936.0000    63.7000 
 1938.0000    63.7000 
 1940.0000    63.7500 
 1942.0000    63.7500 
 1944.0000    63.8000 
 1946.0000    63.8300 
 1948.0000    63.8700 
 1950.0000    63.9400 
 1952.0000    63.9800 
 1954.0000    64.0300 
 1956.0000    64.0600 
 1958.0000    64.0800 
 1960.0000    64.0800 
 1962.0000    64.1200 
 1964.0000    64.1300 
 1966.0000    64.0950 
 1968.0000    64.0900 
 1970.0000    64.1400 
 1972.0000    64.2300 
 1974.0000    64.2500 
 1976.0000    64.2700 
 1978.0000    64.2600 
 1980.0000    64.2900 
 1982.0000    64.3200 
 1984.0000    64.3000 
 1986.0000    64.3100 
 1988.0000    64.3000 
 1990.0000    64.3300 
 1992.0000    64.3450 
 1994.0000    64.3100 
 1996.0000    64.2700 
 1998.0000    64.2200 
 2000.0000    64.2400 
 2002.0000    64.2400 
 2004.0000    64.2400 
 2006.0000    64.2300 
 2008.0000    64.2000 
 2010.0000    64.2100 
 2012.0000    64.1800 
 2014.0000    64.1700 
 2016.0000    64.1500 
 2018.0000    64.1300 
 2020.0000    64.1300 
 2022.0000    64.1300 
 2024.0000    64.1700 
 2026.0000    64.2000 
 2028.0000    64.2000 
 2030.0000    64.1900 
 2032.0000    64.2100 
 2034.0000    64.2600 
 2036.0000    64.2500 
 2038.0000    64.2200 
 2040.0000    64.1800 
 2042.0000    64.2100 
 2044.0000    64.2900 
 2046.0000    64.3200 
 2048.0000    64.3300 
 2050.0000    64.3300 
 2052.0000    64.3400 
 2054.0000    64.3000 
 2056.0000    64.2300 
 2058.0000    64.2000 
 2060.0000    64.2400 
 2062.0000    64.2400 
 2064.0000    64.1900 
 2066.0000    64.1600 
 2068.0000    64.2100 
 2070.0000    64.2300 
 2072.0000    64.2600 
 2074.0000    64.2300 
 2076.0000    64.2000 
 2078.0000    64.1900 
 2080.0000    64.1200 
 2082.0000    64.1100 
 2084.0000    64.0400 
 2086.0000    63.9800 
 2088.0000    63.9500 
 2090.0000    63.9150 
 2092.0000    63.9100 
 2094.0000    63.8700 
 2096.0000    63.7800 
 2098.0000    63.7100 
 2100.0000    63.6600 
 2102.0000    63.6600 
 2104.0000    63.6200 
 2106.0000    63.5800 
 2108.0000    63.5550 
 2110.0000    63.5500 
 2112.0000    63.5000 
 2114.0000    63.4300 
 2116.0000    63.3800 
 2118.0000    63.3400 
 2120.0000    63.3200 
 2122.0000    63.2500 
 2124.0000    63.1800 
 2126.0000    63.1100 
 2128.0000    63.0700 
 2130.0000    63.0600 
 2132.0000    63.0400 
 2134.0000    63.0300 
 2136.0000    62.9800 
 2138.0000    62.9300 
 2140.0000    62.8900 
 2142.0000    62.8200 
 2144.0000    62.7500 
 2146.0000    62.6800 
 2148.0000    62.6400 
 2150.0000    62.5700 
 2152.0000    62.5150 
 2154.0000    62.4600 
 2156.0000    62.4100 
 2158.0000    62.3800 
 2160.0000    62.3300 
 2162.0000    62.3000 
 2164.0000    62.2300 
 2166.0000    62.1500 
 2168.0000    62.1100 
 2170.0000    62.0300 
 2172.0000    61.9750 
 2174.0000    61.9000 
 2176.0000    61.7800 
 2178.0000    61.6800 
 2180.0000    61.5300 
 2182.0000    61.4000 
 2184.0000    61.2600 
 2186.0000    61.1500 
 2188.0000    61.0900 
 2190.0000    61.0000 
 2192.0000    60.8700 
 2194.0000    60.6900 
 2196.0000    60.4700 
 2198.0000    60.2800 
 2200.0000    60.0900 
 2202.0000    59.8550 
 2204.0000    59.5600 
 2206.0000    59.1600 
 2208.0000    58.7200 
 2210.0000    58.1600 
 2212.0000    57.5100 
 2214.0000    56.7700 
 2216.0000    55.9900 
 2218.0000    55.2700 
 2220.0000    54.6200 
 2222.0000    54.1400 
 2224.0000    53.6400 
 2226.0000    53.0500 
 2228.0000    52.2700 
 2230.0000    51.4700 
 2232.0000    50.7700 
 2234.0000    50.3400 
 2236.0000    50.2800 
 2238.0000    50.5400 
 2240.0000    50.9500 
 2242.0000    51.3600 
 2244.0000    51.8300 
 2246.0000    52.3500 
 2248.0000    52.9400 
 2250.0000    53.5100 
 2252.0000    53.8800 
 2254.0000    54.1100 
 2256.0000    54.2300 
 2258.0000    54.2200 
 2260.0000    54.1000 
 2262.0000    53.8200 
 2264.0000    53.4400 
 2266.0000    52.9950 
 2268.0000    52.4200 
 2270.0000    51.8100 
 2272.0000    51.2500 
 2274.0000    50.7900 
 2276.0000    50.4600 
 2278.0000    50.2800 
 2280.0000    50.3200 
 2282.0000    50.5000 
 2284.0000    50.7400 
 2286.0000    50.9850 
 2288.0000    51.1800 
 2290.0000    51.4000 
 2292.0000    51.6900 
 2294.0000    52.0800 
 2296.0000    52.5300 
 2298.0000    52.9400 
 2300.0000    53.2800 
 2302.0000    53.4200 
 2304.0000    53.3700 
 2306.0000    53.0800 
 2308.0000    52.5200 
 2310.0000    51.6700 
 2312.0000    50.4300 
 2314.0000    48.8100 
 2316.0000    46.8200 
 2318.0000    44.5500 
 2320.0000    42.1500 
 2322.0000    39.9000 
 2324.0000    38.0500 
 2326.0000    36.8300 
 2328.0000    36.1750 
 2330.0000    36.0700 
 2332.0000    36.4100 
 2334.0000    37.0300 
 2336.0000    37.6500 
 2338.0000    38.1400 
 2340.0000    38.3400 
 2342.0000    38.2050 
 2344.0000    37.7200 
 2346.0000    36.9400 
 2348.0000    35.9500 
 2350.0000    34.8600 
 2352.0000    33.8300 
 2354.0000    32.8900 
 2356.0000    32.1800 
 2358.0000    31.6300 
 2360.0000    31.3900 
 2362.0000    31.4600 
 2364.0000    31.8300 
 2366.0000    32.5000 
 2368.0000    33.4200 
 2370.0000    34.4100 
 2372.0000    35.2200 
 2374.0000    35.8100 
 2376.0000    36.2100 
 2378.0000    36.3800 
 2380.0000    36.2600 
 2382.0000    36.0600 
 2384.0000    35.8700 
 2386.0000    35.7600 
 2388.0000    35.6400 
 2390.0000    35.6000 
 2392.0000    35.6800 
 2394.0000    35.9800 
 2396.0000    36.4200 
 2398.0000    37.0500 
 2400.0000    37.6850 
 2402.0000    38.2950 
 2404.0000    38.7300 
 2406.0000    39.0800 
 2408.0000    39.3800 
 2410.0000    39.6800 
 2412.0000    39.9800 
 2414.0000    40.3000 
 2416.0000    40.8300 
 2418.0000    41.4600 
 2420.0000    42.1700 
 2422.0000    42.8400 
 2424.0000    43.6300 
 2426.0000    44.3000 
 2428.0000    44.8500 
 2430.0000    45.1800 
 2432.0000    45.6100 
 2434.0000    46.0900 
 2436.0000    46.6300 
 2438.0000    47.1000 
 2440.0000    47.6000 
 2442.0000    47.9700 
 2444.0000    48.1100 
 2446.0000    48.0200 
 2448.0000    47.8000 
 2450.0000    47.6600 
 2452.0000    47.4500 
 2454.0000    47.2700 
 2456.0000    47.0200 
 2458.0000    46.8000 
 2460.0000    46.5200 
 2462.0000    46.0800 
 2464.0000    45.5200 
 2466.0000    45.0500 
 2468.0000    44.7200 
 2470.0000    44.5000 
 2472.0000    44.4500 
 2474.0000    44.5500 
 2476.0000    44.6400 
 2478.0000    44.7300 
 2480.0000    44.7100 
 2482.0000    44.6900 
 2484.0000    44.7300 
 2486.0000    44.6400 
 2488.0000    44.5600 
 2490.0000    44.5000 
 2492.0000    44.5800 
 2494.0000    44.5600 
 2496.0000    44.5100 
 2498.0000    44.4900 
 2500.0000    44.3300 
