 1300.0000    74.6550 
 1302.0000    74.6100 
 1304.0000    74.4400 
 1306.0000    74.3300 
 1308.0000    74.2700 
 1310.0000    74.1700 
 1312.0000    74.0450 
 1314.0000    73.7500 
 1316.0000    73.5800 
 1318.0000    73.4200 
 1320.0000    73.1100 
 1322.0000    72.9400 
 1324.0000    72.6600 
 1326.0000    72.4100 
 1328.0000    72.0900 
 1330.0000    71.7200 
 1332.0000    71.4000 
 1334.0000    71.4100 
 1336.0000    71.5800 
 1338.0000    71.8700 
 1340.0000    72.1800 
 1342.0000    72.3900 
 1344.0000    72.5700 
 1346.0000    72.6450 
 1348.0000    72.6700 
 1350.0000    72.5700 
 1352.0000    72.3500 
 1354.0000    71.9400 
 1356.0000    71.4200 
 1358.0000    70.7900 
 1360.0000    70.3200 
 1362.0000    70.1500 
 1364.0000    70.2500 
 1366.0000    70.5100 
 1368.0000    70.7750 
 1370.0000    70.8600 
 1372.0000    70.7400 
 1374.0000    70.4200 
 1376.0000    69.8300 
 1378.0000    68.9200 
 1380.0000    67.5400 
 1382.0000    65.3500 
 1384.0000    61.9750 
 1386.0000    57.3200 
 1388.0000    51.8450 
 1390.0000    46.7600 
 1392.0000    43.6700 
 1394.0000    43.5100 
 1396.0000    46.1000 
 1398.0000    50.5200 
 1400.0000    55.4400 
 1402.0000    59.8800 
 1404.0000    63.4200 
 1406.0000    66.0500 
 1408.0000    67.9750 
 1410.0000    69.4400 
 1412.0000    70.5100 
 1414.0000    71.2900 
 1416.0000    71.8500 
 1418.0000    72.2200 
 1420.0000    72.3800 
 1422.0000    72.3550 
 1424.0000    72.2100 
 1426.0000    72.0100 
 1428.0000    71.9100 
 1430.0000    71.9400 
 1432.0000    72.1200 
 1434.0000    72.4300 
 1436.0000    72.8800 
 1438.0000    73.3000 
 1440.0000    73.7300 
 1442.0000    74.0450 
 1444.0000    74.2950 
 1446.0000    74.4900 
 1448.0000    74.6100 
 1450.0000    74.6100 
 1452.0000    74.5600 
 1454.0000    74.5000 
 1456.0000    74.4700 
 1458.0000    74.4700 
 1460.0000    74.5000 
 1462.0000    74.5800 
 1464.0000    74.7200 
 1466.0000    74.9100 
 1468.0000    75.1200 
 1470.0000    75.3000 
 1472.0000    75.4900 
 1474.0000    75.6250 
 1476.0000    75.8200 
 1478.0000    75.9800 
 1480.0000    76.1400 
 1482.0000    76.2500 
 1484.0000    76.3300 
 1486.0000    76.3900 
 1488.0000    76.4900 
 1490.0000    76.5400 
 1492.0000    76.5900 
 1494.0000    76.6600 
 1496.0000    76.7200 
 1498.0000    76.7750 
 1500.0000    76.8200 
 1502.0000    76.8200 
 1504.0000    76.8300 
 1506.0000    76.8800 
 1508.0000    76.9000 
 1510.0000    76.9400 
 1512.0000    76.9500 
 1514.0000    76.9800 
 1516.0000    76.9900 
 1518.0000    77.0000 
 1520.0000    77.0400 
 1522.0000    77.0900 
 1524.0000    77.1200 
 1526.0000    77.1350 
 1528.0000    77.1500 
 1530.0000    77.1700 
 1532.0000    77.1900 
 1534.0000    77.1900 
 1536.0000    77.1600 
 1538.0000    77.1350 
 1540.0000    77.1100 
 1542.0000    77.1200 
 1544.0000    77.1500 
 1546.0000    77.1350 
 1548.0000    77.1100 
 1550.0000    77.0800 
 1552.0000    77.0700 
 1554.0000    77.1100 
 1556.0000    77.1600 
 1558.0000    77.2300 
 1560.0000    77.3100 
 1562.0000    77.3850 
 1564.0000    77.4500 
 1566.0000    77.5000 
 1568.0000    77.5300 
 1570.0000    77.5800 
 1572.0000    77.6300 
 1574.0000    77.6600 
 1576.0000    77.6900 
 1578.0000    77.6700 
 1580.0000    77.6500 
 1582.0000    77.6600 
 1584.0000    77.6800 
 1586.0000    77.7200 
 1588.0000    77.7400 
 1590.0000    77.7400 
 1592.0000    77.7600 
 1594.0000    77.7600 
 1596.0000    77.7200 
 1598.0000    77.6800 
 1600.0000    77.6300 
 1602.0000    77.5900 
 1604.0000    77.6200 
 1606.0000    77.6800 
 1608.0000    77.7000 
 1610.0000    77.7100 
 1612.0000    77.6900 
 1614.0000    77.7000 
 1616.0000    77.7400 
 1618.0000    77.7900 
 1620.0000    77.8100 
 1622.0000    77.8150 
 1624.0000    77.8000 
 1626.0000    77.8150 
 1628.0000    77.8300 
 1630.0000    77.8300 
 1632.0000    77.8500 
 1634.0000    77.8300 
 1636.0000    77.8150 
 1638.0000    77.8300 
 1640.0000    77.8100 
 1642.0000    77.8150 
 1644.0000    77.8150 
 1646.0000    77.8000 
 1648.0000    77.8150 
 1650.0000    77.8300 
 1652.0000    77.8100 
 1654.0000    77.8000 
 1656.0000    77.7800 
 1658.0000    77.7300 
 1660.0000    77.7000 
 1662.0000    77.6900 
 1664.0000    77.6900 
 1666.0000    77.7000 
 1668.0000    77.6900 
 1670.0000    77.6500 
 1672.0000    77.6200 
 1674.0000    77.5800 
 1676.0000    77.5650 
 1678.0000    77.5500 
 1680.0000    77.5200 
 1682.0000    77.5100 
 1684.0000    77.5100 
 1686.0000    77.4700 
 1688.0000    77.4100 
 1690.0000    77.3400 
 1692.0000    77.3150 
 1694.0000    77.3150 
 1696.0000    77.2900 
 1698.0000    77.2500 
 1700.0000    77.1900 
 1702.0000    77.1500 
 1704.0000    77.1100 
 1706.0000    77.0700 
 1708.0000    77.0900 
 1710.0000    77.1000 
 1712.0000    77.0800 
 1714.0000    77.0250 
 1716.0000    76.9550 
 1718.0000    76.9000 
 1720.0000    76.8400 
 1722.0000    76.7750 
 1724.0000    76.7100 
 1726.0000    76.6600 
 1728.0000    76.6200 
 1730.0000    76.6200 
 1732.0000    76.6200 
 1734.0000    76.6300 
 1736.0000    76.6200 
 1738.0000    76.6400 
 1740.0000    76.6400 
 1742.0000    76.6400 
 1744.0000    76.6200 
 1746.0000    76.5700 
 1748.0000    76.5000 
 1750.0000    76.4700 
 1752.0000    76.4300 
 1754.0000    76.4600 
 1756.0000    76.4600 
 1758.0000    76.4500 
 1760.0000    76.4500 
 1762.0000    76.4900 
 1764.0000    76.5700 
 1766.0000    76.6200 
 1768.0000    76.6700 
 1770.0000    76.6800 
 1772.0000    76.6800 
 1774.0000    76.7300 
 1776.0000    76.7600 
 1778.0000    76.7750 
 1780.0000    76.7700 
 1782.0000    76.7500 
 1784.0000    76.7300 
 1786.0000    76.7000 
 1788.0000    76.6200 
 1790.0000    76.5600 
 1792.0000    76.5000 
 1794.0000    76.4150 
 1796.0000    76.3450 
 1798.0000    76.2500 
 1800.0000    76.1200 
 1802.0000    76.0200 
 1804.0000    75.9500 
 1806.0000    75.9500 
 1808.0000    75.9850 
 1810.0000    76.0300 
 1812.0000    76.1200 
 1814.0000    76.2700 
 1816.0000    76.3100 
 1818.0000    76.3000 
 1820.0000    76.2800 
 1822.0000    76.2600 
 1824.0000    76.2600 
 1826.0000    76.2300 
 1828.0000    76.2000 
 1830.0000    76.1500 
 1832.0000    76.1300 
 1834.0000    76.0800 
 1836.0000    76.0400 
 1838.0000    76.0300 
 1840.0000    76.0200 
 1842.0000    76.0100 
 1844.0000    75.9500 
 1846.0000    75.9300 
 1848.0000    75.8500 
 1850.0000    75.8000 
 1852.0000    75.7300 
 1854.0000    75.6400 
 1856.0000    75.5800 
 1858.0000    75.4800 
 1860.0000    75.3750 
 1862.0000    75.3200 
 1864.0000    75.2600 
 1866.0000    75.2400 
 1868.0000    75.1900 
 1870.0000    75.0500 
 1872.0000    74.8800 
 1874.0000    74.7200 
 1876.0000    74.6400 
 1878.0000    74.5600 
 1880.0000    74.4500 
 1882.0000    74.3500 
 1884.0000    74.2500 
 1886.0000    74.1500 
 1888.0000    74.0200 
 1890.0000    73.8400 
 1892.0000    73.7000 
 1894.0000    73.5200 
 1896.0000    73.3100 
 1898.0000    73.1100 
 1900.0000    72.9400 
 1902.0000    72.8250 
 1904.0000    72.7150 
 1906.0000    72.5700 
 1908.0000    72.4300 
 1910.0000    72.3400 
 1912.0000    72.2850 
 1914.0000    72.2400 
 1916.0000    72.1900 
 1918.0000    72.1050 
 1920.0000    72.0600 
 1922.0000    72.0500 
 1924.0000    72.0000 
 1926.0000    71.9700 
 1928.0000    71.9000 
 1930.0000    71.8550 
 1932.0000    71.8000 
 1934.0000    71.7300 
 1936.0000    71.6300 
 1938.0000    71.5400 
 1940.0000    71.4900 
 1942.0000    71.3900 
 1944.0000    71.3100 
 1946.0000    71.1700 
 1948.0000    71.0400 
 1950.0000    70.9100 
 1952.0000    70.7700 
 1954.0000    70.7200 
 1956.0000    70.7000 
 1958.0000    70.7200 
 1960.0000    70.7900 
 1962.0000    70.8700 
 1964.0000    70.9550 
 1966.0000    71.0300 
 1968.0000    71.0400 
 1970.0000    71.0500 
 1972.0000    71.0900 
 1974.0000    71.1100 
 1976.0000    71.1300 
 1978.0000    71.0900 
 1980.0000    71.0100 
 1982.0000    70.9550 
 1984.0000    70.9300 
 1986.0000    70.9200 
 1988.0000    70.9200 
 1990.0000    70.8600 
 1992.0000    70.8500 
 1994.0000    70.8100 
 1996.0000    70.7750 
 1998.0000    70.8100 
 2000.0000    70.8100 
 2002.0000    70.8600 
 2004.0000    70.8500 
 2006.0000    70.7500 
 2008.0000    70.7200 
 2010.0000    70.6500 
 2012.0000    70.5800 
 2014.0000    70.4700 
 2016.0000    70.3200 
 2018.0000    70.2700 
 2020.0000    70.2800 
 2022.0000    70.3200 
 2024.0000    70.3300 
 2026.0000    70.3000 
 2028.0000    70.3600 
 2030.0000    70.3800 
 2032.0000    70.4600 
 2034.0000    70.5200 
 2036.0000    70.5200 
 2038.0000    70.5700 
 2040.0000    70.5250 
 2042.0000    70.5200 
 2044.0000    70.3700 
 2046.0000    70.0950 
 2048.0000    69.7100 
 2050.0000    69.0800 
 2052.0000    68.2600 
 2054.0000    67.2700 
 2056.0000    66.2400 
 2058.0000    65.2200 
 2060.0000    64.2750 
 2062.0000    63.5700 
 2064.0000    63.1000 
 2066.0000    62.8750 
 2068.0000    62.7600 
 2070.0000    62.7600 
 2072.0000    62.7650 
 2074.0000    62.6600 
 2076.0000    62.3900 
 2078.0000    62.0600 
 2080.0000    61.8500 
 2082.0000    62.0300 
 2084.0000    62.5800 
 2086.0000    63.4600 
 2088.0000    64.4900 
 2090.0000    65.4100 
 2092.0000    66.2000 
 2094.0000    66.7500 
 2096.0000    67.1400 
 2098.0000    67.3650 
 2100.0000    67.5100 
 2102.0000    67.6100 
 2104.0000    67.5400 
 2106.0000    67.3300 
 2108.0000    66.9200 
 2110.0000    66.4400 
 2112.0000    65.8550 
 2114.0000    65.1700 
 2116.0000    64.4000 
 2118.0000    63.5550 
 2120.0000    62.7200 
 2122.0000    61.8900 
 2124.0000    61.0050 
 2126.0000    60.0800 
 2128.0000    59.2300 
 2130.0000    58.4550 
 2132.0000    57.8400 
 2134.0000    57.2800 
 2136.0000    56.6700 
 2138.0000    56.1800 
 2140.0000    55.6200 
 2142.0000    55.0000 
 2144.0000    54.1200 
 2146.0000    52.9100 
 2148.0000    51.3800 
 2150.0000    49.6000 
 2152.0000    47.6700 
 2154.0000    45.5700 
 2156.0000    43.3000 
 2158.0000    40.7550 
 2160.0000    37.9300 
 2162.0000    35.1400 
 2164.0000    32.6700 
 2166.0000    30.9700 
 2168.0000    30.3300 
 2170.0000    30.8950 
 2172.0000    32.4900 
 2174.0000    34.8100 
 2176.0000    37.5300 
 2178.0000    40.3800 
 2180.0000    43.1600 
 2182.0000    45.7700 
 2184.0000    48.0600 
 2186.0000    49.9200 
 2188.0000    51.4500 
 2190.0000    52.6200 
 2192.0000    53.4100 
 2194.0000    53.9400 
 2196.0000    54.2600 
 2198.0000    54.4000 
 2200.0000    54.3800 
 2202.0000    54.2800 
 2204.0000    54.2900 
 2206.0000    54.3500 
 2208.0000    54.4200 
 2210.0000    54.3200 
 2212.0000    54.0600 
 2214.0000    53.7000 
 2216.0000    53.2300 
 2218.0000    52.8100 
 2220.0000    52.5500 
 2222.0000    52.5800 
 2224.0000    53.1000 
 2226.0000    53.7800 
 2228.0000    54.4300 
 2230.0000    54.8600 
 2232.0000    55.1100 
 2234.0000    55.2000 
 2236.0000    55.2200 
 2238.0000    55.1700 
 2240.0000    55.0000 
 2242.0000    54.8100 
 2244.0000    54.5050 
 2246.0000    54.2400 
 2248.0000    53.8700 
 2250.0000    53.4600 
 2252.0000    53.0900 
 2254.0000    52.7450 
 2256.0000    52.5000 
 2258.0000    52.1900 
 2260.0000    51.9400 
 2262.0000    51.6700 
 2264.0000    51.3000 
 2266.0000    50.9200 
 2268.0000    50.5000 
 2270.0000    50.0600 
 2272.0000    49.5000 
 2274.0000    48.8900 
 2276.0000    48.2400 
 2278.0000    47.5400 
 2280.0000    46.6900 
 2282.0000    45.9200 
 2284.0000    45.2700 
 2286.0000    44.6900 
 2288.0000    44.1800 
 2290.0000    43.7800 
 2292.0000    43.5500 
 2294.0000    43.2900 
 2296.0000    42.9900 
 2298.0000    42.6000 
 2300.0000    42.2000 
 2302.0000    41.8200 
 2304.0000    41.4300 
 2306.0000    40.9700 
 2308.0000    40.4100 
 2310.0000    39.8200 
 2312.0000    39.1500 
 2314.0000    38.4900 
 2316.0000    37.8900 
 2318.0000    37.4800 
 2320.0000    37.3200 
 2322.0000    37.4800 
 2324.0000    37.9600 
 2326.0000    38.7100 
 2328.0000    39.6400 
 2330.0000    40.6400 
 2332.0000    41.5400 
 2334.0000    42.2400 
 2336.0000    42.6700 
 2338.0000    42.7900 
 2340.0000    42.7100 
 2342.0000    42.4100 
 2344.0000    41.9200 
 2346.0000    41.4300 
 2348.0000    41.1400 
 2350.0000    41.1100 
 2352.0000    41.1800 
 2354.0000    41.3200 
 2356.0000    41.5500 
 2358.0000    41.7200 
 2360.0000    41.8600 
 2362.0000    42.0100 
 2364.0000    42.2900 
 2366.0000    42.6300 
 2368.0000    42.8600 
 2370.0000    43.1600 
 2372.0000    43.4000 
 2374.0000    43.4400 
 2376.0000    43.1700 
 2378.0000    42.6600 
 2380.0000    41.9900 
 2382.0000    41.3100 
 2384.0000    40.6100 
 2386.0000    39.9100 
 2388.0000    39.3000 
 2390.0000    38.8200 
 2392.0000    38.6700 
 2394.0000    38.6100 
 2396.0000    38.6800 
 2398.0000    38.7400 
 2400.0000    38.8200 
 2402.0000    38.8300 
 2404.0000    38.7700 
 2406.0000    38.7500 
 2408.0000    38.7700 
 2410.0000    38.8800 
 2412.0000    38.9900 
 2414.0000    39.0300 
 2416.0000    39.0100 
 2418.0000    38.9200 
 2420.0000    38.6900 
 2422.0000    38.3600 
 2424.0000    37.9800 
 2426.0000    37.6700 
 2428.0000    37.4300 
 2430.0000    37.3000 
 2432.0000    37.2350 
 2434.0000    37.3600 
 2436.0000    37.5400 
 2438.0000    37.6850 
 2440.0000    37.8300 
 2442.0000    38.0200 
 2444.0000    38.2000 
 2446.0000    38.2200 
 2448.0000    38.1000 
 2450.0000    37.9100 
 2452.0000    37.7600 
 2454.0000    37.5600 
 2456.0000    37.3900 
 2458.0000    37.3250 
 2460.0000    37.4300 
 2462.0000    37.5800 
 2464.0000    37.5900 
 2466.0000    37.5400 
 2468.0000    37.4800 
 2470.0000    37.5200 
 2472.0000    37.4400 
 2474.0000    37.2350 
 2476.0000    36.8000 
 2478.0000    36.3300 
 2480.0000    35.7450 
 2482.0000    35.2800 
 2484.0000    34.9000 
 2486.0000    34.5950 
 2488.0000    34.2900 
 2490.0000    33.9600 
 2492.0000    33.7700 
 2494.0000    33.6250 
 2496.0000    33.5700 
 2498.0000    33.5100 
 2500.0000    33.3600 
