 1300.0000    55.5800 
 1302.0000    55.3900 
 1304.0000    55.2100 
 1306.0000    55.1800 
 1308.0000    55.2200 
 1310.0000    55.4000 
 1312.0000    55.4700 
 1314.0000    55.2900 
 1316.0000    55.2400 
 1318.0000    55.2300 
 1320.0000    55.2600 
 1322.0000    55.3650 
 1324.0000    55.3900 
 1326.0000    55.3500 
 1328.0000    55.3800 
 1330.0000    55.4000 
 1332.0000    55.4300 
 1334.0000    55.4600 
 1336.0000    55.4700 
 1338.0000    55.4750 
 1340.0000    55.5450 
 1342.0000    55.5900 
 1344.0000    55.6400 
 1346.0000    55.6800 
 1348.0000    55.6900 
 1350.0000    55.6500 
 1352.0000    55.6550 
 1354.0000    55.6800 
 1356.0000    55.7200 
 1358.0000    55.7700 
 1360.0000    55.7600 
 1362.0000    55.7400 
 1364.0000    55.7400 
 1366.0000    55.7700 
 1368.0000    55.7900 
 1370.0000    55.8200 
 1372.0000    55.8350 
 1374.0000    55.8300 
 1376.0000    55.8100 
 1378.0000    55.8000 
 1380.0000    55.7800 
 1382.0000    55.7400 
 1384.0000    55.6550 
 1386.0000    55.5300 
 1388.0000    55.3650 
 1390.0000    55.2000 
 1392.0000    55.0300 
 1394.0000    54.8600 
 1396.0000    54.6850 
 1398.0000    54.5200 
 1400.0000    54.3800 
 1402.0000    54.2400 
 1404.0000    54.0700 
 1406.0000    53.9650 
 1408.0000    53.8800 
 1410.0000    53.8000 
 1412.0000    53.7700 
 1414.0000    53.8100 
 1416.0000    53.8950 
 1418.0000    54.0400 
 1420.0000    54.1700 
 1422.0000    54.3100 
 1424.0000    54.4400 
 1426.0000    54.5600 
 1428.0000    54.6850 
 1430.0000    54.8100 
 1432.0000    54.9100 
 1434.0000    55.0300 
 1436.0000    55.1100 
 1438.0000    55.1700 
 1440.0000    55.2500 
 1442.0000    55.3100 
 1444.0000    55.3600 
 1446.0000    55.4500 
 1448.0000    55.5100 
 1450.0000    55.6000 
 1452.0000    55.6400 
 1454.0000    55.6500 
 1456.0000    55.6700 
 1458.0000    55.7250 
 1460.0000    55.7900 
 1462.0000    55.8350 
 1464.0000    55.8350 
 1466.0000    55.8600 
 1468.0000    55.9050 
 1470.0000    56.0000 
 1472.0000    56.0800 
 1474.0000    56.1400 
 1476.0000    56.1600 
 1478.0000    56.2200 
 1480.0000    56.2800 
 1482.0000    56.3600 
 1484.0000    56.4400 
 1486.0000    56.5100 
 1488.0000    56.5800 
 1490.0000    56.6600 
 1492.0000    56.7200 
 1494.0000    56.7600 
 1496.0000    56.8300 
 1498.0000    56.9000 
 1500.0000    56.9800 
 1502.0000    57.0550 
 1504.0000    57.1300 
 1506.0000    57.2000 
 1508.0000    57.2800 
 1510.0000    57.3500 
 1512.0000    57.4300 
 1514.0000    57.5000 
 1516.0000    57.5500 
 1518.0000    57.5900 
 1520.0000    57.6500 
 1522.0000    57.6900 
 1524.0000    57.7600 
 1526.0000    57.8100 
 1528.0000    57.8300 
 1530.0000    57.8600 
 1532.0000    57.9100 
 1534.0000    57.9600 
 1536.0000    58.0250 
 1538.0000    58.0950 
 1540.0000    58.1600 
 1542.0000    58.2050 
 1544.0000    58.2300 
 1546.0000    58.2700 
 1548.0000    58.3100 
 1550.0000    58.3500 
 1552.0000    58.3700 
 1554.0000    58.3700 
 1556.0000    58.4000 
 1558.0000    58.4400 
 1560.0000    58.4800 
 1562.0000    58.5300 
 1564.0000    58.5800 
 1566.0000    58.6200 
 1568.0000    58.6200 
 1570.0000    58.6350 
 1572.0000    58.6600 
 1574.0000    58.6800 
 1576.0000    58.7200 
 1578.0000    58.7200 
 1580.0000    58.7500 
 1582.0000    58.8150 
 1584.0000    58.8900 
 1586.0000    58.9500 
 1588.0000    58.9600 
 1590.0000    58.9700 
 1592.0000    58.9950 
 1594.0000    59.0200 
 1596.0000    59.0600 
 1598.0000    59.0650 
 1600.0000    59.0500 
 1602.0000    59.0650 
 1604.0000    59.0650 
 1606.0000    59.0650 
 1608.0000    59.0800 
 1610.0000    59.0900 
 1612.0000    59.1200 
 1614.0000    59.1600 
 1616.0000    59.1900 
 1618.0000    59.2100 
 1620.0000    59.2000 
 1622.0000    59.2000 
 1624.0000    59.1900 
 1626.0000    59.2000 
 1628.0000    59.2100 
 1630.0000    59.2200 
 1632.0000    59.2400 
 1634.0000    59.2450 
 1636.0000    59.2450 
 1638.0000    59.2300 
 1640.0000    59.2000 
 1642.0000    59.1750 
 1644.0000    59.1750 
 1646.0000    59.2000 
 1648.0000    59.2300 
 1650.0000    59.2100 
 1652.0000    59.2100 
 1654.0000    59.2200 
 1656.0000    59.2400 
 1658.0000    59.2600 
 1660.0000    59.2700 
 1662.0000    59.2400 
 1664.0000    59.2400 
 1666.0000    59.2300 
 1668.0000    59.1750 
 1670.0000    59.1500 
 1672.0000    59.1100 
 1674.0000    59.0900 
 1676.0000    59.1000 
 1678.0000    59.1400 
 1680.0000    59.1600 
 1682.0000    59.1750 
 1684.0000    59.1700 
 1686.0000    59.1600 
 1688.0000    59.1700 
 1690.0000    59.1900 
 1692.0000    59.2200 
 1694.0000    59.2000 
 1696.0000    59.2200 
 1698.0000    59.2300 
 1700.0000    59.2300 
 1702.0000    59.2400 
 1704.0000    59.2450 
 1706.0000    59.2900 
 1708.0000    59.3100 
 1710.0000    59.2700 
 1712.0000    59.2200 
 1714.0000    59.2000 
 1716.0000    59.2300 
 1718.0000    59.2200 
 1720.0000    59.1750 
 1722.0000    59.1400 
 1724.0000    59.1400 
 1726.0000    59.1700 
 1728.0000    59.2000 
 1730.0000    59.2300 
 1732.0000    59.2300 
 1734.0000    59.2300 
 1736.0000    59.2200 
 1738.0000    59.2000 
 1740.0000    59.1700 
 1742.0000    59.1700 
 1744.0000    59.2200 
 1746.0000    59.2700 
 1748.0000    59.2800 
 1750.0000    59.2600 
 1752.0000    59.2300 
 1754.0000    59.2100 
 1756.0000    59.2200 
 1758.0000    59.2200 
 1760.0000    59.1900 
 1762.0000    59.1600 
 1764.0000    59.1600 
 1766.0000    59.1750 
 1768.0000    59.1900 
 1770.0000    59.2000 
 1772.0000    59.2000 
 1774.0000    59.1700 
 1776.0000    59.1750 
 1778.0000    59.2000 
 1780.0000    59.2200 
 1782.0000    59.2450 
 1784.0000    59.2100 
 1786.0000    59.1750 
 1788.0000    59.1750 
 1790.0000    59.2000 
 1792.0000    59.2200 
 1794.0000    59.2300 
 1796.0000    59.2000 
 1798.0000    59.1700 
 1800.0000    59.1600 
 1802.0000    59.1100 
 1804.0000    59.1200 
 1806.0000    59.1300 
 1808.0000    59.1400 
 1810.0000    59.1700 
 1812.0000    59.1500 
 1814.0000    59.1600 
 1816.0000    59.1700 
 1818.0000    59.1500 
 1820.0000    59.1500 
 1822.0000    59.1700 
 1824.0000    59.1700 
 1826.0000    59.1400 
 1828.0000    59.0900 
 1830.0000    59.0800 
 1832.0000    59.0800 
 1834.0000    59.1100 
 1836.0000    59.1000 
 1838.0000    59.0650 
 1840.0000    59.0500 
 1842.0000    59.0300 
 1844.0000    58.9900 
 1846.0000    58.9500 
 1848.0000    58.9200 
 1850.0000    58.9000 
 1852.0000    58.8700 
 1854.0000    58.8500 
 1856.0000    58.8000 
 1858.0000    58.7200 
 1860.0000    58.6300 
 1862.0000    58.5650 
 1864.0000    58.5000 
 1866.0000    58.4000 
 1868.0000    58.2300 
 1870.0000    58.0600 
 1872.0000    57.9000 
 1874.0000    57.6900 
 1876.0000    57.4500 
 1878.0000    57.1700 
 1880.0000    56.8900 
 1882.0000    56.5700 
 1884.0000    56.2200 
 1886.0000    55.8300 
 1888.0000    55.4300 
 1890.0000    54.9600 
 1892.0000    54.4300 
 1894.0000    53.9400 
 1896.0000    53.4700 
 1898.0000    53.0800 
 1900.0000    52.6900 
 1902.0000    52.3600 
 1904.0000    52.0600 
 1906.0000    51.8100 
 1908.0000    51.6200 
 1910.0000    51.4800 
 1912.0000    51.4000 
 1914.0000    51.3700 
 1916.0000    51.3600 
 1918.0000    51.3700 
 1920.0000    51.4100 
 1922.0000    51.4400 
 1924.0000    51.4800 
 1926.0000    51.5000 
 1928.0000    51.5200 
 1930.0000    51.5800 
 1932.0000    51.6500 
 1934.0000    51.7100 
 1936.0000    51.7500 
 1938.0000    51.8000 
 1940.0000    51.9000 
 1942.0000    52.0000 
 1944.0000    52.0500 
 1946.0000    52.1200 
 1948.0000    52.2000 
 1950.0000    52.3100 
 1952.0000    52.4200 
 1954.0000    52.4300 
 1956.0000    52.4700 
 1958.0000    52.5600 
 1960.0000    52.6800 
 1962.0000    52.7900 
 1964.0000    52.8600 
 1966.0000    52.9100 
 1968.0000    52.9900 
 1970.0000    53.1000 
 1972.0000    53.2000 
 1974.0000    53.2800 
 1976.0000    53.4000 
 1978.0000    53.5000 
 1980.0000    53.6200 
 1982.0000    53.7150 
 1984.0000    53.7850 
 1986.0000    53.8900 
 1988.0000    54.0200 
 1990.0000    54.1000 
 1992.0000    54.1800 
 1994.0000    54.2400 
 1996.0000    54.3000 
 1998.0000    54.4200 
 2000.0000    54.5050 
 2002.0000    54.6300 
 2004.0000    54.7550 
 2006.0000    54.8800 
 2008.0000    54.9800 
 2010.0000    55.0700 
 2012.0000    55.1800 
 2014.0000    55.2800 
 2016.0000    55.3900 
 2018.0000    55.4700 
 2020.0000    55.5400 
 2022.0000    55.6200 
 2024.0000    55.6900 
 2026.0000    55.7900 
 2028.0000    55.9000 
 2030.0000    55.9800 
 2032.0000    56.0800 
 2034.0000    56.1500 
 2036.0000    56.2200 
 2038.0000    56.3200 
 2040.0000    56.4000 
 2042.0000    56.4700 
 2044.0000    56.5100 
 2046.0000    56.5600 
 2048.0000    56.6250 
 2050.0000    56.6800 
 2052.0000    56.6800 
 2054.0000    56.7300 
 2056.0000    56.7600 
 2058.0000    56.8000 
 2060.0000    56.8300 
 2062.0000    56.9000 
 2064.0000    56.9800 
 2066.0000    57.0550 
 2068.0000    57.1000 
 2070.0000    57.1200 
 2072.0000    57.1700 
 2074.0000    57.2000 
 2076.0000    57.2000 
 2078.0000    57.2300 
 2080.0000    57.2000 
 2082.0000    57.2100 
 2084.0000    57.2000 
 2086.0000    57.1800 
 2088.0000    57.2200 
 2090.0000    57.2500 
 2092.0000    57.2600 
 2094.0000    57.2500 
 2096.0000    57.2350 
 2098.0000    57.2350 
 2100.0000    57.2350 
 2102.0000    57.2350 
 2104.0000    57.2500 
 2106.0000    57.2100 
 2108.0000    57.2350 
 2110.0000    57.2600 
 2112.0000    57.3050 
 2114.0000    57.3300 
 2116.0000    57.2800 
 2118.0000    57.3000 
 2120.0000    57.3200 
 2122.0000    57.3400 
 2124.0000    57.3500 
 2126.0000    57.3050 
 2128.0000    57.3200 
 2130.0000    57.3500 
 2132.0000    57.3600 
 2134.0000    57.3600 
 2136.0000    57.4000 
 2138.0000    57.4300 
 2140.0000    57.4600 
 2142.0000    57.4800 
 2144.0000    57.4400 
 2146.0000    57.4100 
 2148.0000    57.4300 
 2150.0000    57.4150 
 2152.0000    57.3800 
 2154.0000    57.3400 
 2156.0000    57.3050 
 2158.0000    57.3050 
 2160.0000    57.3300 
 2162.0000    57.2100 
 2164.0000    57.1300 
 2166.0000    57.0550 
 2168.0000    56.9900 
 2170.0000    56.9300 
 2172.0000    56.8000 
 2174.0000    56.6700 
 2176.0000    56.5100 
 2178.0000    56.3900 
 2180.0000    56.2800 
 2182.0000    56.2000 
 2184.0000    56.0300 
 2186.0000    55.8100 
 2188.0000    55.6200 
 2190.0000    55.4400 
 2192.0000    55.2400 
 2194.0000    55.0600 
 2196.0000    54.9200 
 2198.0000    54.7900 
 2200.0000    54.6300 
 2202.0000    54.5050 
 2204.0000    54.4500 
 2206.0000    54.4900 
 2208.0000    54.4800 
 2210.0000    54.4700 
 2212.0000    54.5300 
 2214.0000    54.6000 
 2216.0000    54.6850 
 2218.0000    54.7500 
 2220.0000    54.9200 
 2222.0000    55.0900 
 2224.0000    55.1300 
 2226.0000    55.2500 
 2228.0000    55.3900 
 2230.0000    55.5100 
 2232.0000    55.4900 
 2234.0000    55.4900 
 2236.0000    55.5100 
 2238.0000    55.5300 
 2240.0000    55.5700 
 2242.0000    55.5600 
 2244.0000    55.5450 
 2246.0000    55.5400 
 2248.0000    55.5800 
 2250.0000    55.6100 
 2252.0000    55.5400 
 2254.0000    55.5400 
 2256.0000    55.5400 
 2258.0000    55.5700 
 2260.0000    55.5400 
 2262.0000    55.5400 
 2264.0000    55.5400 
 2266.0000    55.4700 
 2268.0000    55.4500 
 2270.0000    55.4300 
 2272.0000    55.4100 
 2274.0000    55.3300 
 2276.0000    55.2300 
 2278.0000    55.1900 
 2280.0000    55.1800 
 2282.0000    55.1300 
 2284.0000    55.0600 
 2286.0000    54.9600 
 2288.0000    54.8900 
 2290.0000    54.8800 
 2292.0000    54.8650 
 2294.0000    54.8000 
 2296.0000    54.6850 
 2298.0000    54.5900 
 2300.0000    54.4900 
 2302.0000    54.4100 
 2304.0000    54.3600 
 2306.0000    54.3600 
 2308.0000    54.3100 
 2310.0000    54.2800 
 2312.0000    54.2500 
 2314.0000    54.2100 
 2316.0000    54.1300 
 2318.0000    54.0750 
 2320.0000    54.0600 
 2322.0000    53.9400 
 2324.0000    53.8400 
 2326.0000    53.8000 
 2328.0000    53.7850 
 2330.0000    53.6900 
 2332.0000    53.5300 
 2334.0000    53.3800 
 2336.0000    53.2900 
 2338.0000    53.2100 
 2340.0000    53.1700 
 2342.0000    53.0700 
 2344.0000    53.0600 
 2346.0000    53.0700 
 2348.0000    53.1500 
 2350.0000    53.1600 
 2352.0000    53.1700 
 2354.0000    53.1600 
 2356.0000    53.1400 
 2358.0000    53.2000 
 2360.0000    53.2100 
 2362.0000    53.2400 
 2364.0000    53.2400 
 2366.0000    53.2300 
 2368.0000    53.2200 
 2370.0000    53.2500 
 2372.0000    53.2700 
 2374.0000    53.2200 
 2376.0000    53.1400 
 2378.0000    53.0700 
 2380.0000    52.9400 
 2382.0000    52.8400 
 2384.0000    52.7600 
 2386.0000    52.7300 
 2388.0000    52.6500 
 2390.0000    52.6500 
 2392.0000    52.6500 
 2394.0000    52.6500 
 2396.0000    52.5600 
 2398.0000    52.4800 
 2400.0000    52.4100 
 2402.0000    52.3600 
 2404.0000    52.2600 
 2406.0000    52.1300 
 2408.0000    52.0250 
 2410.0000    51.9900 
 2412.0000    51.9400 
 2414.0000    51.9100 
 2416.0000    51.8450 
 2418.0000    51.7400 
 2420.0000    51.6100 
 2422.0000    51.5300 
 2424.0000    51.4150 
 2426.0000    51.3200 
 2428.0000    51.1100 
 2430.0000    50.9300 
 2432.0000    50.8300 
 2434.0000    50.7600 
 2436.0000    50.6800 
 2438.0000    50.5200 
 2440.0000    50.3750 
 2442.0000    50.2100 
 2444.0000    50.1200 
 2446.0000    50.1300 
 2448.0000    50.1000 
 2450.0000    50.0400 
 2452.0000    49.9100 
 2454.0000    49.8400 
 2456.0000    49.7300 
 2458.0000    49.6100 
 2460.0000    49.4500 
 2462.0000    49.3600 
 2464.0000    49.2800 
 2466.0000    49.2000 
 2468.0000    49.1400 
 2470.0000    49.0300 
 2472.0000    48.9400 
 2474.0000    48.8800 
 2476.0000    48.8400 
 2478.0000    48.7000 
 2480.0000    48.5000 
 2482.0000    48.3400 
 2484.0000    48.2800 
 2486.0000    48.1400 
 2488.0000    48.0600 
 2490.0000    48.0700 
 2492.0000    48.1800 
 2494.0000    48.1100 
 2496.0000    47.9300 
 2498.0000    47.8000 
 2500.0000    47.7400 
