 1300.0000    63.3900 
 1302.0000    63.4500 
 1304.0000    63.5200 
 1306.0000    63.4850 
 1308.0000    63.3000 
 1310.0000    63.4600 
 1312.0000    63.5900 
 1314.0000    63.5550 
 1316.0000    63.5550 
 1318.0000    63.5200 
 1320.0000    63.3900 
 1322.0000    63.4000 
 1324.0000    63.4500 
 1326.0000    63.4700 
 1328.0000    63.5000 
 1330.0000    63.4700 
 1332.0000    63.3600 
 1334.0000    63.3700 
 1336.0000    63.4000 
 1338.0000    63.3700 
 1340.0000    63.3300 
 1342.0000    63.3200 
 1344.0000    63.3400 
 1346.0000    63.3800 
 1348.0000    63.3700 
 1350.0000    63.3000 
 1352.0000    63.2200 
 1354.0000    63.1000 
 1356.0000    63.0800 
 1358.0000    63.0700 
 1360.0000    63.0900 
 1362.0000    63.0100 
 1364.0000    62.9400 
 1366.0000    62.8750 
 1368.0000    62.8750 
 1370.0000    62.9200 
 1372.0000    62.9300 
 1374.0000    62.8900 
 1376.0000    62.8500 
 1378.0000    62.8200 
 1380.0000    62.8000 
 1382.0000    62.7650 
 1384.0000    62.7500 
 1386.0000    62.7100 
 1388.0000    62.6700 
 1390.0000    62.6100 
 1392.0000    62.5400 
 1394.0000    62.4700 
 1396.0000    62.4000 
 1398.0000    62.3100 
 1400.0000    62.2500 
 1402.0000    62.1400 
 1404.0000    62.0600 
 1406.0000    61.9500 
 1408.0000    61.8300 
 1410.0000    61.6800 
 1412.0000    61.5600 
 1414.0000    61.4000 
 1416.0000    61.2500 
 1418.0000    61.0900 
 1420.0000    60.9000 
 1422.0000    60.7100 
 1424.0000    60.5300 
 1426.0000    60.3400 
 1428.0000    60.1300 
 1430.0000    59.8800 
 1432.0000    59.6200 
 1434.0000    59.3400 
 1436.0000    59.0300 
 1438.0000    58.6800 
 1440.0000    58.3200 
 1442.0000    57.9100 
 1444.0000    57.5000 
 1446.0000    57.0200 
 1448.0000    56.5300 
 1450.0000    56.0700 
 1452.0000    55.6550 
 1454.0000    55.2800 
 1456.0000    54.9800 
 1458.0000    54.7500 
 1460.0000    54.6200 
 1462.0000    54.6200 
 1464.0000    54.7200 
 1466.0000    54.9100 
 1468.0000    55.1900 
 1470.0000    55.5400 
 1472.0000    55.9300 
 1474.0000    56.3350 
 1476.0000    56.7300 
 1478.0000    57.0200 
 1480.0000    57.2700 
 1482.0000    57.4700 
 1484.0000    57.6650 
 1486.0000    57.8400 
 1488.0000    57.9800 
 1490.0000    58.0900 
 1492.0000    58.2000 
 1494.0000    58.2700 
 1496.0000    58.3600 
 1498.0000    58.4100 
 1500.0000    58.4400 
 1502.0000    58.4800 
 1504.0000    58.5100 
 1506.0000    58.5100 
 1508.0000    58.5300 
 1510.0000    58.5600 
 1512.0000    58.5400 
 1514.0000    58.5100 
 1516.0000    58.4300 
 1518.0000    58.3400 
 1520.0000    58.2600 
 1522.0000    58.2000 
 1524.0000    58.1100 
 1526.0000    57.9900 
 1528.0000    57.8600 
 1530.0000    57.7700 
 1532.0000    57.7200 
 1534.0000    57.6650 
 1536.0000    57.6400 
 1538.0000    57.6500 
 1540.0000    57.6800 
 1542.0000    57.7300 
 1544.0000    57.8100 
 1546.0000    57.9000 
 1548.0000    57.9500 
 1550.0000    58.0000 
 1552.0000    57.9800 
 1554.0000    57.9200 
 1556.0000    57.9300 
 1558.0000    57.9100 
 1560.0000    57.8800 
 1562.0000    57.8200 
 1564.0000    57.7200 
 1566.0000    57.6100 
 1568.0000    57.4850 
 1570.0000    57.3600 
 1572.0000    57.2600 
 1574.0000    57.1200 
 1576.0000    56.9800 
 1578.0000    56.8300 
 1580.0000    56.6900 
 1582.0000    56.5600 
 1584.0000    56.4700 
 1586.0000    56.3500 
 1588.0000    56.2200 
 1590.0000    56.1100 
 1592.0000    56.0000 
 1594.0000    55.8600 
 1596.0000    55.7000 
 1598.0000    55.5450 
 1600.0000    55.4100 
 1602.0000    55.3100 
 1604.0000    55.1500 
 1606.0000    55.0200 
 1608.0000    54.8800 
 1610.0000    54.7200 
 1612.0000    54.6000 
 1614.0000    54.4700 
 1616.0000    54.3600 
 1618.0000    54.2600 
 1620.0000    54.1200 
 1622.0000    53.9800 
 1624.0000    53.8600 
 1626.0000    53.7600 
 1628.0000    53.6400 
 1630.0000    53.4900 
 1632.0000    53.3200 
 1634.0000    53.1900 
 1636.0000    53.0700 
 1638.0000    52.9600 
 1640.0000    52.8300 
 1642.0000    52.6700 
 1644.0000    52.5100 
 1646.0000    52.3850 
 1648.0000    52.2600 
 1650.0000    52.1800 
 1652.0000    52.0700 
 1654.0000    51.9400 
 1656.0000    51.8100 
 1658.0000    51.6700 
 1660.0000    51.5300 
 1662.0000    51.4100 
 1664.0000    51.2900 
 1666.0000    51.1600 
 1668.0000    51.0200 
 1670.0000    50.8900 
 1672.0000    50.7600 
 1674.0000    50.6900 
 1676.0000    50.5900 
 1678.0000    50.5200 
 1680.0000    50.4400 
 1682.0000    50.3400 
 1684.0000    50.2600 
 1686.0000    50.1400 
 1688.0000    50.0300 
 1690.0000    49.9400 
 1692.0000    49.8600 
 1694.0000    49.7900 
 1696.0000    49.7400 
 1698.0000    49.6500 
 1700.0000    49.5900 
 1702.0000    49.5500 
 1704.0000    49.5000 
 1706.0000    49.4200 
 1708.0000    49.3100 
 1710.0000    49.1800 
 1712.0000    49.0900 
 1714.0000    49.0100 
 1716.0000    48.9400 
 1718.0000    48.9200 
 1720.0000    48.8900 
 1722.0000    48.8500 
 1724.0000    48.8000 
 1726.0000    48.7200 
 1728.0000    48.6600 
 1730.0000    48.5800 
 1732.0000    48.5200 
 1734.0000    48.5400 
 1736.0000    48.5100 
 1738.0000    48.4400 
 1740.0000    48.3600 
 1742.0000    48.3200 
 1744.0000    48.3200 
 1746.0000    48.3200 
 1748.0000    48.2900 
 1750.0000    48.2500 
 1752.0000    48.1800 
 1754.0000    48.1100 
 1756.0000    48.0500 
 1758.0000    48.0000 
 1760.0000    47.9500 
 1762.0000    47.8900 
 1764.0000    47.8300 
 1766.0000    47.7900 
 1768.0000    47.7400 
 1770.0000    47.7200 
 1772.0000    47.6900 
 1774.0000    47.6600 
 1776.0000    47.6300 
 1778.0000    47.5900 
 1780.0000    47.5400 
 1782.0000    47.4900 
 1784.0000    47.4400 
 1786.0000    47.4100 
 1788.0000    47.3700 
 1790.0000    47.3100 
 1792.0000    47.2400 
 1794.0000    47.1900 
 1796.0000    47.1500 
 1798.0000    47.1400 
 1800.0000    47.1000 
 1802.0000    47.0700 
 1804.0000    47.0300 
 1806.0000    47.0200 
 1808.0000    47.0100 
 1810.0000    46.9800 
 1812.0000    46.9400 
 1814.0000    46.8800 
 1816.0000    46.8500 
 1818.0000    46.8300 
 1820.0000    46.8100 
 1822.0000    46.7800 
 1824.0000    46.7700 
 1826.0000    46.7400 
 1828.0000    46.7300 
 1830.0000    46.7300 
 1832.0000    46.7400 
 1834.0000    46.7500 
 1836.0000    46.7200 
 1838.0000    46.6700 
 1840.0000    46.6400 
 1842.0000    46.6200 
 1844.0000    46.6100 
 1846.0000    46.6100 
 1848.0000    46.5700 
 1850.0000    46.5800 
 1852.0000    46.6000 
 1854.0000    46.5900 
 1856.0000    46.5600 
 1858.0000    46.5100 
 1860.0000    46.4900 
 1862.0000    46.4900 
 1864.0000    46.4900 
 1866.0000    46.4800 
 1868.0000    46.4600 
 1870.0000    46.4200 
 1872.0000    46.3500 
 1874.0000    46.2900 
 1876.0000    46.2800 
 1878.0000    46.2300 
 1880.0000    46.1800 
 1882.0000    46.1200 
 1884.0000    46.0700 
 1886.0000    46.0200 
 1888.0000    45.9400 
 1890.0000    45.8500 
 1892.0000    45.7600 
 1894.0000    45.6500 
 1896.0000    45.5500 
 1898.0000    45.4400 
 1900.0000    45.3600 
 1902.0000    45.2800 
 1904.0000    45.1500 
 1906.0000    45.0200 
 1908.0000    44.8800 
 1910.0000    44.7400 
 1912.0000    44.5700 
 1914.0000    44.3700 
 1916.0000    44.1500 
 1918.0000    43.9600 
 1920.0000    43.7900 
 1922.0000    43.6000 
 1924.0000    43.3700 
 1926.0000    43.1400 
 1928.0000    42.9100 
 1930.0000    42.6600 
 1932.0000    42.3900 
 1934.0000    42.0700 
 1936.0000    41.7600 
 1938.0000    41.4200 
 1940.0000    41.0800 
 1942.0000    40.6800 
 1944.0000    40.2800 
 1946.0000    39.9100 
 1948.0000    39.5100 
 1950.0000    39.1000 
 1952.0000    38.6300 
 1954.0000    38.1600 
 1956.0000    37.7600 
 1958.0000    37.3600 
 1960.0000    36.9900 
 1962.0000    36.6800 
 1964.0000    36.4600 
 1966.0000    36.3500 
 1968.0000    36.2800 
 1970.0000    36.2650 
 1972.0000    36.3100 
 1974.0000    36.4400 
 1976.0000    36.6250 
 1978.0000    36.8050 
 1980.0000    36.9900 
 1982.0000    37.0900 
 1984.0000    37.1300 
 1986.0000    37.2100 
 1988.0000    37.2600 
 1990.0000    37.3000 
 1992.0000    37.2600 
 1994.0000    37.2000 
 1996.0000    37.1800 
 1998.0000    37.1800 
 2000.0000    37.2300 
 2002.0000    37.2800 
 2004.0000    37.3700 
 2006.0000    37.4900 
 2008.0000    37.7000 
 2010.0000    37.9500 
 2012.0000    38.2000 
 2014.0000    38.4200 
 2016.0000    38.6400 
 2018.0000    38.8800 
 2020.0000    39.0850 
 2022.0000    39.2000 
 2024.0000    39.2400 
 2026.0000    39.2900 
 2028.0000    39.3500 
 2030.0000    39.4400 
 2032.0000    39.4800 
 2034.0000    39.4900 
 2036.0000    39.5200 
 2038.0000    39.5100 
 2040.0000    39.4800 
 2042.0000    39.4200 
 2044.0000    39.3800 
 2046.0000    39.3700 
 2048.0000    39.3550 
 2050.0000    39.3100 
 2052.0000    39.2200 
 2054.0000    39.1900 
 2056.0000    39.1750 
 2058.0000    39.1900 
 2060.0000    39.1400 
 2062.0000    39.0850 
 2064.0000    39.0500 
 2066.0000    39.0300 
 2068.0000    38.9950 
 2070.0000    38.9700 
 2072.0000    38.9900 
 2074.0000    39.0100 
 2076.0000    39.0100 
 2078.0000    38.9700 
 2080.0000    38.9300 
 2082.0000    38.9500 
 2084.0000    38.9500 
 2086.0000    38.9000 
 2088.0000    38.8800 
 2090.0000    38.8800 
 2092.0000    38.8800 
 2094.0000    38.8600 
 2096.0000    38.8300 
 2098.0000    38.8500 
 2100.0000    38.8800 
 2102.0000    38.8700 
 2104.0000    38.8700 
 2106.0000    38.9000 
 2108.0000    38.9500 
 2110.0000    38.9700 
 2112.0000    38.9400 
 2114.0000    38.9300 
 2116.0000    38.9300 
 2118.0000    38.9600 
 2120.0000    39.0100 
 2122.0000    39.0600 
 2124.0000    39.1100 
 2126.0000    39.1300 
 2128.0000    39.1700 
 2130.0000    39.2000 
 2132.0000    39.2300 
 2134.0000    39.2600 
 2136.0000    39.2800 
 2138.0000    39.3100 
 2140.0000    39.3300 
 2142.0000    39.3550 
 2144.0000    39.4100 
 2146.0000    39.4800 
 2148.0000    39.5300 
 2150.0000    39.5700 
 2152.0000    39.5600 
 2154.0000    39.5800 
 2156.0000    39.6300 
 2158.0000    39.6900 
 2160.0000    39.7400 
 2162.0000    39.7700 
 2164.0000    39.8000 
 2166.0000    39.8500 
 2168.0000    39.8500 
 2170.0000    39.8700 
 2172.0000    39.9300 
 2174.0000    39.9900 
 2176.0000    40.0700 
 2178.0000    40.0400 
 2180.0000    40.0800 
 2182.0000    40.1200 
 2184.0000    40.1700 
 2186.0000    40.2000 
 2188.0000    40.2100 
 2190.0000    40.2500 
 2192.0000    40.3200 
 2194.0000    40.3500 
 2196.0000    40.3600 
 2198.0000    40.3700 
 2200.0000    40.4300 
 2202.0000    40.4700 
 2204.0000    40.5200 
 2206.0000    40.5600 
 2208.0000    40.6200 
 2210.0000    40.6900 
 2212.0000    40.7200 
 2214.0000    40.7800 
 2216.0000    40.8200 
 2218.0000    40.8800 
 2220.0000    40.9000 
 2222.0000    40.9700 
 2224.0000    41.0700 
 2226.0000    41.1500 
 2228.0000    41.2000 
 2230.0000    41.2200 
 2232.0000    41.3200 
 2234.0000    41.4100 
 2236.0000    41.5000 
 2238.0000    41.5500 
 2240.0000    41.6200 
 2242.0000    41.6700 
 2244.0000    41.6900 
 2246.0000    41.7300 
 2248.0000    41.7800 
 2250.0000    41.8000 
 2252.0000    41.7700 
 2254.0000    41.6700 
 2256.0000    41.6200 
 2258.0000    41.6100 
 2260.0000    41.6300 
 2262.0000    41.6000 
 2264.0000    41.5700 
 2266.0000    41.5900 
 2268.0000    41.5900 
 2270.0000    41.6000 
 2272.0000    41.5700 
 2274.0000    41.5300 
 2276.0000    41.5400 
 2278.0000    41.5100 
 2280.0000    41.4400 
 2282.0000    41.4000 
 2284.0000    41.3600 
 2286.0000    41.2900 
 2288.0000    41.1700 
 2290.0000    41.0700 
 2292.0000    40.9800 
 2294.0000    40.8200 
 2296.0000    40.6400 
 2298.0000    40.4700 
 2300.0000    40.3250 
 2302.0000    40.1700 
 2304.0000    39.9650 
 2306.0000    39.8400 
 2308.0000    39.7300 
 2310.0000    39.5800 
 2312.0000    39.4300 
 2314.0000    39.2650 
 2316.0000    39.1500 
 2318.0000    38.9800 
 2320.0000    38.8900 
 2322.0000    38.7900 
 2324.0000    38.6700 
 2326.0000    38.6000 
 2328.0000    38.5800 
 2330.0000    38.5650 
 2332.0000    38.5800 
 2334.0000    38.5500 
 2336.0000    38.5650 
 2338.0000    38.6500 
 2340.0000    38.7100 
 2342.0000    38.7700 
 2344.0000    38.7400 
 2346.0000    38.7900 
 2348.0000    38.8400 
 2350.0000    38.9200 
 2352.0000    38.9800 
 2354.0000    38.9050 
 2356.0000    38.8700 
 2358.0000    38.8500 
 2360.0000    38.8500 
 2362.0000    38.8200 
 2364.0000    38.7600 
 2366.0000    38.7400 
 2368.0000    38.7000 
 2370.0000    38.6200 
 2372.0000    38.5600 
 2374.0000    38.5100 
 2376.0000    38.4900 
 2378.0000    38.4500 
 2380.0000    38.3200 
 2382.0000    38.2300 
 2384.0000    38.1150 
 2386.0000    38.0500 
 2388.0000    37.9500 
 2390.0000    37.8500 
 2392.0000    37.7700 
 2394.0000    37.6700 
 2396.0000    37.5700 
 2398.0000    37.4600 
 2400.0000    37.3500 
 2402.0000    37.2350 
 2404.0000    37.0700 
 2406.0000    36.9400 
 2408.0000    36.8000 
 2410.0000    36.6800 
 2412.0000    36.4900 
 2414.0000    36.3400 
 2416.0000    36.1600 
 2418.0000    36.0200 
 2420.0000    35.8600 
 2422.0000    35.7000 
 2424.0000    35.5200 
 2426.0000    35.3400 
 2428.0000    35.2000 
 2430.0000    35.0700 
 2432.0000    34.9000 
 2434.0000    34.7200 
 2436.0000    34.5800 
 2438.0000    34.4600 
 2440.0000    34.3000 
 2442.0000    34.1400 
 2444.0000    33.9700 
 2446.0000    33.7100 
 2448.0000    33.5200 
 2450.0000    33.2600 
 2452.0000    33.1000 
 2454.0000    32.9400 
 2456.0000    32.7450 
 2458.0000    32.4600 
 2460.0000    32.2000 
 2462.0000    31.9800 
 2464.0000    31.7400 
 2466.0000    31.4500 
 2468.0000    31.1900 
 2470.0000    30.7500 
 2472.0000    30.3900 
 2474.0000    30.0700 
 2476.0000    29.8300 
 2478.0000    29.4200 
 2480.0000    29.1100 
 2482.0000    28.8500 
 2484.0000    28.5600 
 2486.0000    28.1800 
 2488.0000    27.7600 
 2490.0000    27.3900 
 2492.0000    27.0300 
 2494.0000    26.6600 
 2496.0000    26.3100 
 2498.0000    25.9100 
 2500.0000    25.5700 
