 1300.0000    63.9800 
 1302.0000    63.9300 
 1304.0000    63.9300 
 1306.0000    64.1300 
 1308.0000    64.0200 
 1310.0000    64.0400 
 1312.0000    64.0700 
 1314.0000    63.9400 
 1316.0000    63.8800 
 1318.0000    63.7350 
 1320.0000    63.5550 
 1322.0000    63.4200 
 1324.0000    63.5100 
 1326.0000    63.4700 
 1328.0000    63.3400 
 1330.0000    63.1800 
 1332.0000    63.0000 
 1334.0000    62.9100 
 1336.0000    62.8100 
 1338.0000    62.7100 
 1340.0000    62.5700 
 1342.0000    62.4000 
 1344.0000    62.2800 
 1346.0000    62.2100 
 1348.0000    62.1500 
 1350.0000    62.0850 
 1352.0000    62.0000 
 1354.0000    61.8900 
 1356.0000    61.8200 
 1358.0000    61.7500 
 1360.0000    61.6500 
 1362.0000    61.4800 
 1364.0000    61.3300 
 1366.0000    61.1400 
 1368.0000    60.9100 
 1370.0000    60.6800 
 1372.0000    60.3950 
 1374.0000    59.8800 
 1376.0000    58.9000 
 1378.0000    57.3700 
 1380.0000    55.6400 
 1382.0000    54.2300 
 1384.0000    53.6600 
 1386.0000    53.9300 
 1388.0000    54.6000 
 1390.0000    55.1400 
 1392.0000    55.2300 
 1394.0000    54.8650 
 1396.0000    54.2400 
 1398.0000    53.4800 
 1400.0000    52.6900 
 1402.0000    51.9100 
 1404.0000    51.1900 
 1406.0000    50.5500 
 1408.0000    50.0100 
 1410.0000    49.5900 
 1412.0000    49.2800 
 1414.0000    49.0800 
 1416.0000    48.9600 
 1418.0000    48.9400 
 1420.0000    48.9900 
 1422.0000    49.1000 
 1424.0000    49.2000 
 1426.0000    49.3000 
 1428.0000    49.3800 
 1430.0000    49.4500 
 1432.0000    49.4900 
 1434.0000    49.5000 
 1436.0000    49.4800 
 1438.0000    49.4700 
 1440.0000    49.4500 
 1442.0000    49.4400 
 1444.0000    49.4500 
 1446.0000    49.5100 
 1448.0000    49.6200 
 1450.0000    49.7900 
 1452.0000    49.9900 
 1454.0000    50.1800 
 1456.0000    50.3500 
 1458.0000    50.4900 
 1460.0000    50.5900 
 1462.0000    50.6800 
 1464.0000    50.7400 
 1466.0000    50.7800 
 1468.0000    50.8050 
 1470.0000    50.9100 
 1472.0000    50.9700 
 1474.0000    51.0800 
 1476.0000    51.2600 
 1478.0000    51.4300 
 1480.0000    51.6300 
 1482.0000    51.8700 
 1484.0000    52.1200 
 1486.0000    52.4000 
 1488.0000    52.6900 
 1490.0000    52.9500 
 1492.0000    53.1750 
 1494.0000    53.4100 
 1496.0000    53.6500 
 1498.0000    53.9100 
 1500.0000    54.1600 
 1502.0000    54.4100 
 1504.0000    54.6100 
 1506.0000    54.8200 
 1508.0000    55.0300 
 1510.0000    55.2500 
 1512.0000    55.4200 
 1514.0000    55.5400 
 1516.0000    55.6700 
 1518.0000    55.8500 
 1520.0000    56.0200 
 1522.0000    56.1800 
 1524.0000    56.2900 
 1526.0000    56.3800 
 1528.0000    56.5100 
 1530.0000    56.6250 
 1532.0000    56.7400 
 1534.0000    56.8700 
 1536.0000    56.9700 
 1538.0000    57.0800 
 1540.0000    57.1700 
 1542.0000    57.2800 
 1544.0000    57.3900 
 1546.0000    57.5000 
 1548.0000    57.6200 
 1550.0000    57.7100 
 1552.0000    57.8100 
 1554.0000    57.9100 
 1556.0000    58.0100 
 1558.0000    58.1200 
 1560.0000    58.2050 
 1562.0000    58.3000 
 1564.0000    58.4000 
 1566.0000    58.4700 
 1568.0000    58.5600 
 1570.0000    58.6300 
 1572.0000    58.6800 
 1574.0000    58.7300 
 1576.0000    58.7900 
 1578.0000    58.8400 
 1580.0000    58.9100 
 1582.0000    58.9500 
 1584.0000    58.9700 
 1586.0000    58.9900 
 1588.0000    59.0200 
 1590.0000    59.0500 
 1592.0000    59.1200 
 1594.0000    59.1700 
 1596.0000    59.2200 
 1598.0000    59.2600 
 1600.0000    59.3000 
 1602.0000    59.3100 
 1604.0000    59.3400 
 1606.0000    59.3550 
 1608.0000    59.3700 
 1610.0000    59.3900 
 1612.0000    59.4250 
 1614.0000    59.4600 
 1616.0000    59.4700 
 1618.0000    59.4700 
 1620.0000    59.4500 
 1622.0000    59.4800 
 1624.0000    59.5500 
 1626.0000    59.5900 
 1628.0000    59.6200 
 1630.0000    59.6400 
 1632.0000    59.6600 
 1634.0000    59.6600 
 1636.0000    59.6400 
 1638.0000    59.6050 
 1640.0000    59.5800 
 1642.0000    59.5900 
 1644.0000    59.6050 
 1646.0000    59.6050 
 1648.0000    59.6000 
 1650.0000    59.5900 
 1652.0000    59.5700 
 1654.0000    59.5500 
 1656.0000    59.5300 
 1658.0000    59.5100 
 1660.0000    59.5100 
 1662.0000    59.5000 
 1664.0000    59.5300 
 1666.0000    59.5200 
 1668.0000    59.4800 
 1670.0000    59.4400 
 1672.0000    59.4100 
 1674.0000    59.4200 
 1676.0000    59.4250 
 1678.0000    59.4100 
 1680.0000    59.4000 
 1682.0000    59.3900 
 1684.0000    59.3500 
 1686.0000    59.3550 
 1688.0000    59.3900 
 1690.0000    59.3700 
 1692.0000    59.3800 
 1694.0000    59.3500 
 1696.0000    59.3000 
 1698.0000    59.2800 
 1700.0000    59.2700 
 1702.0000    59.2300 
 1704.0000    59.2200 
 1706.0000    59.1300 
 1708.0000    59.1000 
 1710.0000    59.1000 
 1712.0000    59.0650 
 1714.0000    58.9700 
 1716.0000    58.8800 
 1718.0000    58.8000 
 1720.0000    58.7800 
 1722.0000    58.7700 
 1724.0000    58.7100 
 1726.0000    58.6350 
 1728.0000    58.5900 
 1730.0000    58.5600 
 1732.0000    58.5200 
 1734.0000    58.4500 
 1736.0000    58.3500 
 1738.0000    58.2900 
 1740.0000    58.2300 
 1742.0000    58.1900 
 1744.0000    58.1100 
 1746.0000    58.0100 
 1748.0000    57.9500 
 1750.0000    57.9300 
 1752.0000    57.8800 
 1754.0000    57.8000 
 1756.0000    57.7000 
 1758.0000    57.6200 
 1760.0000    57.5300 
 1762.0000    57.5100 
 1764.0000    57.4500 
 1766.0000    57.3700 
 1768.0000    57.2700 
 1770.0000    57.1500 
 1772.0000    57.0700 
 1774.0000    56.9900 
 1776.0000    56.9300 
 1778.0000    56.8600 
 1780.0000    56.7200 
 1782.0000    56.6250 
 1784.0000    56.5800 
 1786.0000    56.5400 
 1788.0000    56.5150 
 1790.0000    56.4450 
 1792.0000    56.3800 
 1794.0000    56.3350 
 1796.0000    56.2900 
 1798.0000    56.3200 
 1800.0000    56.3350 
 1802.0000    56.3300 
 1804.0000    56.3100 
 1806.0000    56.2600 
 1808.0000    56.2650 
 1810.0000    56.3000 
 1812.0000    56.3100 
 1814.0000    56.3100 
 1816.0000    56.2650 
 1818.0000    56.2100 
 1820.0000    56.1800 
 1822.0000    56.1900 
 1824.0000    56.1600 
 1826.0000    56.1200 
 1828.0000    56.0000 
 1830.0000    55.9050 
 1832.0000    55.8700 
 1834.0000    55.8200 
 1836.0000    55.7600 
 1838.0000    55.6500 
 1840.0000    55.5300 
 1842.0000    55.3800 
 1844.0000    55.2100 
 1846.0000    55.0400 
 1848.0000    54.8800 
 1850.0000    54.6600 
 1852.0000    54.4000 
 1854.0000    54.0700 
 1856.0000    53.7100 
 1858.0000    53.3800 
 1860.0000    52.9900 
 1862.0000    52.5200 
 1864.0000    51.9800 
 1866.0000    51.3100 
 1868.0000    50.4900 
 1870.0000    49.5900 
 1872.0000    48.6000 
 1874.0000    47.5300 
 1876.0000    46.4500 
 1878.0000    45.3400 
 1880.0000    44.1800 
 1882.0000    42.9500 
 1884.0000    41.6400 
 1886.0000    40.2700 
 1888.0000    38.8500 
 1890.0000    37.4150 
 1892.0000    35.9000 
 1894.0000    34.4100 
 1896.0000    33.0100 
 1898.0000    31.7400 
 1900.0000    30.5900 
 1902.0000    29.6200 
 1904.0000    28.8300 
 1906.0000    28.2400 
 1908.0000    27.8200 
 1910.0000    27.4900 
 1912.0000    27.2700 
 1914.0000    27.1100 
 1916.0000    27.0600 
 1918.0000    27.1500 
 1920.0000    27.4200 
 1922.0000    27.8900 
 1924.0000    28.4900 
 1926.0000    29.1600 
 1928.0000    29.8600 
 1930.0000    30.5300 
 1932.0000    31.2000 
 1934.0000    31.8000 
 1936.0000    32.3100 
 1938.0000    32.7100 
 1940.0000    32.9900 
 1942.0000    33.2200 
 1944.0000    33.4700 
 1946.0000    33.7100 
 1948.0000    33.9200 
 1950.0000    34.0700 
 1952.0000    34.1650 
 1954.0000    34.3200 
 1956.0000    34.5000 
 1958.0000    34.7000 
 1960.0000    34.8650 
 1962.0000    35.0300 
 1964.0000    35.1600 
 1966.0000    35.2950 
 1968.0000    35.4300 
 1970.0000    35.5400 
 1972.0000    35.6500 
 1974.0000    35.7800 
 1976.0000    35.9000 
 1978.0000    36.0100 
 1980.0000    36.1400 
 1982.0000    36.2900 
 1984.0000    36.4900 
 1986.0000    36.6600 
 1988.0000    36.8400 
 1990.0000    37.0550 
 1992.0000    37.3200 
 1994.0000    37.5900 
 1996.0000    37.8900 
 1998.0000    38.2050 
 2000.0000    38.5900 
 2002.0000    38.9400 
 2004.0000    39.3000 
 2006.0000    39.6800 
 2008.0000    39.9900 
 2010.0000    40.2900 
 2012.0000    40.6200 
 2014.0000    40.9500 
 2016.0000    41.2700 
 2018.0000    41.5600 
 2020.0000    41.8600 
 2022.0000    42.1500 
 2024.0000    42.4000 
 2026.0000    42.6600 
 2028.0000    42.9200 
 2030.0000    43.2000 
 2032.0000    43.4400 
 2034.0000    43.6300 
 2036.0000    43.8500 
 2038.0000    44.0700 
 2040.0000    44.2500 
 2042.0000    44.4100 
 2044.0000    44.5300 
 2046.0000    44.6200 
 2048.0000    44.7000 
 2050.0000    44.8000 
 2052.0000    44.9300 
 2054.0000    45.0800 
 2056.0000    45.1500 
 2058.0000    45.1900 
 2060.0000    45.2700 
 2062.0000    45.3400 
 2064.0000    45.4400 
 2066.0000    45.5500 
 2068.0000    45.6200 
 2070.0000    45.7000 
 2072.0000    45.7300 
 2074.0000    45.7900 
 2076.0000    45.8700 
 2078.0000    45.9400 
 2080.0000    46.0000 
 2082.0000    46.0300 
 2084.0000    46.0800 
 2086.0000    46.1400 
 2088.0000    46.2600 
 2090.0000    46.3700 
 2092.0000    46.4300 
 2094.0000    46.4700 
 2096.0000    46.5300 
 2098.0000    46.6100 
 2100.0000    46.7000 
 2102.0000    46.7400 
 2104.0000    46.7800 
 2106.0000    46.8300 
 2108.0000    46.8900 
 2110.0000    46.9700 
 2112.0000    47.0600 
 2114.0000    47.1200 
 2116.0000    47.1400 
 2118.0000    47.1500 
 2120.0000    47.1700 
 2122.0000    47.1900 
 2124.0000    47.2600 
 2126.0000    47.2800 
 2128.0000    47.3100 
 2130.0000    47.3100 
 2132.0000    47.3000 
 2134.0000    47.3200 
 2136.0000    47.3000 
 2138.0000    47.2500 
 2140.0000    47.2000 
 2142.0000    47.1900 
 2144.0000    47.2000 
 2146.0000    47.2100 
 2148.0000    47.1800 
 2150.0000    47.1400 
 2152.0000    47.0700 
 2154.0000    47.0600 
 2156.0000    47.0800 
 2158.0000    47.1400 
 2160.0000    47.1700 
 2162.0000    47.1600 
 2164.0000    47.1100 
 2166.0000    47.0900 
 2168.0000    47.1300 
 2170.0000    47.1300 
 2172.0000    47.1100 
 2174.0000    47.0700 
 2176.0000    47.0500 
 2178.0000    47.0300 
 2180.0000    46.9800 
 2182.0000    46.9100 
 2184.0000    46.8200 
 2186.0000    46.7600 
 2188.0000    46.7000 
 2190.0000    46.6200 
 2192.0000    46.5200 
 2194.0000    46.4100 
 2196.0000    46.3600 
 2198.0000    46.3000 
 2200.0000    46.1700 
 2202.0000    46.0400 
 2204.0000    45.9500 
 2206.0000    45.8500 
 2208.0000    45.7800 
 2210.0000    45.6700 
 2212.0000    45.5400 
 2214.0000    45.4000 
 2216.0000    45.2400 
 2218.0000    45.1300 
 2220.0000    44.9900 
 2222.0000    44.8700 
 2224.0000    44.7800 
 2226.0000    44.7900 
 2228.0000    44.8200 
 2230.0000    44.7700 
 2232.0000    44.6400 
 2234.0000    44.5400 
 2236.0000    44.5000 
 2238.0000    44.5200 
 2240.0000    44.5000 
 2242.0000    44.4400 
 2244.0000    44.3800 
 2246.0000    44.3100 
 2248.0000    44.2000 
 2250.0000    44.0500 
 2252.0000    43.9200 
 2254.0000    43.8100 
 2256.0000    43.6800 
 2258.0000    43.5100 
 2260.0000    43.3200 
 2262.0000    43.1100 
 2264.0000    42.9500 
 2266.0000    42.7800 
 2268.0000    42.6100 
 2270.0000    42.3300 
 2272.0000    42.0400 
 2274.0000    41.7000 
 2276.0000    41.3500 
 2278.0000    40.8900 
 2280.0000    40.3500 
 2282.0000    39.7850 
 2284.0000    39.3000 
 2286.0000    38.9000 
 2288.0000    38.6200 
 2290.0000    38.4000 
 2292.0000    38.2700 
 2294.0000    38.1150 
 2296.0000    37.8800 
 2298.0000    37.5600 
 2300.0000    37.0800 
 2302.0000    36.5900 
 2304.0000    36.0100 
 2306.0000    35.4500 
 2308.0000    35.0000 
 2310.0000    34.7500 
 2312.0000    34.7300 
 2314.0000    34.9400 
 2316.0000    35.2700 
 2318.0000    35.6800 
 2320.0000    36.1000 
 2322.0000    36.5500 
 2324.0000    37.0200 
 2326.0000    37.4000 
 2328.0000    37.6500 
 2330.0000    37.7900 
 2332.0000    37.8700 
 2334.0000    37.8900 
 2336.0000    37.9000 
 2338.0000    37.8500 
 2340.0000    37.7100 
 2342.0000    37.5200 
 2344.0000    37.3250 
 2346.0000    37.1100 
 2348.0000    36.8700 
 2350.0000    36.5900 
 2352.0000    36.3500 
 2354.0000    36.1200 
 2356.0000    35.9200 
 2358.0000    35.7000 
 2360.0000    35.4500 
 2362.0000    35.1900 
 2364.0000    34.9400 
 2366.0000    34.7500 
 2368.0000    34.5600 
 2370.0000    34.3100 
 2372.0000    34.0100 
 2374.0000    33.6800 
 2376.0000    33.2700 
 2378.0000    32.7900 
 2380.0000    32.3900 
 2382.0000    32.0300 
 2384.0000    31.6400 
 2386.0000    31.2550 
 2388.0000    30.9200 
 2390.0000    30.6000 
 2392.0000    30.3700 
 2394.0000    30.2850 
 2396.0000    30.4000 
 2398.0000    30.4500 
 2400.0000    30.4100 
 2402.0000    30.3000 
 2404.0000    30.2200 
 2406.0000    30.1000 
 2408.0000    30.0100 
 2410.0000    29.8900 
 2412.0000    29.7100 
 2414.0000    29.5400 
 2416.0000    29.4400 
 2418.0000    29.3000 
 2420.0000    29.1600 
 2422.0000    28.9700 
 2424.0000    28.8300 
 2426.0000    28.7400 
 2428.0000    28.7200 
 2430.0000    28.5200 
 2432.0000    28.2500 
 2434.0000    28.0600 
 2436.0000    28.0100 
 2438.0000    27.9500 
 2440.0000    27.7900 
 2442.0000    27.6450 
 2444.0000    27.5500 
 2446.0000    27.4600 
 2448.0000    27.3500 
 2450.0000    27.1900 
 2452.0000    26.9450 
 2454.0000    26.7500 
 2456.0000    26.5800 
 2458.0000    26.4300 
 2460.0000    26.2600 
 2462.0000    26.1100 
 2464.0000    25.9700 
 2466.0000    25.7950 
 2468.0000    25.6800 
 2470.0000    25.4600 
 2472.0000    25.2400 
 2474.0000    24.9800 
 2476.0000    24.7800 
 2478.0000    24.5000 
 2480.0000    24.2900 
 2482.0000    24.1900 
 2484.0000    24.0600 
 2486.0000    23.8600 
 2488.0000    23.6200 
 2490.0000    23.5600 
 2492.0000    23.4700 
 2494.0000    23.3200 
 2496.0000    23.0800 
 2498.0000    22.9100 
 2500.0000    22.7400 
