 1300.0000    59.8100 
 1302.0000    60.1000 
 1304.0000    59.8000 
 1306.0000    59.5000 
 1308.0000    59.4500 
 1310.0000    59.4500 
 1312.0000    59.6300 
 1314.0000    59.9000 
 1316.0000    59.9300 
 1318.0000    60.0200 
 1320.0000    60.0700 
 1322.0000    59.9900 
 1324.0000    59.9800 
 1326.0000    59.9600 
 1328.0000    59.9400 
 1330.0000    59.9400 
 1332.0000    59.8550 
 1334.0000    59.7700 
 1336.0000    59.6900 
 1338.0000    59.5900 
 1340.0000    59.4400 
 1342.0000    59.0900 
 1344.0000    58.4200 
 1346.0000    57.3300 
 1348.0000    55.8900 
 1350.0000    54.3250 
 1352.0000    53.0600 
 1354.0000    52.4100 
 1356.0000    52.4800 
 1358.0000    53.0900 
 1360.0000    53.9600 
 1362.0000    54.7900 
 1364.0000    55.3800 
 1366.0000    55.5800 
 1368.0000    55.1700 
 1370.0000    53.6700 
 1372.0000    50.6600 
 1374.0000    46.0900 
 1376.0000    40.8450 
 1378.0000    36.3200 
 1380.0000    33.4500 
 1382.0000    32.1500 
 1384.0000    31.5900 
 1386.0000    31.0900 
 1388.0000    30.6600 
 1390.0000    30.8200 
 1392.0000    32.1300 
 1394.0000    34.5900 
 1396.0000    37.7400 
 1398.0000    40.9000 
 1400.0000    43.5600 
 1402.0000    45.6600 
 1404.0000    47.3600 
 1406.0000    48.8300 
 1408.0000    50.1950 
 1410.0000    51.4100 
 1412.0000    52.4400 
 1414.0000    53.2200 
 1416.0000    53.7500 
 1418.0000    54.0700 
 1420.0000    54.2800 
 1422.0000    54.4300 
 1424.0000    54.6300 
 1426.0000    54.8400 
 1428.0000    55.0700 
 1430.0000    55.2900 
 1432.0000    55.5100 
 1434.0000    55.6900 
 1436.0000    55.8600 
 1438.0000    56.0100 
 1440.0000    56.1600 
 1442.0000    56.3200 
 1444.0000    56.4700 
 1446.0000    56.6000 
 1448.0000    56.7300 
 1450.0000    56.8500 
 1452.0000    56.9500 
 1454.0000    57.0400 
 1456.0000    57.1100 
 1458.0000    57.1500 
 1460.0000    57.2300 
 1462.0000    57.3000 
 1464.0000    57.4000 
 1466.0000    57.5000 
 1468.0000    57.5700 
 1470.0000    57.6200 
 1472.0000    57.7100 
 1474.0000    57.7900 
 1476.0000    57.8800 
 1478.0000    58.0000 
 1480.0000    58.1100 
 1482.0000    58.2000 
 1484.0000    58.2900 
 1486.0000    58.3700 
 1488.0000    58.4800 
 1490.0000    58.6100 
 1492.0000    58.7300 
 1494.0000    58.8600 
 1496.0000    58.9800 
 1498.0000    59.1000 
 1500.0000    59.2450 
 1502.0000    59.3300 
 1504.0000    59.4400 
 1506.0000    59.5200 
 1508.0000    59.5700 
 1510.0000    59.6200 
 1512.0000    59.6800 
 1514.0000    59.7600 
 1516.0000    59.8900 
 1518.0000    60.0300 
 1520.0000    60.1300 
 1522.0000    60.1900 
 1524.0000    60.2150 
 1526.0000    60.2600 
 1528.0000    60.3250 
 1530.0000    60.4100 
 1532.0000    60.4800 
 1534.0000    60.5500 
 1536.0000    60.6200 
 1538.0000    60.7300 
 1540.0000    60.8500 
 1542.0000    60.9500 
 1544.0000    61.0200 
 1546.0000    61.0700 
 1548.0000    61.1100 
 1550.0000    61.1500 
 1552.0000    61.2200 
 1554.0000    61.2800 
 1556.0000    61.3400 
 1558.0000    61.3800 
 1560.0000    61.4100 
 1562.0000    61.4300 
 1564.0000    61.5000 
 1566.0000    61.5700 
 1568.0000    61.6600 
 1570.0000    61.7400 
 1572.0000    61.7800 
 1574.0000    61.7900 
 1576.0000    61.8300 
 1578.0000    61.8700 
 1580.0000    61.9300 
 1582.0000    61.9700 
 1584.0000    62.0100 
 1586.0000    62.0850 
 1588.0000    62.1700 
 1590.0000    62.1700 
 1592.0000    62.1550 
 1594.0000    62.2000 
 1596.0000    62.2600 
 1598.0000    62.3300 
 1600.0000    62.3500 
 1602.0000    62.3500 
 1604.0000    62.3600 
 1606.0000    62.3700 
 1608.0000    62.3900 
 1610.0000    62.4300 
 1612.0000    62.4700 
 1614.0000    62.4800 
 1616.0000    62.4800 
 1618.0000    62.5000 
 1620.0000    62.4900 
 1622.0000    62.4900 
 1624.0000    62.5000 
 1626.0000    62.5000 
 1628.0000    62.5150 
 1630.0000    62.5500 
 1632.0000    62.5700 
 1634.0000    62.6000 
 1636.0000    62.6000 
 1638.0000    62.5600 
 1640.0000    62.5400 
 1642.0000    62.5800 
 1644.0000    62.5850 
 1646.0000    62.5850 
 1648.0000    62.5700 
 1650.0000    62.5500 
 1652.0000    62.5500 
 1654.0000    62.5300 
 1656.0000    62.5150 
 1658.0000    62.5500 
 1660.0000    62.5150 
 1662.0000    62.4800 
 1664.0000    62.4500 
 1666.0000    62.4200 
 1668.0000    62.3700 
 1670.0000    62.3300 
 1672.0000    62.2800 
 1674.0000    62.2600 
 1676.0000    62.2300 
 1678.0000    62.2200 
 1680.0000    62.2300 
 1682.0000    62.2500 
 1684.0000    62.2500 
 1686.0000    62.2000 
 1688.0000    62.1700 
 1690.0000    62.1800 
 1692.0000    62.1700 
 1694.0000    62.1800 
 1696.0000    62.1900 
 1698.0000    62.1900 
 1700.0000    62.1700 
 1702.0000    62.1300 
 1704.0000    62.1000 
 1706.0000    62.0500 
 1708.0000    61.9900 
 1710.0000    61.9200 
 1712.0000    61.8900 
 1714.0000    61.8700 
 1716.0000    61.8400 
 1718.0000    61.7700 
 1720.0000    61.7100 
 1722.0000    61.6300 
 1724.0000    61.5600 
 1726.0000    61.5450 
 1728.0000    61.5100 
 1730.0000    61.4600 
 1732.0000    61.4300 
 1734.0000    61.3900 
 1736.0000    61.3800 
 1738.0000    61.3600 
 1740.0000    61.3000 
 1742.0000    61.2100 
 1744.0000    61.1500 
 1746.0000    61.0800 
 1748.0000    60.9900 
 1750.0000    60.9100 
 1752.0000    60.8600 
 1754.0000    60.8100 
 1756.0000    60.7500 
 1758.0000    60.6700 
 1760.0000    60.5600 
 1762.0000    60.4800 
 1764.0000    60.3900 
 1766.0000    60.3200 
 1768.0000    60.2150 
 1770.0000    60.1300 
 1772.0000    60.0700 
 1774.0000    60.0200 
 1776.0000    60.0000 
 1778.0000    59.9600 
 1780.0000    59.8800 
 1782.0000    59.8000 
 1784.0000    59.7300 
 1786.0000    59.6800 
 1788.0000    59.6400 
 1790.0000    59.5800 
 1792.0000    59.5100 
 1794.0000    59.4900 
 1796.0000    59.4100 
 1798.0000    59.3550 
 1800.0000    59.2600 
 1802.0000    59.1300 
 1804.0000    58.9600 
 1806.0000    58.7800 
 1808.0000    58.6300 
 1810.0000    58.4800 
 1812.0000    58.3850 
 1814.0000    58.3400 
 1816.0000    58.3500 
 1818.0000    58.4100 
 1820.0000    58.4700 
 1822.0000    58.5200 
 1824.0000    58.5650 
 1826.0000    58.5900 
 1828.0000    58.6000 
 1830.0000    58.5800 
 1832.0000    58.5400 
 1834.0000    58.5200 
 1836.0000    58.4500 
 1838.0000    58.3400 
 1840.0000    58.2050 
 1842.0000    58.0700 
 1844.0000    57.9300 
 1846.0000    57.7800 
 1848.0000    57.5900 
 1850.0000    57.4100 
 1852.0000    57.2800 
 1854.0000    57.1900 
 1856.0000    57.1100 
 1858.0000    57.0000 
 1860.0000    56.8600 
 1862.0000    56.6950 
 1864.0000    56.5150 
 1866.0000    56.3000 
 1868.0000    55.9700 
 1870.0000    55.5600 
 1872.0000    55.0900 
 1874.0000    54.6200 
 1876.0000    54.1200 
 1878.0000    53.6200 
 1880.0000    53.1400 
 1882.0000    52.6600 
 1884.0000    52.1350 
 1886.0000    51.5300 
 1888.0000    50.8400 
 1890.0000    50.1400 
 1892.0000    49.4200 
 1894.0000    48.6900 
 1896.0000    47.9400 
 1898.0000    47.2000 
 1900.0000    46.4500 
 1902.0000    45.7600 
 1904.0000    45.0800 
 1906.0000    44.5000 
 1908.0000    43.9900 
 1910.0000    43.5300 
 1912.0000    43.1800 
 1914.0000    42.8900 
 1916.0000    42.6800 
 1918.0000    42.5500 
 1920.0000    42.4800 
 1922.0000    42.4600 
 1924.0000    42.4600 
 1926.0000    42.4800 
 1928.0000    42.5400 
 1930.0000    42.5500 
 1932.0000    42.5900 
 1934.0000    42.6200 
 1936.0000    42.6700 
 1938.0000    42.7300 
 1940.0000    42.7400 
 1942.0000    42.7600 
 1944.0000    42.7700 
 1946.0000    42.7900 
 1948.0000    42.8000 
 1950.0000    42.8100 
 1952.0000    42.7400 
 1954.0000    42.7000 
 1956.0000    42.6300 
 1958.0000    42.5700 
 1960.0000    42.5200 
 1962.0000    42.4300 
 1964.0000    42.3700 
 1966.0000    42.2800 
 1968.0000    42.1800 
 1970.0000    42.0800 
 1972.0000    42.0000 
 1974.0000    41.9200 
 1976.0000    41.8600 
 1978.0000    41.7800 
 1980.0000    41.7000 
 1982.0000    41.6500 
 1984.0000    41.6400 
 1986.0000    41.6900 
 1988.0000    41.7500 
 1990.0000    41.8600 
 1992.0000    41.9400 
 1994.0000    42.0400 
 1996.0000    42.1300 
 1998.0000    42.2800 
 2000.0000    42.5100 
 2002.0000    42.7600 
 2004.0000    43.0600 
 2006.0000    43.3700 
 2008.0000    43.7100 
 2010.0000    44.0300 
 2012.0000    44.3500 
 2014.0000    44.6000 
 2016.0000    44.8000 
 2018.0000    44.9900 
 2020.0000    45.1200 
 2022.0000    45.1600 
 2024.0000    45.1400 
 2026.0000    45.1500 
 2028.0000    45.2000 
 2030.0000    45.2800 
 2032.0000    45.3900 
 2034.0000    45.5100 
 2036.0000    45.6900 
 2038.0000    45.9100 
 2040.0000    46.1400 
 2042.0000    46.4300 
 2044.0000    46.7500 
 2046.0000    47.1200 
 2048.0000    47.5600 
 2050.0000    48.0000 
 2052.0000    48.4700 
 2054.0000    48.9300 
 2056.0000    49.3500 
 2058.0000    49.6900 
 2060.0000    49.9100 
 2062.0000    50.0500 
 2064.0000    50.1200 
 2066.0000    50.1100 
 2068.0000    50.0000 
 2070.0000    49.7700 
 2072.0000    49.4400 
 2074.0000    48.9800 
 2076.0000    48.4600 
 2078.0000    47.9700 
 2080.0000    47.4500 
 2082.0000    46.9800 
 2084.0000    46.5000 
 2086.0000    46.0100 
 2088.0000    45.5700 
 2090.0000    45.1500 
 2092.0000    44.9200 
 2094.0000    44.8100 
 2096.0000    44.8000 
 2098.0000    44.8200 
 2100.0000    44.7900 
 2102.0000    44.6400 
 2104.0000    44.3700 
 2106.0000    44.0300 
 2108.0000    43.7400 
 2110.0000    43.6100 
 2112.0000    43.7000 
 2114.0000    43.9100 
 2116.0000    44.1200 
 2118.0000    44.1800 
 2120.0000    44.0900 
 2122.0000    43.9200 
 2124.0000    43.5800 
 2126.0000    43.1200 
 2128.0000    42.7300 
 2130.0000    42.5500 
 2132.0000    42.7100 
 2134.0000    43.1400 
 2136.0000    43.6900 
 2138.0000    44.2400 
 2140.0000    44.7000 
 2142.0000    45.1400 
 2144.0000    45.6100 
 2146.0000    46.0900 
 2148.0000    46.5800 
 2150.0000    47.0100 
 2152.0000    47.4400 
 2154.0000    47.8000 
 2156.0000    48.0900 
 2158.0000    48.3900 
 2160.0000    48.6600 
 2162.0000    48.9000 
 2164.0000    49.1000 
 2166.0000    49.2300 
 2168.0000    49.3200 
 2170.0000    49.3900 
 2172.0000    49.4000 
 2174.0000    49.3900 
 2176.0000    49.3800 
 2178.0000    49.4100 
 2180.0000    49.4800 
 2182.0000    49.5300 
 2184.0000    49.5500 
 2186.0000    49.5400 
 2188.0000    49.4800 
 2190.0000    49.4400 
 2192.0000    49.3800 
 2194.0000    49.2800 
 2196.0000    49.2000 
 2198.0000    49.1000 
 2200.0000    49.0000 
 2202.0000    48.8600 
 2204.0000    48.7000 
 2206.0000    48.5600 
 2208.0000    48.3900 
 2210.0000    48.2400 
 2212.0000    48.0800 
 2214.0000    47.8600 
 2216.0000    47.6400 
 2218.0000    47.3000 
 2220.0000    46.8800 
 2222.0000    46.3800 
 2224.0000    45.7600 
 2226.0000    45.0800 
 2228.0000    44.2600 
 2230.0000    43.3100 
 2232.0000    42.1400 
 2234.0000    40.8300 
 2236.0000    39.4000 
 2238.0000    38.1300 
 2240.0000    37.2350 
 2242.0000    36.7150 
 2244.0000    36.4300 
 2246.0000    36.1600 
 2248.0000    35.8800 
 2250.0000    35.6900 
 2252.0000    35.6400 
 2254.0000    35.6900 
 2256.0000    35.6200 
 2258.0000    35.2000 
 2260.0000    34.1500 
 2262.0000    32.6300 
 2264.0000    30.8800 
 2266.0000    29.4400 
 2268.0000    28.7200 
 2270.0000    28.7200 
 2272.0000    29.1200 
 2274.0000    29.5200 
 2276.0000    29.7900 
 2278.0000    29.9000 
 2280.0000    29.9200 
 2282.0000    29.7700 
 2284.0000    29.5700 
 2286.0000    29.2700 
 2288.0000    28.9600 
 2290.0000    28.6700 
 2292.0000    28.3200 
 2294.0000    27.8800 
 2296.0000    27.2800 
 2298.0000    26.6500 
 2300.0000    25.9700 
 2302.0000    25.3400 
 2304.0000    24.6400 
 2306.0000    23.9800 
 2308.0000    23.2500 
 2310.0000    22.5100 
 2312.0000    21.7100 
 2314.0000    20.9400 
 2316.0000    20.2300 
 2318.0000    19.5700 
 2320.0000    19.1100 
 2322.0000    18.9300 
 2324.0000    19.0100 
 2326.0000    19.1300 
 2328.0000    19.1450 
 2330.0000    18.9800 
 2332.0000    18.7600 
 2334.0000    18.6400 
 2336.0000    18.8200 
 2338.0000    19.2900 
 2340.0000    20.1500 
 2342.0000    21.4700 
 2344.0000    23.0900 
 2346.0000    24.7800 
 2348.0000    26.3300 
 2350.0000    27.7200 
 2352.0000    28.8100 
 2354.0000    29.5700 
 2356.0000    30.0100 
 2358.0000    30.2100 
 2360.0000    30.2400 
 2362.0000    30.0100 
 2364.0000    29.5500 
 2366.0000    28.9700 
 2368.0000    28.3400 
 2370.0000    27.7700 
 2372.0000    27.2800 
 2374.0000    26.9450 
 2376.0000    26.8100 
 2378.0000    26.8100 
 2380.0000    26.7500 
 2382.0000    26.6600 
 2384.0000    26.4950 
 2386.0000    26.3300 
 2388.0000    26.0900 
 2390.0000    25.8300 
 2392.0000    25.4900 
 2394.0000    25.1500 
 2396.0000    24.7700 
 2398.0000    24.4600 
 2400.0000    24.3000 
 2402.0000    24.2900 
 2404.0000    24.2600 
 2406.0000    24.2000 
 2408.0000    24.1700 
 2410.0000    24.1700 
 2412.0000    24.1300 
 2414.0000    24.0100 
 2416.0000    23.9100 
 2418.0000    23.9200 
 2420.0000    23.9300 
 2422.0000    23.8600 
 2424.0000    23.7500 
 2426.0000    23.5800 
 2428.0000    23.1800 
 2430.0000    22.5000 
 2432.0000    21.8400 
 2434.0000    21.5300 
 2436.0000    21.5200 
 2438.0000    21.8600 
 2440.0000    22.2700 
 2442.0000    22.8300 
 2444.0000    23.2600 
 2446.0000    23.6200 
 2448.0000    23.8100 
 2450.0000    24.0800 
 2452.0000    24.2600 
 2454.0000    24.5000 
 2456.0000    24.6100 
 2458.0000    24.5500 
 2460.0000    24.2400 
 2462.0000    23.8100 
 2464.0000    23.3400 
 2466.0000    22.8400 
 2468.0000    22.3300 
 2470.0000    21.6900 
 2472.0000    20.9500 
 2474.0000    20.2500 
 2476.0000    19.9100 
 2478.0000    19.9000 
 2480.0000    19.9900 
 2482.0000    20.1300 
 2484.0000    20.1900 
 2486.0000    19.9700 
 2488.0000    19.4800 
 2490.0000    18.9000 
 2492.0000    18.4400 
 2494.0000    18.0100 
 2496.0000    17.5600 
 2498.0000    17.0350 
 2500.0000    16.7000 
