 1300.0000    46.4400 
 1302.0000    46.3100 
 1304.0000    46.3400 
 1306.0000    46.5400 
 1308.0000    46.7000 
 1310.0000    46.8300 
 1312.0000    47.0500 
 1314.0000    47.0500 
 1316.0000    47.0200 
 1318.0000    46.8900 
 1320.0000    46.7300 
 1322.0000    46.7400 
 1324.0000    46.7800 
 1326.0000    46.8800 
 1328.0000    46.9100 
 1330.0000    46.8900 
 1332.0000    46.8600 
 1334.0000    46.9300 
 1336.0000    46.8900 
 1338.0000    46.9200 
 1340.0000    46.9400 
 1342.0000    46.9600 
 1344.0000    47.0100 
 1346.0000    46.9900 
 1348.0000    46.9200 
 1350.0000    46.8800 
 1352.0000    46.8900 
 1354.0000    46.9100 
 1356.0000    46.9300 
 1358.0000    46.9300 
 1360.0000    46.9300 
 1362.0000    46.9300 
 1364.0000    46.9500 
 1366.0000    46.9500 
 1368.0000    46.9700 
 1370.0000    46.9700 
 1372.0000    46.9500 
 1374.0000    46.9200 
 1376.0000    46.8700 
 1378.0000    46.8600 
 1380.0000    46.8500 
 1382.0000    46.8300 
 1384.0000    46.8100 
 1386.0000    46.8000 
 1388.0000    46.7500 
 1390.0000    46.7000 
 1392.0000    46.6500 
 1394.0000    46.5700 
 1396.0000    46.4900 
 1398.0000    46.4400 
 1400.0000    46.3800 
 1402.0000    46.3400 
 1404.0000    46.3000 
 1406.0000    46.2400 
 1408.0000    46.2000 
 1410.0000    46.1800 
 1412.0000    46.1800 
 1414.0000    46.1800 
 1416.0000    46.1800 
 1418.0000    46.1600 
 1420.0000    46.1400 
 1422.0000    46.1500 
 1424.0000    46.1600 
 1426.0000    46.1900 
 1428.0000    46.2300 
 1430.0000    46.2700 
 1432.0000    46.3100 
 1434.0000    46.3300 
 1436.0000    46.3300 
 1438.0000    46.3100 
 1440.0000    46.2800 
 1442.0000    46.2800 
 1444.0000    46.2900 
 1446.0000    46.3000 
 1448.0000    46.3200 
 1450.0000    46.3500 
 1452.0000    46.4200 
 1454.0000    46.5100 
 1456.0000    46.5800 
 1458.0000    46.6500 
 1460.0000    46.7200 
 1462.0000    46.7900 
 1464.0000    46.8500 
 1466.0000    46.9000 
 1468.0000    46.9400 
 1470.0000    46.9900 
 1472.0000    47.0500 
 1474.0000    47.0900 
 1476.0000    47.1100 
 1478.0000    47.1600 
 1480.0000    47.2000 
 1482.0000    47.2600 
 1484.0000    47.3400 
 1486.0000    47.3900 
 1488.0000    47.4400 
 1490.0000    47.4600 
 1492.0000    47.4900 
 1494.0000    47.5200 
 1496.0000    47.5600 
 1498.0000    47.6000 
 1500.0000    47.6300 
 1502.0000    47.7100 
 1504.0000    47.7900 
 1506.0000    47.8800 
 1508.0000    47.9300 
 1510.0000    47.9400 
 1512.0000    47.9900 
 1514.0000    48.0300 
 1516.0000    48.0400 
 1518.0000    48.0500 
 1520.0000    48.0500 
 1522.0000    48.0900 
 1524.0000    48.1500 
 1526.0000    48.2200 
 1528.0000    48.2700 
 1530.0000    48.3000 
 1532.0000    48.3300 
 1534.0000    48.3400 
 1536.0000    48.3700 
 1538.0000    48.4200 
 1540.0000    48.4900 
 1542.0000    48.5100 
 1544.0000    48.5500 
 1546.0000    48.5800 
 1548.0000    48.6100 
 1550.0000    48.6600 
 1552.0000    48.7200 
 1554.0000    48.7500 
 1556.0000    48.8000 
 1558.0000    48.8400 
 1560.0000    48.8800 
 1562.0000    48.9000 
 1564.0000    48.9200 
 1566.0000    48.9400 
 1568.0000    48.9800 
 1570.0000    49.0300 
 1572.0000    49.0900 
 1574.0000    49.1100 
 1576.0000    49.1600 
 1578.0000    49.2000 
 1580.0000    49.2300 
 1582.0000    49.2700 
 1584.0000    49.3200 
 1586.0000    49.3800 
 1588.0000    49.4400 
 1590.0000    49.4900 
 1592.0000    49.5000 
 1594.0000    49.5300 
 1596.0000    49.5500 
 1598.0000    49.5800 
 1600.0000    49.6200 
 1602.0000    49.6500 
 1604.0000    49.6700 
 1606.0000    49.7100 
 1608.0000    49.7300 
 1610.0000    49.7600 
 1612.0000    49.7900 
 1614.0000    49.8200 
 1616.0000    49.8600 
 1618.0000    49.8900 
 1620.0000    49.9300 
 1622.0000    49.9400 
 1624.0000    49.9500 
 1626.0000    49.9800 
 1628.0000    50.0000 
 1630.0000    50.0400 
 1632.0000    50.1000 
 1634.0000    50.1400 
 1636.0000    50.1500 
 1638.0000    50.1700 
 1640.0000    50.1700 
 1642.0000    50.1700 
 1644.0000    50.1950 
 1646.0000    50.2100 
 1648.0000    50.2400 
 1650.0000    50.3000 
 1652.0000    50.3100 
 1654.0000    50.3100 
 1656.0000    50.3300 
 1658.0000    50.3600 
 1660.0000    50.4000 
 1662.0000    50.4100 
 1664.0000    50.4200 
 1666.0000    50.4000 
 1668.0000    50.4100 
 1670.0000    50.4000 
 1672.0000    50.4000 
 1674.0000    50.4100 
 1676.0000    50.4400 
 1678.0000    50.4900 
 1680.0000    50.5400 
 1682.0000    50.6000 
 1684.0000    50.6250 
 1686.0000    50.6250 
 1688.0000    50.6600 
 1690.0000    50.6900 
 1692.0000    50.7400 
 1694.0000    50.7700 
 1696.0000    50.7400 
 1698.0000    50.7700 
 1700.0000    50.8200 
 1702.0000    50.8700 
 1704.0000    50.9000 
 1706.0000    50.9000 
 1708.0000    50.9200 
 1710.0000    50.9500 
 1712.0000    50.9600 
 1714.0000    50.9600 
 1716.0000    50.9500 
 1718.0000    50.9300 
 1720.0000    50.9700 
 1722.0000    51.0100 
 1724.0000    51.0500 
 1726.0000    51.1000 
 1728.0000    51.1000 
 1730.0000    51.0800 
 1732.0000    51.0550 
 1734.0000    51.0550 
 1736.0000    51.1100 
 1738.0000    51.2000 
 1740.0000    51.2300 
 1742.0000    51.2300 
 1744.0000    51.2350 
 1746.0000    51.2800 
 1748.0000    51.2700 
 1750.0000    51.2800 
 1752.0000    51.2800 
 1754.0000    51.2800 
 1756.0000    51.3100 
 1758.0000    51.3100 
 1760.0000    51.3200 
 1762.0000    51.3700 
 1764.0000    51.3800 
 1766.0000    51.4100 
 1768.0000    51.4300 
 1770.0000    51.4500 
 1772.0000    51.4700 
 1774.0000    51.4700 
 1776.0000    51.4800 
 1778.0000    51.5100 
 1780.0000    51.5400 
 1782.0000    51.5600 
 1784.0000    51.5700 
 1786.0000    51.5700 
 1788.0000    51.5600 
 1790.0000    51.5600 
 1792.0000    51.5600 
 1794.0000    51.5700 
 1796.0000    51.5600 
 1798.0000    51.5700 
 1800.0000    51.5700 
 1802.0000    51.5900 
 1804.0000    51.6300 
 1806.0000    51.6600 
 1808.0000    51.6600 
 1810.0000    51.6400 
 1812.0000    51.6300 
 1814.0000    51.6200 
 1816.0000    51.6400 
 1818.0000    51.6400 
 1820.0000    51.6300 
 1822.0000    51.6300 
 1824.0000    51.6200 
 1826.0000    51.6200 
 1828.0000    51.5950 
 1830.0000    51.5700 
 1832.0000    51.5700 
 1834.0000    51.5900 
 1836.0000    51.6100 
 1838.0000    51.6100 
 1840.0000    51.6200 
 1842.0000    51.5950 
 1844.0000    51.6100 
 1846.0000    51.5500 
 1848.0000    51.5000 
 1850.0000    51.4800 
 1852.0000    51.4900 
 1854.0000    51.4900 
 1856.0000    51.4900 
 1858.0000    51.4100 
 1860.0000    51.3450 
 1862.0000    51.3100 
 1864.0000    51.2800 
 1866.0000    51.2500 
 1868.0000    51.1800 
 1870.0000    51.1300 
 1872.0000    51.1200 
 1874.0000    51.0700 
 1876.0000    51.0100 
 1878.0000    50.9000 
 1880.0000    50.8050 
 1882.0000    50.7600 
 1884.0000    50.6800 
 1886.0000    50.5600 
 1888.0000    50.3900 
 1890.0000    50.1800 
 1892.0000    49.9700 
 1894.0000    49.7500 
 1896.0000    49.5000 
 1898.0000    49.2500 
 1900.0000    48.9800 
 1902.0000    48.6800 
 1904.0000    48.3400 
 1906.0000    48.0500 
 1908.0000    47.7900 
 1910.0000    47.5800 
 1912.0000    47.4300 
 1914.0000    47.3500 
 1916.0000    47.3200 
 1918.0000    47.3500 
 1920.0000    47.4100 
 1922.0000    47.5100 
 1924.0000    47.6300 
 1926.0000    47.7200 
 1928.0000    47.8000 
 1930.0000    47.8900 
 1932.0000    47.9700 
 1934.0000    47.9900 
 1936.0000    48.0200 
 1938.0000    48.0800 
 1940.0000    48.1600 
 1942.0000    48.2400 
 1944.0000    48.2800 
 1946.0000    48.3300 
 1948.0000    48.4100 
 1950.0000    48.4700 
 1952.0000    48.5300 
 1954.0000    48.5700 
 1956.0000    48.6500 
 1958.0000    48.6900 
 1960.0000    48.7100 
 1962.0000    48.7200 
 1964.0000    48.7600 
 1966.0000    48.8100 
 1968.0000    48.8800 
 1970.0000    48.9100 
 1972.0000    48.9600 
 1974.0000    49.0100 
 1976.0000    49.0600 
 1978.0000    49.0800 
 1980.0000    49.1300 
 1982.0000    49.1900 
 1984.0000    49.2300 
 1986.0000    49.2800 
 1988.0000    49.3200 
 1990.0000    49.3700 
 1992.0000    49.4100 
 1994.0000    49.4300 
 1996.0000    49.4400 
 1998.0000    49.4700 
 2000.0000    49.4800 
 2002.0000    49.5200 
 2004.0000    49.5700 
 2006.0000    49.6300 
 2008.0000    49.6800 
 2010.0000    49.7400 
 2012.0000    49.8300 
 2014.0000    49.9200 
 2016.0000    49.9800 
 2018.0000    50.0150 
 2020.0000    50.0850 
 2022.0000    50.1500 
 2024.0000    50.2100 
 2026.0000    50.2200 
 2028.0000    50.2400 
 2030.0000    50.2650 
 2032.0000    50.3100 
 2034.0000    50.3200 
 2036.0000    50.3600 
 2038.0000    50.4100 
 2040.0000    50.3900 
 2042.0000    50.4400 
 2044.0000    50.4400 
 2046.0000    50.4400 
 2048.0000    50.4400 
 2050.0000    50.4450 
 2052.0000    50.5300 
 2054.0000    50.5600 
 2056.0000    50.5800 
 2058.0000    50.5700 
 2060.0000    50.5900 
 2062.0000    50.6000 
 2064.0000    50.5700 
 2066.0000    50.5900 
 2068.0000    50.6250 
 2070.0000    50.6400 
 2072.0000    50.6500 
 2074.0000    50.6400 
 2076.0000    50.6250 
 2078.0000    50.6200 
 2080.0000    50.6000 
 2082.0000    50.6200 
 2084.0000    50.6000 
 2086.0000    50.5900 
 2088.0000    50.5800 
 2090.0000    50.5400 
 2092.0000    50.4800 
 2094.0000    50.4100 
 2096.0000    50.3750 
 2098.0000    50.3500 
 2100.0000    50.3400 
 2102.0000    50.2800 
 2104.0000    50.2200 
 2106.0000    50.1500 
 2108.0000    50.0400 
 2110.0000    50.0400 
 2112.0000    50.0000 
 2114.0000    49.9500 
 2116.0000    49.8700 
 2118.0000    49.7700 
 2120.0000    49.7300 
 2122.0000    49.6800 
 2124.0000    49.6100 
 2126.0000    49.5200 
 2128.0000    49.5000 
 2130.0000    49.4900 
 2132.0000    49.4600 
 2134.0000    49.4100 
 2136.0000    49.3600 
 2138.0000    49.3100 
 2140.0000    49.3000 
 2142.0000    49.2900 
 2144.0000    49.3100 
 2146.0000    49.2700 
 2148.0000    49.2400 
 2150.0000    49.2400 
 2152.0000    49.2500 
 2154.0000    49.2600 
 2156.0000    49.2300 
 2158.0000    49.2300 
 2160.0000    49.2300 
 2162.0000    49.2600 
 2164.0000    49.2500 
 2166.0000    49.2400 
 2168.0000    49.2000 
 2170.0000    49.1700 
 2172.0000    49.1900 
 2174.0000    49.1900 
 2176.0000    49.1600 
 2178.0000    49.0600 
 2180.0000    49.0000 
 2182.0000    48.9700 
 2184.0000    48.9200 
 2186.0000    48.8200 
 2188.0000    48.7300 
 2190.0000    48.7200 
 2192.0000    48.7000 
 2194.0000    48.6200 
 2196.0000    48.5000 
 2198.0000    48.3900 
 2200.0000    48.3400 
 2202.0000    48.2800 
 2204.0000    48.2400 
 2206.0000    48.1600 
 2208.0000    48.1000 
 2210.0000    48.0600 
 2212.0000    48.0300 
 2214.0000    47.9900 
 2216.0000    47.9600 
 2218.0000    47.9300 
 2220.0000    47.9300 
 2222.0000    47.8800 
 2224.0000    47.8800 
 2226.0000    47.8200 
 2228.0000    47.7700 
 2230.0000    47.7100 
 2232.0000    47.6200 
 2234.0000    47.5200 
 2236.0000    47.4200 
 2238.0000    47.3900 
 2240.0000    47.3500 
 2242.0000    47.2400 
 2244.0000    47.0800 
 2246.0000    47.0100 
 2248.0000    46.9300 
 2250.0000    46.8100 
 2252.0000    46.6800 
 2254.0000    46.5500 
 2256.0000    46.4400 
 2258.0000    46.3300 
 2260.0000    46.2600 
 2262.0000    46.2700 
 2264.0000    46.2400 
 2266.0000    46.1800 
 2268.0000    46.1000 
 2270.0000    46.0100 
 2272.0000    45.8700 
 2274.0000    45.7100 
 2276.0000    45.5800 
 2278.0000    45.5300 
 2280.0000    45.4600 
 2282.0000    45.3700 
 2284.0000    45.2500 
 2286.0000    45.1300 
 2288.0000    45.0100 
 2290.0000    44.8900 
 2292.0000    44.7700 
 2294.0000    44.6500 
 2296.0000    44.5700 
 2298.0000    44.4800 
 2300.0000    44.4200 
 2302.0000    44.3600 
 2304.0000    44.3500 
 2306.0000    44.2900 
 2308.0000    44.1900 
 2310.0000    44.1000 
 2312.0000    44.0200 
 2314.0000    43.9000 
 2316.0000    43.7700 
 2318.0000    43.6300 
 2320.0000    43.4500 
 2322.0000    43.3000 
 2324.0000    43.1600 
 2326.0000    43.0700 
 2328.0000    42.9600 
 2330.0000    42.8500 
 2332.0000    42.8000 
 2334.0000    42.7700 
 2336.0000    42.7600 
 2338.0000    42.7300 
 2340.0000    42.7200 
 2342.0000    42.8100 
 2344.0000    42.9200 
 2346.0000    43.0200 
 2348.0000    43.1000 
 2350.0000    43.2300 
 2352.0000    43.4000 
 2354.0000    43.5300 
 2356.0000    43.7000 
 2358.0000    43.9200 
 2360.0000    44.1200 
 2362.0000    44.2500 
 2364.0000    44.3500 
 2366.0000    44.4600 
 2368.0000    44.5200 
 2370.0000    44.5700 
 2372.0000    44.5900 
 2374.0000    44.6400 
 2376.0000    44.6900 
 2378.0000    44.7300 
 2380.0000    44.7700 
 2382.0000    44.8600 
 2384.0000    44.9800 
 2386.0000    44.9800 
 2388.0000    44.9600 
 2390.0000    44.9300 
 2392.0000    44.9100 
 2394.0000    44.9000 
 2396.0000    44.8600 
 2398.0000    44.8700 
 2400.0000    44.8200 
 2402.0000    44.8200 
 2404.0000    44.8000 
 2406.0000    44.7700 
 2408.0000    44.7100 
 2410.0000    44.6900 
 2412.0000    44.5700 
 2414.0000    44.3900 
 2416.0000    44.2400 
 2418.0000    44.1400 
 2420.0000    44.1100 
 2422.0000    43.9700 
 2424.0000    43.7800 
 2426.0000    43.5700 
 2428.0000    43.3800 
 2430.0000    43.2700 
 2432.0000    43.1500 
 2434.0000    42.9900 
 2436.0000    42.8400 
 2438.0000    42.7400 
 2440.0000    42.6600 
 2442.0000    42.5000 
 2444.0000    42.2800 
 2446.0000    42.0600 
 2448.0000    41.9400 
 2450.0000    41.8100 
 2452.0000    41.5800 
 2454.0000    41.3700 
 2456.0000    41.2700 
 2458.0000    41.1500 
 2460.0000    40.8900 
 2462.0000    40.6200 
 2464.0000    40.3500 
 2466.0000    40.1600 
 2468.0000    39.9400 
 2470.0000    39.6700 
 2472.0000    39.3900 
 2474.0000    39.1700 
 2476.0000    39.0100 
 2478.0000    38.7700 
 2480.0000    38.5650 
 2482.0000    38.4400 
 2484.0000    38.3500 
 2486.0000    38.2300 
 2488.0000    38.0500 
 2490.0000    37.8400 
 2492.0000    37.7100 
 2494.0000    37.6500 
 2496.0000    37.4900 
 2498.0000    37.3500 
 2500.0000    37.2500 
