 1300.0000    62.1400 
 1302.0000    62.1700 
 1304.0000    62.2300 
 1306.0000    62.1700 
 1308.0000    62.1200 
 1310.0000    62.0100 
 1312.0000    61.7400 
 1314.0000    61.6800 
 1316.0000    61.7900 
 1318.0000    61.7500 
 1320.0000    61.6500 
 1322.0000    61.4300 
 1324.0000    61.2400 
 1326.0000    61.3000 
 1328.0000    61.2600 
 1330.0000    61.2700 
 1332.0000    61.1800 
 1334.0000    61.0600 
 1336.0000    61.0300 
 1338.0000    61.0900 
 1340.0000    61.1100 
 1342.0000    61.0800 
 1344.0000    60.9350 
 1346.0000    60.8250 
 1348.0000    60.7900 
 1350.0000    60.8100 
 1352.0000    60.8400 
 1354.0000    60.8100 
 1356.0000    60.7900 
 1358.0000    60.7800 
 1360.0000    60.7900 
 1362.0000    60.8100 
 1364.0000    60.7900 
 1366.0000    60.7300 
 1368.0000    60.6600 
 1370.0000    60.6100 
 1372.0000    60.6000 
 1374.0000    60.5900 
 1376.0000    60.5700 
 1378.0000    60.5400 
 1380.0000    60.5000 
 1382.0000    60.4700 
 1384.0000    60.4700 
 1386.0000    60.4600 
 1388.0000    60.4200 
 1390.0000    60.3950 
 1392.0000    60.3400 
 1394.0000    60.3250 
 1396.0000    60.3000 
 1398.0000    60.2700 
 1400.0000    60.2150 
 1402.0000    60.2000 
 1404.0000    60.1900 
 1406.0000    60.1900 
 1408.0000    60.1800 
 1410.0000    60.1450 
 1412.0000    60.1300 
 1414.0000    60.1200 
 1416.0000    60.1200 
 1418.0000    60.1400 
 1420.0000    60.1400 
 1422.0000    60.1100 
 1424.0000    60.0900 
 1426.0000    60.0600 
 1428.0000    60.0600 
 1430.0000    60.0700 
 1432.0000    60.0800 
 1434.0000    60.0900 
 1436.0000    60.1100 
 1438.0000    60.1300 
 1440.0000    60.1200 
 1442.0000    60.1000 
 1444.0000    60.0700 
 1446.0000    60.0350 
 1448.0000    60.0350 
 1450.0000    60.0800 
 1452.0000    60.1200 
 1454.0000    60.1100 
 1456.0000    60.0800 
 1458.0000    60.0500 
 1460.0000    59.9900 
 1462.0000    59.9400 
 1464.0000    59.8700 
 1466.0000    59.7600 
 1468.0000    59.7300 
 1470.0000    59.6500 
 1472.0000    59.5900 
 1474.0000    59.4900 
 1476.0000    59.3700 
 1478.0000    59.2600 
 1480.0000    59.2000 
 1482.0000    59.1700 
 1484.0000    59.2300 
 1486.0000    59.3000 
 1488.0000    59.4000 
 1490.0000    59.5200 
 1492.0000    59.6500 
 1494.0000    59.7800 
 1496.0000    59.9000 
 1498.0000    59.9800 
 1500.0000    60.0350 
 1502.0000    60.0800 
 1504.0000    60.1200 
 1506.0000    60.1800 
 1508.0000    60.2400 
 1510.0000    60.2500 
 1512.0000    60.3100 
 1514.0000    60.3200 
 1516.0000    60.3200 
 1518.0000    60.3700 
 1520.0000    60.4100 
 1522.0000    60.4400 
 1524.0000    60.4700 
 1526.0000    60.4800 
 1528.0000    60.4900 
 1530.0000    60.5200 
 1532.0000    60.5300 
 1534.0000    60.5300 
 1536.0000    60.5300 
 1538.0000    60.5600 
 1540.0000    60.6000 
 1542.0000    60.6100 
 1544.0000    60.6200 
 1546.0000    60.6400 
 1548.0000    60.6300 
 1550.0000    60.6300 
 1552.0000    60.6400 
 1554.0000    60.6600 
 1556.0000    60.7000 
 1558.0000    60.7200 
 1560.0000    60.7200 
 1562.0000    60.7300 
 1564.0000    60.7400 
 1566.0000    60.7500 
 1568.0000    60.7700 
 1570.0000    60.8000 
 1572.0000    60.8200 
 1574.0000    60.8500 
 1576.0000    60.8600 
 1578.0000    60.9000 
 1580.0000    60.9300 
 1582.0000    60.9350 
 1584.0000    60.9600 
 1586.0000    60.9800 
 1588.0000    61.0050 
 1590.0000    61.0300 
 1592.0000    61.0400 
 1594.0000    61.0500 
 1596.0000    61.0800 
 1598.0000    61.0700 
 1600.0000    61.0900 
 1602.0000    61.1150 
 1604.0000    61.1600 
 1606.0000    61.1800 
 1608.0000    61.1850 
 1610.0000    61.1800 
 1612.0000    61.2000 
 1614.0000    61.2500 
 1616.0000    61.3000 
 1618.0000    61.3200 
 1620.0000    61.3200 
 1622.0000    61.2900 
 1624.0000    61.2900 
 1626.0000    61.2900 
 1628.0000    61.2800 
 1630.0000    61.3200 
 1632.0000    61.3800 
 1634.0000    61.4100 
 1636.0000    61.4400 
 1638.0000    61.4400 
 1640.0000    61.4300 
 1642.0000    61.4600 
 1644.0000    61.4400 
 1646.0000    61.4300 
 1648.0000    61.4200 
 1650.0000    61.4200 
 1652.0000    61.4400 
 1654.0000    61.4700 
 1656.0000    61.5000 
 1658.0000    61.5450 
 1660.0000    61.5600 
 1662.0000    61.5600 
 1664.0000    61.5800 
 1666.0000    61.5900 
 1668.0000    61.5700 
 1670.0000    61.5100 
 1672.0000    61.4500 
 1674.0000    61.4700 
 1676.0000    61.5200 
 1678.0000    61.5800 
 1680.0000    61.6150 
 1682.0000    61.6600 
 1684.0000    61.6600 
 1686.0000    61.6500 
 1688.0000    61.6700 
 1690.0000    61.6800 
 1692.0000    61.7500 
 1694.0000    61.7400 
 1696.0000    61.7500 
 1698.0000    61.7800 
 1700.0000    61.8100 
 1702.0000    61.8500 
 1704.0000    61.8700 
 1706.0000    61.8900 
 1708.0000    61.9050 
 1710.0000    61.9500 
 1712.0000    61.9700 
 1714.0000    62.0000 
 1716.0000    62.0000 
 1718.0000    61.9900 
 1720.0000    61.9900 
 1722.0000    61.9900 
 1724.0000    62.0000 
 1726.0000    62.0100 
 1728.0000    62.0300 
 1730.0000    62.0600 
 1732.0000    62.0600 
 1734.0000    62.0800 
 1736.0000    62.1000 
 1738.0000    62.1300 
 1740.0000    62.1800 
 1742.0000    62.2000 
 1744.0000    62.2300 
 1746.0000    62.2600 
 1748.0000    62.2700 
 1750.0000    62.2900 
 1752.0000    62.3100 
 1754.0000    62.3500 
 1756.0000    62.3600 
 1758.0000    62.3700 
 1760.0000    62.4000 
 1762.0000    62.4400 
 1764.0000    62.4700 
 1766.0000    62.4900 
 1768.0000    62.5000 
 1770.0000    62.5100 
 1772.0000    62.5150 
 1774.0000    62.5000 
 1776.0000    62.5000 
 1778.0000    62.4900 
 1780.0000    62.4500 
 1782.0000    62.4100 
 1784.0000    62.3900 
 1786.0000    62.4300 
 1788.0000    62.4900 
 1790.0000    62.5600 
 1792.0000    62.6100 
 1794.0000    62.6500 
 1796.0000    62.6600 
 1798.0000    62.6800 
 1800.0000    62.6600 
 1802.0000    62.6500 
 1804.0000    62.6600 
 1806.0000    62.6800 
 1808.0000    62.7100 
 1810.0000    62.7200 
 1812.0000    62.7100 
 1814.0000    62.7200 
 1816.0000    62.7600 
 1818.0000    62.7600 
 1820.0000    62.7600 
 1822.0000    62.7900 
 1824.0000    62.8000 
 1826.0000    62.8300 
 1828.0000    62.8300 
 1830.0000    62.8700 
 1832.0000    62.8750 
 1834.0000    62.8900 
 1836.0000    62.9300 
 1838.0000    62.9700 
 1840.0000    62.9700 
 1842.0000    62.9600 
 1844.0000    62.9400 
 1846.0000    62.9900 
 1848.0000    63.0700 
 1850.0000    63.1200 
 1852.0000    63.1700 
 1854.0000    63.1800 
 1856.0000    63.1700 
 1858.0000    63.2000 
 1860.0000    63.2400 
 1862.0000    63.2800 
 1864.0000    63.2900 
 1866.0000    63.3050 
 1868.0000    63.3050 
 1870.0000    63.3200 
 1872.0000    63.3400 
 1874.0000    63.3300 
 1876.0000    63.3300 
 1878.0000    63.3200 
 1880.0000    63.3600 
 1882.0000    63.4000 
 1884.0000    63.4200 
 1886.0000    63.4100 
 1888.0000    63.3800 
 1890.0000    63.3600 
 1892.0000    63.3050 
 1894.0000    63.2500 
 1896.0000    63.2200 
 1898.0000    63.2100 
 1900.0000    63.1700 
 1902.0000    63.1000 
 1904.0000    63.0300 
 1906.0000    63.0100 
 1908.0000    63.0300 
 1910.0000    63.0500 
 1912.0000    63.1100 
 1914.0000    63.1400 
 1916.0000    63.1900 
 1918.0000    63.2200 
 1920.0000    63.2500 
 1922.0000    63.3050 
 1924.0000    63.3500 
 1926.0000    63.3700 
 1928.0000    63.3900 
 1930.0000    63.4600 
 1932.0000    63.4800 
 1934.0000    63.4800 
 1936.0000    63.4600 
 1938.0000    63.4850 
 1940.0000    63.5500 
 1942.0000    63.5700 
 1944.0000    63.6100 
 1946.0000    63.6500 
 1948.0000    63.6800 
 1950.0000    63.7100 
 1952.0000    63.7350 
 1954.0000    63.7800 
 1956.0000    63.8000 
 1958.0000    63.8100 
 1960.0000    63.8200 
 1962.0000    63.8450 
 1964.0000    63.8700 
 1966.0000    63.8700 
 1968.0000    63.8600 
 1970.0000    63.8900 
 1972.0000    63.9300 
 1974.0000    63.9900 
 1976.0000    64.0300 
 1978.0000    64.0700 
 1980.0000    64.1300 
 1982.0000    64.1600 
 1984.0000    64.1700 
 1986.0000    64.1600 
 1988.0000    64.1600 
 1990.0000    64.2200 
 1992.0000    64.2500 
 1994.0000    64.2400 
 1996.0000    64.2400 
 1998.0000    64.2600 
 2000.0000    64.3100 
 2002.0000    64.3700 
 2004.0000    64.4200 
 2006.0000    64.4550 
 2008.0000    64.4700 
 2010.0000    64.4550 
 2012.0000    64.4500 
 2014.0000    64.4550 
 2016.0000    64.4700 
 2018.0000    64.4900 
 2020.0000    64.5100 
 2022.0000    64.5000 
 2024.0000    64.4700 
 2026.0000    64.4200 
 2028.0000    64.4000 
 2030.0000    64.4000 
 2032.0000    64.4100 
 2034.0000    64.4100 
 2036.0000    64.3900 
 2038.0000    64.3900 
 2040.0000    64.4200 
 2042.0000    64.4500 
 2044.0000    64.4800 
 2046.0000    64.4550 
 2048.0000    64.4550 
 2050.0000    64.4700 
 2052.0000    64.4400 
 2054.0000    64.4400 
 2056.0000    64.4400 
 2058.0000    64.4400 
 2060.0000    64.4500 
 2062.0000    64.4800 
 2064.0000    64.5400 
 2066.0000    64.6000 
 2068.0000    64.6100 
 2070.0000    64.5800 
 2072.0000    64.6000 
 2074.0000    64.6000 
 2076.0000    64.6200 
 2078.0000    64.6350 
 2080.0000    64.6800 
 2082.0000    64.7700 
 2084.0000    64.8100 
 2086.0000    64.8100 
 2088.0000    64.7800 
 2090.0000    64.7800 
 2092.0000    64.8000 
 2094.0000    64.8000 
 2096.0000    64.8150 
 2098.0000    64.8000 
 2100.0000    64.8700 
 2102.0000    64.8500 
 2104.0000    64.8150 
 2106.0000    64.7900 
 2108.0000    64.7700 
 2110.0000    64.7900 
 2112.0000    64.7300 
 2114.0000    64.6800 
 2116.0000    64.6600 
 2118.0000    64.7000 
 2120.0000    64.6700 
 2122.0000    64.6500 
 2124.0000    64.6000 
 2126.0000    64.6100 
 2128.0000    64.5800 
 2130.0000    64.5200 
 2132.0000    64.4700 
 2134.0000    64.4300 
 2136.0000    64.4000 
 2138.0000    64.3400 
 2140.0000    64.2750 
 2142.0000    64.2100 
 2144.0000    64.1300 
 2146.0000    64.0800 
 2148.0000    63.9700 
 2150.0000    63.8600 
 2152.0000    63.7300 
 2154.0000    63.5900 
 2156.0000    63.4700 
 2158.0000    63.3400 
 2160.0000    63.1900 
 2162.0000    63.0100 
 2164.0000    62.8300 
 2166.0000    62.6800 
 2168.0000    62.5000 
 2170.0000    62.2000 
 2172.0000    61.9400 
 2174.0000    61.5900 
 2176.0000    61.1500 
 2178.0000    60.5750 
 2180.0000    59.9000 
 2182.0000    59.1300 
 2184.0000    58.2500 
 2186.0000    57.2700 
 2188.0000    56.1700 
 2190.0000    54.8900 
 2192.0000    53.4100 
 2194.0000    51.6500 
 2196.0000    49.5700 
 2198.0000    47.4200 
 2200.0000    45.4500 
 2202.0000    44.0700 
 2204.0000    43.6000 
 2206.0000    44.0400 
 2208.0000    45.2000 
 2210.0000    46.7800 
 2212.0000    48.2900 
 2214.0000    49.4500 
 2216.0000    50.1200 
 2218.0000    50.3400 
 2220.0000    50.2400 
 2222.0000    50.0700 
 2224.0000    49.9200 
 2226.0000    49.8800 
 2228.0000    49.9700 
 2230.0000    50.1300 
 2232.0000    50.4000 
 2234.0000    50.6500 
 2236.0000    50.8600 
 2238.0000    51.0200 
 2240.0000    51.1400 
 2242.0000    51.2200 
 2244.0000    51.2500 
 2246.0000    51.2000 
 2248.0000    50.9850 
 2250.0000    50.6500 
 2252.0000    50.2100 
 2254.0000    49.4900 
 2256.0000    48.5800 
 2258.0000    47.6100 
 2260.0000    46.8300 
 2262.0000    46.6000 
 2264.0000    46.8500 
 2266.0000    47.5500 
 2268.0000    48.5400 
 2270.0000    49.6000 
 2272.0000    50.6500 
 2274.0000    51.6300 
 2276.0000    52.4000 
 2278.0000    52.9800 
 2280.0000    53.4300 
 2282.0000    53.7600 
 2284.0000    53.9800 
 2286.0000    54.0400 
 2288.0000    53.9900 
 2290.0000    53.8900 
 2292.0000    53.7300 
 2294.0000    53.6300 
 2296.0000    53.5600 
 2298.0000    53.6000 
 2300.0000    53.6700 
 2302.0000    53.8100 
 2304.0000    54.0300 
 2306.0000    54.2800 
 2308.0000    54.6300 
 2310.0000    55.0700 
 2312.0000    55.5100 
 2314.0000    55.9300 
 2316.0000    56.3350 
 2318.0000    56.7300 
 2320.0000    57.1400 
 2322.0000    57.4850 
 2324.0000    57.8300 
 2326.0000    58.0950 
 2328.0000    58.3400 
 2330.0000    58.5650 
 2332.0000    58.7200 
 2334.0000    58.8800 
 2336.0000    59.0300 
 2338.0000    59.1400 
 2340.0000    59.2000 
 2342.0000    59.2000 
 2344.0000    59.2300 
 2346.0000    59.2200 
 2348.0000    59.2000 
 2350.0000    59.2000 
 2352.0000    59.2100 
 2354.0000    59.1400 
 2356.0000    59.0650 
 2358.0000    58.9400 
 2360.0000    58.7900 
 2362.0000    58.5100 
 2364.0000    58.2000 
 2366.0000    57.8450 
 2368.0000    57.4850 
 2370.0000    56.9800 
 2372.0000    56.3700 
 2374.0000    55.6900 
 2376.0000    54.8900 
 2378.0000    53.9300 
 2380.0000    52.7700 
 2382.0000    51.4500 
 2384.0000    50.0150 
 2386.0000    48.4500 
 2388.0000    46.8700 
 2390.0000    45.2400 
 2392.0000    43.7500 
 2394.0000    42.3400 
 2396.0000    41.0900 
 2398.0000    40.0700 
 2400.0000    39.3500 
 2402.0000    38.9400 
 2404.0000    38.7900 
 2406.0000    38.9300 
 2408.0000    39.2500 
 2410.0000    39.6900 
 2412.0000    40.1900 
 2414.0000    40.9100 
 2416.0000    41.7800 
 2418.0000    42.8100 
 2420.0000    44.0400 
 2422.0000    45.3200 
 2424.0000    46.5100 
 2426.0000    47.6000 
 2428.0000    48.6600 
 2430.0000    49.6200 
 2432.0000    50.5000 
 2434.0000    51.3200 
 2436.0000    51.9550 
 2438.0000    52.3700 
 2440.0000    52.7100 
 2442.0000    52.9900 
 2444.0000    53.1200 
 2446.0000    53.0200 
 2448.0000    52.8500 
 2450.0000    52.7400 
 2452.0000    52.6200 
 2454.0000    52.4400 
 2456.0000    52.1700 
 2458.0000    51.8700 
 2460.0000    51.5700 
 2462.0000    51.3700 
 2464.0000    51.1900 
 2466.0000    50.9300 
 2468.0000    50.6700 
 2470.0000    50.3600 
 2472.0000    50.1600 
 2474.0000    49.9100 
 2476.0000    49.5500 
 2478.0000    49.1300 
 2480.0000    48.7700 
 2482.0000    48.4400 
 2484.0000    48.2100 
 2486.0000    48.1300 
 2488.0000    48.0100 
 2490.0000    47.8800 
 2492.0000    47.7900 
 2494.0000    47.8400 
 2496.0000    47.9700 
 2498.0000    48.0200 
 2500.0000    48.0800 
