 1300.0000    68.3200 
 1302.0000    68.6400 
 1304.0000    68.8200 
 1306.0000    68.7200 
 1308.0000    68.3600 
 1310.0000    68.0800 
 1312.0000    68.0600 
 1314.0000    68.3100 
 1316.0000    68.5200 
 1318.0000    68.5700 
 1320.0000    68.4300 
 1322.0000    68.2400 
 1324.0000    68.0900 
 1326.0000    68.1500 
 1328.0000    68.1550 
 1330.0000    68.1300 
 1332.0000    68.1100 
 1334.0000    68.1400 
 1336.0000    68.1900 
 1338.0000    68.2200 
 1340.0000    68.2200 
 1342.0000    68.1300 
 1344.0000    68.0900 
 1346.0000    68.0450 
 1348.0000    68.0200 
 1350.0000    67.9750 
 1352.0000    67.9300 
 1354.0000    67.9000 
 1356.0000    67.8650 
 1358.0000    67.7800 
 1360.0000    67.6700 
 1362.0000    67.5700 
 1364.0000    67.4600 
 1366.0000    67.3200 
 1368.0000    67.1700 
 1370.0000    66.9800 
 1372.0000    66.7600 
 1374.0000    66.5000 
 1376.0000    66.1400 
 1378.0000    65.6900 
 1380.0000    65.0200 
 1382.0000    64.1500 
 1384.0000    63.1200 
 1386.0000    62.0100 
 1388.0000    60.9350 
 1390.0000    60.0300 
 1392.0000    59.3100 
 1394.0000    58.8900 
 1396.0000    58.6900 
 1398.0000    58.6300 
 1400.0000    58.6600 
 1402.0000    58.6900 
 1404.0000    58.7600 
 1406.0000    58.8900 
 1408.0000    59.1300 
 1410.0000    59.5000 
 1412.0000    60.0000 
 1414.0000    60.5600 
 1416.0000    61.1500 
 1418.0000    61.6900 
 1420.0000    62.0800 
 1422.0000    62.3300 
 1424.0000    62.3350 
 1426.0000    62.1500 
 1428.0000    61.8400 
 1430.0000    61.4500 
 1432.0000    61.0400 
 1434.0000    60.7500 
 1436.0000    60.5700 
 1438.0000    60.6100 
 1440.0000    60.7700 
 1442.0000    61.1150 
 1444.0000    61.5000 
 1446.0000    61.9200 
 1448.0000    62.3300 
 1450.0000    62.6300 
 1452.0000    62.8700 
 1454.0000    63.0900 
 1456.0000    63.2600 
 1458.0000    63.4000 
 1460.0000    63.5100 
 1462.0000    63.5550 
 1464.0000    63.6100 
 1466.0000    63.7200 
 1468.0000    63.8450 
 1470.0000    63.9700 
 1472.0000    64.0950 
 1474.0000    64.1600 
 1476.0000    64.2100 
 1478.0000    64.2750 
 1480.0000    64.3900 
 1482.0000    64.5000 
 1484.0000    64.6200 
 1486.0000    64.7700 
 1488.0000    64.8800 
 1490.0000    64.9900 
 1492.0000    65.1100 
 1494.0000    65.2200 
 1496.0000    65.3300 
 1498.0000    65.4250 
 1500.0000    65.5200 
 1502.0000    65.6000 
 1504.0000    65.6900 
 1506.0000    65.7600 
 1508.0000    65.8700 
 1510.0000    65.9600 
 1512.0000    66.0300 
 1514.0000    66.1000 
 1516.0000    66.1500 
 1518.0000    66.2150 
 1520.0000    66.3100 
 1522.0000    66.3600 
 1524.0000    66.3800 
 1526.0000    66.4100 
 1528.0000    66.4500 
 1530.0000    66.5000 
 1532.0000    66.5400 
 1534.0000    66.5500 
 1536.0000    66.5400 
 1538.0000    66.5500 
 1540.0000    66.5500 
 1542.0000    66.6200 
 1544.0000    66.6450 
 1546.0000    66.7000 
 1548.0000    66.7200 
 1550.0000    66.6600 
 1552.0000    66.6100 
 1554.0000    66.6000 
 1556.0000    66.6300 
 1558.0000    66.6900 
 1560.0000    66.7600 
 1562.0000    66.7600 
 1564.0000    66.7500 
 1566.0000    66.7000 
 1568.0000    66.6800 
 1570.0000    66.6400 
 1572.0000    66.6600 
 1574.0000    66.6900 
 1576.0000    66.7300 
 1578.0000    66.7000 
 1580.0000    66.6700 
 1582.0000    66.6300 
 1584.0000    66.6100 
 1586.0000    66.6300 
 1588.0000    66.6300 
 1590.0000    66.5700 
 1592.0000    66.5400 
 1594.0000    66.5100 
 1596.0000    66.5100 
 1598.0000    66.4900 
 1600.0000    66.5000 
 1602.0000    66.5100 
 1604.0000    66.4900 
 1606.0000    66.4600 
 1608.0000    66.3900 
 1610.0000    66.3100 
 1612.0000    66.2700 
 1614.0000    66.2700 
 1616.0000    66.2700 
 1618.0000    66.2150 
 1620.0000    66.1900 
 1622.0000    66.1200 
 1624.0000    66.0800 
 1626.0000    66.0500 
 1628.0000    65.9800 
 1630.0000    65.9100 
 1632.0000    65.9000 
 1634.0000    65.8700 
 1636.0000    65.8100 
 1638.0000    65.7600 
 1640.0000    65.7100 
 1642.0000    65.7100 
 1644.0000    65.6900 
 1646.0000    65.6000 
 1648.0000    65.4950 
 1650.0000    65.4500 
 1652.0000    65.4400 
 1654.0000    65.3900 
 1656.0000    65.3150 
 1658.0000    65.2800 
 1660.0000    65.2300 
 1662.0000    65.1900 
 1664.0000    65.1300 
 1666.0000    65.0400 
 1668.0000    65.0100 
 1670.0000    65.0000 
 1672.0000    64.9400 
 1674.0000    64.8700 
 1676.0000    64.8150 
 1678.0000    64.7800 
 1680.0000    64.7400 
 1682.0000    64.7400 
 1684.0000    64.7200 
 1686.0000    64.6600 
 1688.0000    64.5900 
 1690.0000    64.5900 
 1692.0000    64.5600 
 1694.0000    64.5600 
 1696.0000    64.5200 
 1698.0000    64.4900 
 1700.0000    64.5250 
 1702.0000    64.5900 
 1704.0000    64.6000 
 1706.0000    64.5400 
 1708.0000    64.4400 
 1710.0000    64.3450 
 1712.0000    64.3600 
 1714.0000    64.4300 
 1716.0000    64.4700 
 1718.0000    64.4300 
 1720.0000    64.3600 
 1722.0000    64.3400 
 1724.0000    64.3600 
 1726.0000    64.3700 
 1728.0000    64.3200 
 1730.0000    64.2750 
 1732.0000    64.2900 
 1734.0000    64.2700 
 1736.0000    64.2500 
 1738.0000    64.2000 
 1740.0000    64.1700 
 1742.0000    64.1800 
 1744.0000    64.1800 
 1746.0000    64.1400 
 1748.0000    64.1500 
 1750.0000    64.0900 
 1752.0000    64.0400 
 1754.0000    64.0400 
 1756.0000    64.0300 
 1758.0000    64.0300 
 1760.0000    64.0300 
 1762.0000    64.0000 
 1764.0000    64.0100 
 1766.0000    63.9900 
 1768.0000    63.9800 
 1770.0000    63.9150 
 1772.0000    63.9100 
 1774.0000    63.8600 
 1776.0000    63.8300 
 1778.0000    63.8100 
 1780.0000    63.7600 
 1782.0000    63.7700 
 1784.0000    63.7500 
 1786.0000    63.7700 
 1788.0000    63.7500 
 1790.0000    63.6900 
 1792.0000    63.6400 
 1794.0000    63.6000 
 1796.0000    63.5800 
 1798.0000    63.5700 
 1800.0000    63.4850 
 1802.0000    63.4700 
 1804.0000    63.4500 
 1806.0000    63.4500 
 1808.0000    63.4100 
 1810.0000    63.3600 
 1812.0000    63.3050 
 1814.0000    63.2600 
 1816.0000    63.2100 
 1818.0000    63.1200 
 1820.0000    63.0900 
 1822.0000    63.0300 
 1824.0000    62.9800 
 1826.0000    62.9000 
 1828.0000    62.8000 
 1830.0000    62.7400 
 1832.0000    62.6950 
 1834.0000    62.6700 
 1836.0000    62.6200 
 1838.0000    62.5500 
 1840.0000    62.4600 
 1842.0000    62.4100 
 1844.0000    62.3800 
 1846.0000    62.3300 
 1848.0000    62.3300 
 1850.0000    62.2600 
 1852.0000    62.2100 
 1854.0000    62.1500 
 1856.0000    62.0500 
 1858.0000    61.9600 
 1860.0000    61.8800 
 1862.0000    61.8700 
 1864.0000    61.8400 
 1866.0000    61.8100 
 1868.0000    61.6800 
 1870.0000    61.5200 
 1872.0000    61.4100 
 1874.0000    61.2900 
 1876.0000    61.2200 
 1878.0000    61.1600 
 1880.0000    61.1000 
 1882.0000    61.0050 
 1884.0000    60.9000 
 1886.0000    60.7550 
 1888.0000    60.6300 
 1890.0000    60.5200 
 1892.0000    60.3900 
 1894.0000    60.2150 
 1896.0000    60.0500 
 1898.0000    59.8700 
 1900.0000    59.7200 
 1902.0000    59.6000 
 1904.0000    59.5000 
 1906.0000    59.4500 
 1908.0000    59.3550 
 1910.0000    59.3100 
 1912.0000    59.2800 
 1914.0000    59.2100 
 1916.0000    59.1500 
 1918.0000    59.1000 
 1920.0000    59.0800 
 1922.0000    59.0600 
 1924.0000    59.0200 
 1926.0000    58.9500 
 1928.0000    58.9000 
 1930.0000    58.8700 
 1932.0000    58.8100 
 1934.0000    58.7800 
 1936.0000    58.7400 
 1938.0000    58.6900 
 1940.0000    58.6100 
 1942.0000    58.5500 
 1944.0000    58.4800 
 1946.0000    58.4200 
 1948.0000    58.3400 
 1950.0000    58.2750 
 1952.0000    58.2050 
 1954.0000    58.1500 
 1956.0000    58.0400 
 1958.0000    57.9600 
 1960.0000    57.8300 
 1962.0000    57.6500 
 1964.0000    57.3900 
 1966.0000    57.1300 
 1968.0000    56.9900 
 1970.0000    56.8600 
 1972.0000    56.7500 
 1974.0000    56.6800 
 1976.0000    56.5800 
 1978.0000    56.4450 
 1980.0000    56.3000 
 1982.0000    56.0850 
 1984.0000    55.9000 
 1986.0000    55.6900 
 1988.0000    55.4750 
 1990.0000    55.3500 
 1992.0000    55.2900 
 1994.0000    55.3600 
 1996.0000    55.5400 
 1998.0000    55.7600 
 2000.0000    55.9900 
 2002.0000    56.1500 
 2004.0000    56.3000 
 2006.0000    56.4200 
 2008.0000    56.4900 
 2010.0000    56.5600 
 2012.0000    56.5900 
 2014.0000    56.6400 
 2016.0000    56.6600 
 2018.0000    56.6600 
 2020.0000    56.7200 
 2022.0000    56.7900 
 2024.0000    56.8400 
 2026.0000    56.8900 
 2028.0000    56.9000 
 2030.0000    56.9600 
 2032.0000    57.0400 
 2034.0000    57.0900 
 2036.0000    57.1400 
 2038.0000    57.1100 
 2040.0000    57.0550 
 2042.0000    56.9900 
 2044.0000    56.8900 
 2046.0000    56.8700 
 2048.0000    56.8200 
 2050.0000    56.7700 
 2052.0000    56.7200 
 2054.0000    56.6500 
 2056.0000    56.6100 
 2058.0000    56.5600 
 2060.0000    56.5300 
 2062.0000    56.5100 
 2064.0000    56.4700 
 2066.0000    56.4200 
 2068.0000    56.3600 
 2070.0000    56.2800 
 2072.0000    56.2300 
 2074.0000    56.1400 
 2076.0000    56.0400 
 2078.0000    55.9500 
 2080.0000    55.8500 
 2082.0000    55.7400 
 2084.0000    55.6000 
 2086.0000    55.4600 
 2088.0000    55.3200 
 2090.0000    55.1300 
 2092.0000    54.9300 
 2094.0000    54.7200 
 2096.0000    54.5000 
 2098.0000    54.3100 
 2100.0000    54.0900 
 2102.0000    53.8300 
 2104.0000    53.5700 
 2106.0000    53.3100 
 2108.0000    53.0600 
 2110.0000    52.7600 
 2112.0000    52.4900 
 2114.0000    52.2000 
 2116.0000    51.9400 
 2118.0000    51.6600 
 2120.0000    51.3450 
 2122.0000    51.0800 
 2124.0000    50.7900 
 2126.0000    50.5300 
 2128.0000    50.2300 
 2130.0000    49.9100 
 2132.0000    49.6000 
 2134.0000    49.3300 
 2136.0000    49.0600 
 2138.0000    48.7900 
 2140.0000    48.5100 
 2142.0000    48.2600 
 2144.0000    48.0600 
 2146.0000    47.9000 
 2148.0000    47.7700 
 2150.0000    47.6600 
 2152.0000    47.5800 
 2154.0000    47.5900 
 2156.0000    47.6300 
 2158.0000    47.6400 
 2160.0000    47.6300 
 2162.0000    47.6400 
 2164.0000    47.6700 
 2166.0000    47.6700 
 2168.0000    47.6300 
 2170.0000    47.6000 
 2172.0000    47.5400 
 2174.0000    47.4800 
 2176.0000    47.3800 
 2178.0000    47.2400 
 2180.0000    47.0700 
 2182.0000    46.8800 
 2184.0000    46.7300 
 2186.0000    46.6100 
 2188.0000    46.4900 
 2190.0000    46.3400 
 2192.0000    46.1700 
 2194.0000    45.9900 
 2196.0000    45.7800 
 2198.0000    45.5000 
 2200.0000    45.2100 
 2202.0000    44.8500 
 2204.0000    44.4700 
 2206.0000    44.0300 
 2208.0000    43.5900 
 2210.0000    43.1300 
 2212.0000    42.7500 
 2214.0000    42.4000 
 2216.0000    42.1400 
 2218.0000    41.9800 
 2220.0000    41.8600 
 2222.0000    41.8300 
 2224.0000    41.8100 
 2226.0000    41.8200 
 2228.0000    41.7600 
 2230.0000    41.6300 
 2232.0000    41.4800 
 2234.0000    41.3600 
 2236.0000    41.1700 
 2238.0000    41.0100 
 2240.0000    40.8200 
 2242.0000    40.7000 
 2244.0000    40.5600 
 2246.0000    40.3500 
 2248.0000    40.1000 
 2250.0000    39.8200 
 2252.0000    39.5600 
 2254.0000    39.2650 
 2256.0000    38.9700 
 2258.0000    38.6300 
 2260.0000    38.3200 
 2262.0000    38.0800 
 2264.0000    37.8800 
 2266.0000    37.7100 
 2268.0000    37.5200 
 2270.0000    37.3250 
 2272.0000    37.1100 
 2274.0000    36.9000 
 2276.0000    36.7400 
 2278.0000    36.5700 
 2280.0000    36.4200 
 2282.0000    36.2600 
 2284.0000    36.0700 
 2286.0000    35.8000 
 2288.0000    35.4600 
 2290.0000    35.1400 
 2292.0000    34.8100 
 2294.0000    34.4600 
 2296.0000    34.1400 
 2298.0000    33.9100 
 2300.0000    33.7000 
 2302.0000    33.5200 
 2304.0000    33.3500 
 2306.0000    33.2600 
 2308.0000    33.1900 
 2310.0000    33.1600 
 2312.0000    33.1000 
 2314.0000    33.0700 
 2316.0000    33.0300 
 2318.0000    32.9500 
 2320.0000    32.7600 
 2322.0000    32.6400 
 2324.0000    32.5000 
 2326.0000    32.3150 
 2328.0000    32.1000 
 2330.0000    31.8000 
 2332.0000    31.5100 
 2334.0000    31.2400 
 2336.0000    30.9500 
 2338.0000    30.6600 
 2340.0000    30.3900 
 2342.0000    30.1200 
 2344.0000    29.9600 
 2346.0000    29.8400 
 2348.0000    29.7600 
 2350.0000    29.5850 
 2352.0000    29.4500 
 2354.0000    29.4300 
 2356.0000    29.4900 
 2358.0000    29.6000 
 2360.0000    29.7200 
 2362.0000    29.8600 
 2364.0000    30.0000 
 2366.0000    30.1500 
 2368.0000    30.2800 
 2370.0000    30.4300 
 2372.0000    30.5300 
 2374.0000    30.6300 
 2376.0000    30.7800 
 2378.0000    30.8700 
 2380.0000    30.9200 
 2382.0000    30.9200 
 2384.0000    30.9200 
 2386.0000    30.9400 
 2388.0000    30.8950 
 2390.0000    30.8950 
 2392.0000    30.8800 
 2394.0000    30.7600 
 2396.0000    30.5550 
 2398.0000    30.5000 
 2400.0000    30.5200 
 2402.0000    30.4800 
 2404.0000    30.3750 
 2406.0000    30.1950 
 2408.0000    30.0800 
 2410.0000    30.0500 
 2412.0000    30.1300 
 2414.0000    30.1500 
 2416.0000    30.1400 
 2418.0000    30.0600 
 2420.0000    29.9900 
 2422.0000    29.9500 
 2424.0000    30.0100 
 2426.0000    29.9200 
 2428.0000    29.8500 
 2430.0000    29.7700 
 2432.0000    29.7300 
 2434.0000    29.7000 
 2436.0000    29.6400 
 2438.0000    29.5500 
 2440.0000    29.5300 
 2442.0000    29.5600 
 2444.0000    29.5800 
 2446.0000    29.6100 
 2448.0000    29.6700 
 2450.0000    29.7500 
 2452.0000    29.7500 
 2454.0000    29.7500 
 2456.0000    29.7400 
 2458.0000    29.7300 
 2460.0000    29.7200 
 2462.0000    29.6750 
 2464.0000    29.6500 
 2466.0000    29.5300 
 2468.0000    29.6100 
 2470.0000    29.6750 
 2472.0000    29.5700 
 2474.0000    29.4300 
 2476.0000    29.4200 
 2478.0000    29.4000 
 2480.0000    29.4050 
 2482.0000    29.4050 
 2484.0000    29.4700 
 2486.0000    29.3700 
 2488.0000    29.3500 
 2490.0000    29.2600 
 2492.0000    29.2400 
 2494.0000    29.1800 
 2496.0000    29.2200 
 2498.0000    29.1800 
 2500.0000    29.1000 
