 1300.0000    58.0250 
 1302.0000    58.0200 
 1304.0000    58.0900 
 1306.0000    58.1800 
 1308.0000    58.3500 
 1310.0000    58.4400 
 1312.0000    58.4000 
 1314.0000    58.1200 
 1316.0000    57.7900 
 1318.0000    57.5700 
 1320.0000    57.5400 
 1322.0000    57.5500 
 1324.0000    57.5800 
 1326.0000    57.5700 
 1328.0000    57.5000 
 1330.0000    57.4300 
 1332.0000    57.3600 
 1334.0000    57.3200 
 1336.0000    57.3000 
 1338.0000    57.2800 
 1340.0000    57.1900 
 1342.0000    57.0700 
 1344.0000    57.0100 
 1346.0000    56.9100 
 1348.0000    56.7700 
 1350.0000    56.6200 
 1352.0000    56.4300 
 1354.0000    56.3000 
 1356.0000    56.2650 
 1358.0000    56.2900 
 1360.0000    56.3350 
 1362.0000    56.3700 
 1364.0000    56.3900 
 1366.0000    56.3700 
 1368.0000    56.2900 
 1370.0000    56.1400 
 1372.0000    55.9300 
 1374.0000    55.6500 
 1376.0000    55.3400 
 1378.0000    54.9900 
 1380.0000    54.6000 
 1382.0000    54.1900 
 1384.0000    53.7150 
 1386.0000    53.1750 
 1388.0000    52.6200 
 1390.0000    52.1300 
 1392.0000    51.7750 
 1394.0000    51.6100 
 1396.0000    51.5400 
 1398.0000    51.5500 
 1400.0000    51.5700 
 1402.0000    51.5600 
 1404.0000    51.5000 
 1406.0000    51.3400 
 1408.0000    51.0000 
 1410.0000    50.4800 
 1412.0000    49.8700 
 1414.0000    49.4300 
 1416.0000    49.2800 
 1418.0000    49.3300 
 1420.0000    49.3000 
 1422.0000    48.8900 
 1424.0000    48.1400 
 1426.0000    47.3700 
 1428.0000    46.8700 
 1430.0000    46.8500 
 1432.0000    47.3100 
 1434.0000    48.0500 
 1436.0000    48.9400 
 1438.0000    49.8200 
 1440.0000    50.6500 
 1442.0000    51.2700 
 1444.0000    51.7200 
 1446.0000    51.9900 
 1448.0000    52.0600 
 1450.0000    52.0000 
 1452.0000    51.8700 
 1454.0000    51.6300 
 1456.0000    51.3400 
 1458.0000    51.0500 
 1460.0000    50.7500 
 1462.0000    50.5000 
 1464.0000    50.3500 
 1466.0000    50.2100 
 1468.0000    50.0700 
 1470.0000    49.8400 
 1472.0000    49.4500 
 1474.0000    48.7700 
 1476.0000    47.7300 
 1478.0000    46.3100 
 1480.0000    44.7900 
 1482.0000    43.5600 
 1484.0000    43.1900 
 1486.0000    43.8900 
 1488.0000    45.4200 
 1490.0000    47.3200 
 1492.0000    49.1400 
 1494.0000    50.5500 
 1496.0000    51.5100 
 1498.0000    52.1300 
 1500.0000    52.5400 
 1502.0000    52.8500 
 1504.0000    53.1700 
 1506.0000    53.5200 
 1508.0000    53.8900 
 1510.0000    54.3100 
 1512.0000    54.7300 
 1514.0000    55.1400 
 1516.0000    55.5200 
 1518.0000    55.8800 
 1520.0000    56.1300 
 1522.0000    56.3200 
 1524.0000    56.4450 
 1526.0000    56.6000 
 1528.0000    56.7400 
 1530.0000    56.8500 
 1532.0000    56.9400 
 1534.0000    57.0100 
 1536.0000    57.0800 
 1538.0000    57.1500 
 1540.0000    57.2300 
 1542.0000    57.3400 
 1544.0000    57.4150 
 1546.0000    57.4850 
 1548.0000    57.5300 
 1550.0000    57.5900 
 1552.0000    57.6400 
 1554.0000    57.7000 
 1556.0000    57.7100 
 1558.0000    57.7200 
 1560.0000    57.7200 
 1562.0000    57.7100 
 1564.0000    57.7200 
 1566.0000    57.7700 
 1568.0000    57.8300 
 1570.0000    57.8800 
 1572.0000    57.8800 
 1574.0000    57.8700 
 1576.0000    57.8300 
 1578.0000    57.8100 
 1580.0000    57.7800 
 1582.0000    57.7700 
 1584.0000    57.7900 
 1586.0000    57.8200 
 1588.0000    57.8700 
 1590.0000    57.9200 
 1592.0000    57.9400 
 1594.0000    57.9500 
 1596.0000    57.9400 
 1598.0000    57.9600 
 1600.0000    57.9800 
 1602.0000    57.9800 
 1604.0000    58.0000 
 1606.0000    58.0400 
 1608.0000    58.0600 
 1610.0000    58.0400 
 1612.0000    58.0100 
 1614.0000    57.9800 
 1616.0000    58.0100 
 1618.0000    58.0250 
 1620.0000    58.0500 
 1622.0000    58.0600 
 1624.0000    58.0700 
 1626.0000    58.0700 
 1628.0000    58.0400 
 1630.0000    58.0500 
 1632.0000    58.0400 
 1634.0000    58.0400 
 1636.0000    58.0600 
 1638.0000    58.0500 
 1640.0000    58.0700 
 1642.0000    58.0500 
 1644.0000    58.0100 
 1646.0000    58.0100 
 1648.0000    58.0000 
 1650.0000    58.0100 
 1652.0000    57.9700 
 1654.0000    57.8800 
 1656.0000    57.8400 
 1658.0000    57.8100 
 1660.0000    57.7700 
 1662.0000    57.7000 
 1664.0000    57.6400 
 1666.0000    57.6400 
 1668.0000    57.6300 
 1670.0000    57.5900 
 1672.0000    57.4600 
 1674.0000    57.3700 
 1676.0000    57.3200 
 1678.0000    57.3200 
 1680.0000    57.3050 
 1682.0000    57.2600 
 1684.0000    57.2100 
 1686.0000    57.1700 
 1688.0000    57.1400 
 1690.0000    57.1100 
 1692.0000    57.0500 
 1694.0000    57.0200 
 1696.0000    57.0200 
 1698.0000    56.9900 
 1700.0000    56.9500 
 1702.0000    56.9200 
 1704.0000    56.8900 
 1706.0000    56.8500 
 1708.0000    56.7500 
 1710.0000    56.6600 
 1712.0000    56.5800 
 1714.0000    56.5000 
 1716.0000    56.4200 
 1718.0000    56.3350 
 1720.0000    56.2300 
 1722.0000    56.0850 
 1724.0000    55.9050 
 1726.0000    55.7000 
 1728.0000    55.5000 
 1730.0000    55.2950 
 1732.0000    55.0400 
 1734.0000    54.7400 
 1736.0000    54.3900 
 1738.0000    54.0750 
 1740.0000    53.7600 
 1742.0000    53.4400 
 1744.0000    53.0700 
 1746.0000    52.6600 
 1748.0000    52.2900 
 1750.0000    51.9400 
 1752.0000    51.5700 
 1754.0000    51.1900 
 1756.0000    50.8200 
 1758.0000    50.5200 
 1760.0000    50.2800 
 1762.0000    50.0850 
 1764.0000    49.8600 
 1766.0000    49.6200 
 1768.0000    49.4300 
 1770.0000    49.3500 
 1772.0000    49.3800 
 1774.0000    49.5900 
 1776.0000    49.9000 
 1778.0000    50.2600 
 1780.0000    50.6400 
 1782.0000    51.0300 
 1784.0000    51.4700 
 1786.0000    52.0000 
 1788.0000    52.5600 
 1790.0000    53.1750 
 1792.0000    53.7700 
 1794.0000    54.3100 
 1796.0000    54.7100 
 1798.0000    54.9700 
 1800.0000    55.1700 
 1802.0000    55.2800 
 1804.0000    55.4100 
 1806.0000    55.5300 
 1808.0000    55.5900 
 1810.0000    55.6300 
 1812.0000    55.6500 
 1814.0000    55.6800 
 1816.0000    55.7500 
 1818.0000    55.8300 
 1820.0000    55.9000 
 1822.0000    55.9500 
 1824.0000    56.0000 
 1826.0000    56.0100 
 1828.0000    56.0000 
 1830.0000    55.9700 
 1832.0000    55.9200 
 1834.0000    55.9300 
 1836.0000    55.9300 
 1838.0000    55.8800 
 1840.0000    55.8100 
 1842.0000    55.7500 
 1844.0000    55.6900 
 1846.0000    55.6550 
 1848.0000    55.6200 
 1850.0000    55.5900 
 1852.0000    55.5600 
 1854.0000    55.4900 
 1856.0000    55.3800 
 1858.0000    55.2500 
 1860.0000    55.1500 
 1862.0000    55.0600 
 1864.0000    54.9300 
 1866.0000    54.8100 
 1868.0000    54.6000 
 1870.0000    54.3900 
 1872.0000    54.1400 
 1874.0000    53.8600 
 1876.0000    53.6000 
 1878.0000    53.3000 
 1880.0000    52.9950 
 1882.0000    52.7200 
 1884.0000    52.4300 
 1886.0000    52.1350 
 1888.0000    51.8300 
 1890.0000    51.4600 
 1892.0000    51.0900 
 1894.0000    50.7300 
 1896.0000    50.4200 
 1898.0000    50.0800 
 1900.0000    49.7200 
 1902.0000    49.4100 
 1904.0000    49.1000 
 1906.0000    48.8700 
 1908.0000    48.6000 
 1910.0000    48.3800 
 1912.0000    48.2400 
 1914.0000    48.1100 
 1916.0000    48.0900 
 1918.0000    48.0300 
 1920.0000    48.0000 
 1922.0000    47.9800 
 1924.0000    47.9400 
 1926.0000    47.9800 
 1928.0000    48.0200 
 1930.0000    48.0400 
 1932.0000    48.0600 
 1934.0000    48.0700 
 1936.0000    48.0800 
 1938.0000    48.1200 
 1940.0000    48.1700 
 1942.0000    48.2400 
 1944.0000    48.2800 
 1946.0000    48.2700 
 1948.0000    48.2300 
 1950.0000    48.2100 
 1952.0000    48.2000 
 1954.0000    48.1700 
 1956.0000    48.1500 
 1958.0000    48.1000 
 1960.0000    48.0500 
 1962.0000    48.0300 
 1964.0000    48.0200 
 1966.0000    48.0100 
 1968.0000    48.0500 
 1970.0000    48.0900 
 1972.0000    48.1600 
 1974.0000    48.2600 
 1976.0000    48.3500 
 1978.0000    48.4400 
 1980.0000    48.5100 
 1982.0000    48.5600 
 1984.0000    48.6300 
 1986.0000    48.6700 
 1988.0000    48.6500 
 1990.0000    48.5600 
 1992.0000    48.4200 
 1994.0000    48.2600 
 1996.0000    48.0300 
 1998.0000    47.7600 
 2000.0000    47.4800 
 2002.0000    47.2700 
 2004.0000    47.0700 
 2006.0000    46.8600 
 2008.0000    46.6100 
 2010.0000    46.4100 
 2012.0000    46.2400 
 2014.0000    46.1800 
 2016.0000    46.1600 
 2018.0000    46.1900 
 2020.0000    46.2300 
 2022.0000    46.2300 
 2024.0000    46.2300 
 2026.0000    46.1800 
 2028.0000    46.1200 
 2030.0000    45.9900 
 2032.0000    45.8200 
 2034.0000    45.6500 
 2036.0000    45.5200 
 2038.0000    45.4100 
 2040.0000    45.2500 
 2042.0000    45.1000 
 2044.0000    44.9700 
 2046.0000    44.8300 
 2048.0000    44.6300 
 2050.0000    44.4000 
 2052.0000    44.2000 
 2054.0000    44.0400 
 2056.0000    43.8900 
 2058.0000    43.7800 
 2060.0000    43.7100 
 2062.0000    43.6600 
 2064.0000    43.6200 
 2066.0000    43.5500 
 2068.0000    43.5100 
 2070.0000    43.4900 
 2072.0000    43.4600 
 2074.0000    43.3700 
 2076.0000    43.2900 
 2078.0000    43.1900 
 2080.0000    43.0700 
 2082.0000    42.9200 
 2084.0000    42.7500 
 2086.0000    42.6100 
 2088.0000    42.4200 
 2090.0000    42.2100 
 2092.0000    41.9300 
 2094.0000    41.6400 
 2096.0000    41.3300 
 2098.0000    40.9800 
 2100.0000    40.6200 
 2102.0000    40.1800 
 2104.0000    39.7100 
 2106.0000    39.1700 
 2108.0000    38.5900 
 2110.0000    37.9600 
 2112.0000    37.3600 
 2114.0000    36.7400 
 2116.0000    36.0900 
 2118.0000    35.4300 
 2120.0000    34.7500 
 2122.0000    34.0900 
 2124.0000    33.4700 
 2126.0000    32.9200 
 2128.0000    32.5000 
 2130.0000    32.0900 
 2132.0000    31.6800 
 2134.0000    31.3300 
 2136.0000    30.9850 
 2138.0000    30.6400 
 2140.0000    30.2500 
 2142.0000    29.8300 
 2144.0000    29.4600 
 2146.0000    29.0800 
 2148.0000    28.6800 
 2150.0000    28.2300 
 2152.0000    27.7600 
 2154.0000    27.2500 
 2156.0000    26.8100 
 2158.0000    26.4400 
 2160.0000    26.2400 
 2162.0000    26.1500 
 2164.0000    26.0900 
 2166.0000    26.0400 
 2168.0000    25.9700 
 2170.0000    25.9400 
 2172.0000    25.9600 
 2174.0000    26.0800 
 2176.0000    26.2300 
 2178.0000    26.3700 
 2180.0000    26.3600 
 2182.0000    26.2900 
 2184.0000    26.2400 
 2186.0000    26.4300 
 2188.0000    26.7650 
 2190.0000    27.2100 
 2192.0000    27.5900 
 2194.0000    27.9600 
 2196.0000    28.4700 
 2198.0000    29.1100 
 2200.0000    29.7600 
 2202.0000    30.1400 
 2204.0000    30.0150 
 2206.0000    29.3500 
 2208.0000    28.3600 
 2210.0000    27.5300 
 2212.0000    27.2700 
 2214.0000    27.7800 
 2216.0000    28.9700 
 2218.0000    30.5200 
 2220.0000    32.1300 
 2222.0000    33.7300 
 2224.0000    35.2700 
 2226.0000    36.6600 
 2228.0000    37.7800 
 2230.0000    38.5900 
 2232.0000    39.1400 
 2234.0000    39.5600 
 2236.0000    39.9400 
 2238.0000    40.3100 
 2240.0000    40.6900 
 2242.0000    41.0300 
 2244.0000    41.3300 
 2246.0000    41.5400 
 2248.0000    41.6600 
 2250.0000    41.8000 
 2252.0000    41.9600 
 2254.0000    42.0100 
 2256.0000    41.9300 
 2258.0000    41.8500 
 2260.0000    41.8500 
 2262.0000    41.9000 
 2264.0000    41.9000 
 2266.0000    41.8100 
 2268.0000    41.7000 
 2270.0000    41.5700 
 2272.0000    41.4600 
 2274.0000    41.3300 
 2276.0000    41.2000 
 2278.0000    41.1000 
 2280.0000    40.9200 
 2282.0000    40.7900 
 2284.0000    40.6600 
 2286.0000    40.5000 
 2288.0000    40.3250 
 2290.0000    40.0900 
 2292.0000    39.8100 
 2294.0000    39.4200 
 2296.0000    38.9800 
 2298.0000    38.4200 
 2300.0000    37.7500 
 2302.0000    36.9200 
 2304.0000    35.9700 
 2306.0000    34.9500 
 2308.0000    33.9200 
 2310.0000    32.9700 
 2312.0000    32.1800 
 2314.0000    31.6600 
 2316.0000    31.3700 
 2318.0000    31.3000 
 2320.0000    31.5000 
 2322.0000    31.8500 
 2324.0000    32.3500 
 2326.0000    32.8350 
 2328.0000    33.3400 
 2330.0000    33.8600 
 2332.0000    34.3800 
 2334.0000    34.8800 
 2336.0000    35.2950 
 2338.0000    35.7300 
 2340.0000    36.0300 
 2342.0000    36.2600 
 2344.0000    36.4300 
 2346.0000    36.5700 
 2348.0000    36.6250 
 2350.0000    36.5900 
 2352.0000    36.5200 
 2354.0000    36.5100 
 2356.0000    36.5600 
 2358.0000    36.6000 
 2360.0000    36.6100 
 2362.0000    36.5000 
 2364.0000    36.3900 
 2366.0000    36.2400 
 2368.0000    36.0900 
 2370.0000    35.8350 
 2372.0000    35.4200 
 2374.0000    34.8500 
 2376.0000    34.1500 
 2378.0000    33.4800 
 2380.0000    32.7300 
 2382.0000    31.9500 
 2384.0000    31.1500 
 2386.0000    30.3750 
 2388.0000    29.6000 
 2390.0000    28.8200 
 2392.0000    28.1800 
 2394.0000    27.7200 
 2396.0000    27.3500 
 2398.0000    27.0600 
 2400.0000    26.9100 
 2402.0000    26.8700 
 2404.0000    26.8500 
 2406.0000    26.8400 
 2408.0000    26.8100 
 2410.0000    26.7400 
 2412.0000    26.6000 
 2414.0000    26.3500 
 2416.0000    25.9400 
 2418.0000    25.5100 
 2420.0000    24.9900 
 2422.0000    24.4500 
 2424.0000    23.9300 
 2426.0000    23.5200 
 2428.0000    23.0700 
 2430.0000    22.6600 
 2432.0000    22.3000 
 2434.0000    22.1400 
 2436.0000    22.1500 
 2438.0000    22.3400 
 2440.0000    22.5600 
 2442.0000    22.7900 
 2444.0000    22.9900 
 2446.0000    23.0600 
 2448.0000    23.0200 
 2450.0000    22.9300 
 2452.0000    22.8200 
 2454.0000    22.6400 
 2456.0000    22.3700 
 2458.0000    22.0400 
 2460.0000    21.6400 
 2462.0000    21.2700 
 2464.0000    21.1000 
 2466.0000    21.1100 
 2468.0000    21.2500 
 2470.0000    21.5200 
 2472.0000    21.8100 
 2474.0000    22.1700 
 2476.0000    22.4200 
 2478.0000    22.5700 
 2480.0000    22.5100 
 2482.0000    22.2700 
 2484.0000    21.8400 
 2486.0000    21.2800 
 2488.0000    20.7100 
 2490.0000    20.2500 
 2492.0000    19.9200 
 2494.0000    19.5300 
 2496.0000    19.1000 
 2498.0000    18.4800 
 2500.0000    17.8800 
