 1300.0000    22.8200 
 1302.0000    22.7100 
 1304.0000    22.9100 
 1306.0000    22.8200 
 1308.0000    22.8600 
 1310.0000    23.1100 
 1312.0000    23.1300 
 1314.0000    23.2200 
 1316.0000    23.3000 
 1318.0000    23.2300 
 1320.0000    23.2900 
 1322.0000    23.2900 
 1324.0000    23.2900 
 1326.0000    23.4300 
 1328.0000    23.5200 
 1330.0000    23.4900 
 1332.0000    23.4800 
 1334.0000    23.4600 
 1336.0000    23.4400 
 1338.0000    23.4900 
 1340.0000    23.5700 
 1342.0000    23.6400 
 1344.0000    23.6700 
 1346.0000    23.6700 
 1348.0000    23.7100 
 1350.0000    23.7700 
 1352.0000    23.8700 
 1354.0000    23.9400 
 1356.0000    23.9900 
 1358.0000    24.0100 
 1360.0000    24.0100 
 1362.0000    24.0200 
 1364.0000    24.0500 
 1366.0000    24.1000 
 1368.0000    24.1400 
 1370.0000    24.1400 
 1372.0000    24.1100 
 1374.0000    24.0600 
 1376.0000    24.0100 
 1378.0000    23.9500 
 1380.0000    23.9000 
 1382.0000    23.8500 
 1384.0000    23.7600 
 1386.0000    23.6700 
 1388.0000    23.5600 
 1390.0000    23.4300 
 1392.0000    23.2900 
 1394.0000    23.0500 
 1396.0000    22.7900 
 1398.0000    22.4800 
 1400.0000    22.1900 
 1402.0000    21.8400 
 1404.0000    21.4800 
 1406.0000    21.0800 
 1408.0000    20.7100 
 1410.0000    20.4400 
 1412.0000    20.2900 
 1414.0000    20.2800 
 1416.0000    20.4000 
 1418.0000    20.6100 
 1420.0000    20.8600 
 1422.0000    21.1100 
 1424.0000    21.3200 
 1426.0000    21.5000 
 1428.0000    21.6300 
 1430.0000    21.7900 
 1432.0000    21.9400 
 1434.0000    22.0700 
 1436.0000    22.2100 
 1438.0000    22.3300 
 1440.0000    22.4400 
 1442.0000    22.5300 
 1444.0000    22.6100 
 1446.0000    22.6900 
 1448.0000    22.7800 
 1450.0000    22.8600 
 1452.0000    22.9300 
 1454.0000    23.0100 
 1456.0000    23.0800 
 1458.0000    23.1300 
 1460.0000    23.1600 
 1462.0000    23.1900 
 1464.0000    23.2300 
 1466.0000    23.2800 
 1468.0000    23.3300 
 1470.0000    23.3700 
 1472.0000    23.4400 
 1474.0000    23.5300 
 1476.0000    23.6200 
 1478.0000    23.7000 
 1480.0000    23.7900 
 1482.0000    23.8400 
 1484.0000    23.9200 
 1486.0000    24.0100 
 1488.0000    24.1100 
 1490.0000    24.1800 
 1492.0000    24.2500 
 1494.0000    24.2800 
 1496.0000    24.3200 
 1498.0000    24.4000 
 1500.0000    24.4900 
 1502.0000    24.5900 
 1504.0000    24.6800 
 1506.0000    24.7800 
 1508.0000    24.9200 
 1510.0000    25.0950 
 1512.0000    25.2900 
 1514.0000    25.4800 
 1516.0000    25.6600 
 1518.0000    25.8500 
 1520.0000    26.0000 
 1522.0000    26.1400 
 1524.0000    26.2700 
 1526.0000    26.4050 
 1528.0000    26.5100 
 1530.0000    26.6200 
 1532.0000    26.7300 
 1534.0000    26.8500 
 1536.0000    27.0000 
 1538.0000    27.1000 
 1540.0000    27.2200 
 1542.0000    27.3400 
 1544.0000    27.4800 
 1546.0000    27.6000 
 1548.0000    27.7350 
 1550.0000    27.8200 
 1552.0000    27.9000 
 1554.0000    28.0200 
 1556.0000    28.1400 
 1558.0000    28.2700 
 1560.0000    28.4200 
 1562.0000    28.5100 
 1564.0000    28.5900 
 1566.0000    28.6800 
 1568.0000    28.7900 
 1570.0000    28.9200 
 1572.0000    29.0300 
 1574.0000    29.1100 
 1576.0000    29.1900 
 1578.0000    29.2500 
 1580.0000    29.3700 
 1582.0000    29.4700 
 1584.0000    29.5600 
 1586.0000    29.7000 
 1588.0000    29.8200 
 1590.0000    29.9100 
 1592.0000    29.9800 
 1594.0000    30.0300 
 1596.0000    30.1300 
 1598.0000    30.2500 
 1600.0000    30.3600 
 1602.0000    30.4600 
 1604.0000    30.5500 
 1606.0000    30.6500 
 1608.0000    30.7200 
 1610.0000    30.8000 
 1612.0000    30.8500 
 1614.0000    30.9100 
 1616.0000    31.0100 
 1618.0000    31.1200 
 1620.0000    31.2300 
 1622.0000    31.3200 
 1624.0000    31.3700 
 1626.0000    31.4500 
 1628.0000    31.5200 
 1630.0000    31.5900 
 1632.0000    31.6500 
 1634.0000    31.7200 
 1636.0000    31.8100 
 1638.0000    31.9200 
 1640.0000    32.0100 
 1642.0000    32.0700 
 1644.0000    32.1300 
 1646.0000    32.1600 
 1648.0000    32.2200 
 1650.0000    32.3000 
 1652.0000    32.3800 
 1654.0000    32.4600 
 1656.0000    32.5300 
 1658.0000    32.5900 
 1660.0000    32.6400 
 1662.0000    32.7000 
 1664.0000    32.7700 
 1666.0000    32.8500 
 1668.0000    32.9200 
 1670.0000    32.9500 
 1672.0000    32.9800 
 1674.0000    33.0100 
 1676.0000    33.0700 
 1678.0000    33.1200 
 1680.0000    33.1500 
 1682.0000    33.1800 
 1684.0000    33.2100 
 1686.0000    33.2700 
 1688.0000    33.3300 
 1690.0000    33.4000 
 1692.0000    33.4700 
 1694.0000    33.5100 
 1696.0000    33.5600 
 1698.0000    33.6100 
 1700.0000    33.6500 
 1702.0000    33.7150 
 1704.0000    33.7800 
 1706.0000    33.8400 
 1708.0000    33.8950 
 1710.0000    33.9300 
 1712.0000    34.0300 
 1714.0000    34.1100 
 1716.0000    34.1900 
 1718.0000    34.2200 
 1720.0000    34.2100 
 1722.0000    34.2400 
 1724.0000    34.2900 
 1726.0000    34.3500 
 1728.0000    34.4000 
 1730.0000    34.4300 
 1732.0000    34.4400 
 1734.0000    34.4800 
 1736.0000    34.5200 
 1738.0000    34.5700 
 1740.0000    34.6300 
 1742.0000    34.6800 
 1744.0000    34.7200 
 1746.0000    34.7600 
 1748.0000    34.8200 
 1750.0000    34.8900 
 1752.0000    34.9300 
 1754.0000    34.9300 
 1756.0000    34.9550 
 1758.0000    34.9900 
 1760.0000    35.0100 
 1762.0000    35.0200 
 1764.0000    35.0000 
 1766.0000    35.0200 
 1768.0000    35.0700 
 1770.0000    35.1000 
 1772.0000    35.1300 
 1774.0000    35.1600 
 1776.0000    35.1900 
 1778.0000    35.2300 
 1780.0000    35.2700 
 1782.0000    35.3200 
 1784.0000    35.3600 
 1786.0000    35.4000 
 1788.0000    35.4200 
 1790.0000    35.4400 
 1792.0000    35.4750 
 1794.0000    35.5200 
 1796.0000    35.5500 
 1798.0000    35.5800 
 1800.0000    35.6300 
 1802.0000    35.6800 
 1804.0000    35.7300 
 1806.0000    35.7450 
 1808.0000    35.7700 
 1810.0000    35.8100 
 1812.0000    35.8500 
 1814.0000    35.9100 
 1816.0000    35.9600 
 1818.0000    36.0300 
 1820.0000    36.0500 
 1822.0000    36.0700 
 1824.0000    36.0700 
 1826.0000    36.0900 
 1828.0000    36.1100 
 1830.0000    36.1400 
 1832.0000    36.1500 
 1834.0000    36.1000 
 1836.0000    36.0400 
 1838.0000    36.0100 
 1840.0000    36.0200 
 1842.0000    36.0100 
 1844.0000    35.9600 
 1846.0000    35.8900 
 1848.0000    35.8000 
 1850.0000    35.7200 
 1852.0000    35.6200 
 1854.0000    35.4700 
 1856.0000    35.2800 
 1858.0000    35.0600 
 1860.0000    34.8200 
 1862.0000    34.5400 
 1864.0000    34.2400 
 1866.0000    33.8700 
 1868.0000    33.3900 
 1870.0000    32.7900 
 1872.0000    32.1200 
 1874.0000    31.4000 
 1876.0000    30.6700 
 1878.0000    29.8800 
 1880.0000    29.0200 
 1882.0000    28.1100 
 1884.0000    27.1500 
 1886.0000    26.1500 
 1888.0000    25.1500 
 1890.0000    24.1500 
 1892.0000    23.1500 
 1894.0000    22.2000 
 1896.0000    21.2800 
 1898.0000    20.4500 
 1900.0000    19.7200 
 1902.0000    19.1000 
 1904.0000    18.6400 
 1906.0000    18.3300 
 1908.0000    18.1300 
 1910.0000    18.0300 
 1912.0000    17.9800 
 1914.0000    18.0300 
 1916.0000    18.1100 
 1918.0000    18.1900 
 1920.0000    18.2900 
 1922.0000    18.3800 
 1924.0000    18.5100 
 1926.0000    18.6700 
 1928.0000    18.8200 
 1930.0000    18.9300 
 1932.0000    19.0400 
 1934.0000    19.1700 
 1936.0000    19.3200 
 1938.0000    19.4600 
 1940.0000    19.5700 
 1942.0000    19.6700 
 1944.0000    19.7900 
 1946.0000    19.9200 
 1948.0000    20.0600 
 1950.0000    20.1800 
 1952.0000    20.2900 
 1954.0000    20.4100 
 1956.0000    20.5700 
 1958.0000    20.7200 
 1960.0000    20.8500 
 1962.0000    20.9400 
 1964.0000    21.0300 
 1966.0000    21.1900 
 1968.0000    21.3600 
 1970.0000    21.5400 
 1972.0000    21.6800 
 1974.0000    21.8200 
 1976.0000    21.9700 
 1978.0000    22.1300 
 1980.0000    22.2700 
 1982.0000    22.4300 
 1984.0000    22.6100 
 1986.0000    22.8300 
 1988.0000    23.0100 
 1990.0000    23.2000 
 1992.0000    23.4000 
 1994.0000    23.6200 
 1996.0000    23.8500 
 1998.0000    24.0600 
 2000.0000    24.2800 
 2002.0000    24.4900 
 2004.0000    24.7000 
 2006.0000    24.8900 
 2008.0000    25.0600 
 2010.0000    25.2200 
 2012.0000    25.4200 
 2014.0000    25.6100 
 2016.0000    25.7800 
 2018.0000    25.9700 
 2020.0000    26.1550 
 2022.0000    26.3700 
 2024.0000    26.5400 
 2026.0000    26.6900 
 2028.0000    26.8200 
 2030.0000    26.9600 
 2032.0000    27.1200 
 2034.0000    27.3200 
 2036.0000    27.4800 
 2038.0000    27.5900 
 2040.0000    27.6450 
 2042.0000    27.7800 
 2044.0000    27.9600 
 2046.0000    28.1100 
 2048.0000    28.2550 
 2050.0000    28.4350 
 2052.0000    28.6000 
 2054.0000    28.7600 
 2056.0000    28.8800 
 2058.0000    29.0000 
 2060.0000    29.1500 
 2062.0000    29.2800 
 2064.0000    29.3900 
 2066.0000    29.4950 
 2068.0000    29.6300 
 2070.0000    29.7600 
 2072.0000    29.9200 
 2074.0000    30.0300 
 2076.0000    30.1050 
 2078.0000    30.1950 
 2080.0000    30.2800 
 2082.0000    30.3700 
 2084.0000    30.4000 
 2086.0000    30.4500 
 2088.0000    30.5550 
 2090.0000    30.7100 
 2092.0000    30.7700 
 2094.0000    30.7600 
 2096.0000    30.7300 
 2098.0000    30.7400 
 2100.0000    30.8050 
 2102.0000    30.8700 
 2104.0000    30.9400 
 2106.0000    31.0100 
 2108.0000    31.0600 
 2110.0000    31.1100 
 2112.0000    31.1650 
 2114.0000    31.2500 
 2116.0000    31.3200 
 2118.0000    31.3600 
 2120.0000    31.4000 
 2122.0000    31.4200 
 2124.0000    31.4500 
 2126.0000    31.4350 
 2128.0000    31.4700 
 2130.0000    31.5200 
 2132.0000    31.5400 
 2134.0000    31.5400 
 2136.0000    31.4600 
 2138.0000    31.4500 
 2140.0000    31.4600 
 2142.0000    31.4800 
 2144.0000    31.4700 
 2146.0000    31.4200 
 2148.0000    31.3450 
 2150.0000    31.2700 
 2152.0000    31.2100 
 2154.0000    31.1600 
 2156.0000    31.1100 
 2158.0000    31.0500 
 2160.0000    30.9500 
 2162.0000    30.8600 
 2164.0000    30.7700 
 2166.0000    30.6900 
 2168.0000    30.6100 
 2170.0000    30.5000 
 2172.0000    30.4000 
 2174.0000    30.3000 
 2176.0000    30.2200 
 2178.0000    30.1050 
 2180.0000    30.0000 
 2182.0000    29.8700 
 2184.0000    29.7800 
 2186.0000    29.6600 
 2188.0000    29.5600 
 2190.0000    29.4200 
 2192.0000    29.2600 
 2194.0000    29.1000 
 2196.0000    28.9300 
 2198.0000    28.7200 
 2200.0000    28.4700 
 2202.0000    28.1500 
 2204.0000    27.7900 
 2206.0000    27.4000 
 2208.0000    27.0100 
 2210.0000    26.7200 
 2212.0000    26.5100 
 2214.0000    26.4000 
 2216.0000    26.4050 
 2218.0000    26.4050 
 2220.0000    26.4000 
 2222.0000    26.3300 
 2224.0000    26.2700 
 2226.0000    26.1800 
 2228.0000    26.0100 
 2230.0000    25.8300 
 2232.0000    25.5600 
 2234.0000    25.2800 
 2236.0000    24.9700 
 2238.0000    24.6000 
 2240.0000    24.1300 
 2242.0000    23.6600 
 2244.0000    23.1800 
 2246.0000    22.7200 
 2248.0000    22.2900 
 2250.0000    21.8700 
 2252.0000    21.5600 
 2254.0000    21.2500 
 2256.0000    20.9700 
 2258.0000    20.7100 
 2260.0000    20.5300 
 2262.0000    20.3900 
 2264.0000    20.2700 
 2266.0000    20.1100 
 2268.0000    19.9200 
 2270.0000    19.7000 
 2272.0000    19.4500 
 2274.0000    19.1400 
 2276.0000    18.8900 
 2278.0000    18.7700 
 2280.0000    18.7800 
 2282.0000    18.8800 
 2284.0000    19.0800 
 2286.0000    19.3800 
 2288.0000    19.7600 
 2290.0000    20.1900 
 2292.0000    20.6200 
 2294.0000    20.9900 
 2296.0000    21.2600 
 2298.0000    21.5100 
 2300.0000    21.6900 
 2302.0000    21.8600 
 2304.0000    22.0200 
 2306.0000    22.1200 
 2308.0000    22.2300 
 2310.0000    22.2600 
 2312.0000    22.3100 
 2314.0000    22.3100 
 2316.0000    22.2900 
 2318.0000    22.2900 
 2320.0000    22.2200 
 2322.0000    22.0900 
 2324.0000    21.9300 
 2326.0000    21.7400 
 2328.0000    21.4800 
 2330.0000    21.1500 
 2332.0000    20.7400 
 2334.0000    20.3300 
 2336.0000    19.8900 
 2338.0000    19.5200 
 2340.0000    19.1600 
 2342.0000    18.8600 
 2344.0000    18.6300 
 2346.0000    18.4700 
 2348.0000    18.3700 
 2350.0000    18.1900 
 2352.0000    18.0100 
 2354.0000    17.7900 
 2356.0000    17.6800 
 2358.0000    17.6700 
 2360.0000    17.8000 
 2362.0000    18.0200 
 2364.0000    18.3100 
 2366.0000    18.4900 
 2368.0000    18.5800 
 2370.0000    18.6700 
 2372.0000    18.7700 
 2374.0000    18.7500 
 2376.0000    18.6900 
 2378.0000    18.6600 
 2380.0000    18.6150 
 2382.0000    18.5100 
 2384.0000    18.3700 
 2386.0000    18.2200 
 2388.0000    18.1600 
 2390.0000    18.1200 
 2392.0000    18.0850 
 2394.0000    18.0000 
 2396.0000    17.9000 
 2398.0000    17.8000 
 2400.0000    17.6450 
 2402.0000    17.5700 
 2404.0000    17.5200 
 2406.0000    17.5000 
 2408.0000    17.4000 
 2410.0000    17.3300 
 2412.0000    17.2900 
 2414.0000    17.2400 
 2416.0000    17.1100 
 2418.0000    17.0900 
 2420.0000    17.0800 
 2422.0000    17.1000 
 2424.0000    17.0700 
 2426.0000    17.1000 
 2428.0000    17.0100 
 2430.0000    16.8500 
 2432.0000    16.7400 
 2434.0000    16.7500 
 2436.0000    16.7200 
 2438.0000    16.5700 
 2440.0000    16.4100 
 2442.0000    16.2900 
 2444.0000    16.1900 
 2446.0000    16.1400 
 2448.0000    16.1000 
 2450.0000    16.0300 
 2452.0000    15.9500 
 2454.0000    15.9500 
 2456.0000    15.8300 
 2458.0000    15.7000 
 2460.0000    15.6500 
 2462.0000    15.6900 
 2464.0000    15.6900 
 2466.0000    15.5600 
 2468.0000    15.4400 
 2470.0000    15.3600 
 2472.0000    15.2400 
 2474.0000    15.1200 
 2476.0000    15.0400 
 2478.0000    14.9600 
 2480.0000    14.8700 
 2482.0000    14.9000 
 2484.0000    14.8500 
 2486.0000    14.7600 
 2488.0000    14.6700 
 2490.0000    14.6500 
 2492.0000    14.5650 
 2494.0000    14.5000 
 2496.0000    14.4400 
 2498.0000    14.3900 
 2500.0000    14.3000 
