 1300.0000    48.7400 
 1302.0000    48.8500 
 1304.0000    48.7300 
 1306.0000    48.6200 
 1308.0000    48.5800 
 1310.0000    48.6600 
 1312.0000    48.6800 
 1314.0000    48.5300 
 1316.0000    48.3800 
 1318.0000    48.2800 
 1320.0000    48.1100 
 1322.0000    47.9800 
 1324.0000    47.7800 
 1326.0000    47.6500 
 1328.0000    47.6100 
 1330.0000    47.5600 
 1332.0000    47.4400 
 1334.0000    47.3200 
 1336.0000    47.1000 
 1338.0000    46.9400 
 1340.0000    46.6900 
 1342.0000    46.4600 
 1344.0000    46.1900 
 1346.0000    45.7100 
 1348.0000    45.0200 
 1350.0000    44.0600 
 1352.0000    42.8400 
 1354.0000    41.5500 
 1356.0000    40.2700 
 1358.0000    39.1400 
 1360.0000    38.2800 
 1362.0000    37.6850 
 1364.0000    37.3900 
 1366.0000    37.3400 
 1368.0000    37.4800 
 1370.0000    37.8000 
 1372.0000    38.2700 
 1374.0000    38.8800 
 1376.0000    39.5000 
 1378.0000    40.0500 
 1380.0000    40.3800 
 1382.0000    40.4100 
 1384.0000    40.1400 
 1386.0000    39.4400 
 1388.0000    38.0400 
 1390.0000    35.6200 
 1392.0000    32.0200 
 1394.0000    27.8600 
 1396.0000    24.3000 
 1398.0000    22.6100 
 1400.0000    23.2200 
 1402.0000    25.6100 
 1404.0000    28.6100 
 1406.0000    31.2200 
 1408.0000    33.0600 
 1410.0000    34.2500 
 1412.0000    35.0450 
 1414.0000    35.6900 
 1416.0000    36.2500 
 1418.0000    36.8300 
 1420.0000    37.5000 
 1422.0000    38.2200 
 1424.0000    38.9050 
 1426.0000    39.4400 
 1428.0000    39.7800 
 1430.0000    39.9400 
 1432.0000    40.0900 
 1434.0000    40.3100 
 1436.0000    40.6100 
 1438.0000    40.9700 
 1440.0000    41.4200 
 1442.0000    41.8900 
 1444.0000    42.4500 
 1446.0000    43.0800 
 1448.0000    43.7300 
 1450.0000    44.3400 
 1452.0000    44.8800 
 1454.0000    45.3100 
 1456.0000    45.6100 
 1458.0000    45.7400 
 1460.0000    45.6500 
 1462.0000    45.2400 
 1464.0000    44.3800 
 1466.0000    43.0300 
 1468.0000    41.4300 
 1470.0000    40.1700 
 1472.0000    39.9200 
 1474.0000    40.8700 
 1476.0000    42.7100 
 1478.0000    44.6600 
 1480.0000    46.1500 
 1482.0000    47.0800 
 1484.0000    47.6100 
 1486.0000    47.9100 
 1488.0000    48.1400 
 1490.0000    48.2900 
 1492.0000    48.3600 
 1494.0000    48.4000 
 1496.0000    48.4400 
 1498.0000    48.4900 
 1500.0000    48.5200 
 1502.0000    48.5300 
 1504.0000    48.5400 
 1506.0000    48.5300 
 1508.0000    48.5800 
 1510.0000    48.6200 
 1512.0000    48.7000 
 1514.0000    48.8100 
 1516.0000    48.9500 
 1518.0000    49.0400 
 1520.0000    49.1400 
 1522.0000    49.2400 
 1524.0000    49.3500 
 1526.0000    49.4700 
 1528.0000    49.5600 
 1530.0000    49.6300 
 1532.0000    49.6600 
 1534.0000    49.6900 
 1536.0000    49.7200 
 1538.0000    49.7400 
 1540.0000    49.7600 
 1542.0000    49.7900 
 1544.0000    49.8200 
 1546.0000    49.8000 
 1548.0000    49.7900 
 1550.0000    49.8100 
 1552.0000    49.8300 
 1554.0000    49.8300 
 1556.0000    49.8100 
 1558.0000    49.8200 
 1560.0000    49.8600 
 1562.0000    49.8700 
 1564.0000    49.8600 
 1566.0000    49.8400 
 1568.0000    49.8300 
 1570.0000    49.8400 
 1572.0000    49.8500 
 1574.0000    49.8200 
 1576.0000    49.8500 
 1578.0000    49.8800 
 1580.0000    49.8900 
 1582.0000    49.9000 
 1584.0000    49.9000 
 1586.0000    49.9000 
 1588.0000    49.9000 
 1590.0000    49.8800 
 1592.0000    49.8700 
 1594.0000    49.8800 
 1596.0000    49.8800 
 1598.0000    49.9000 
 1600.0000    49.9300 
 1602.0000    49.9400 
 1604.0000    49.9400 
 1606.0000    49.9200 
 1608.0000    49.9000 
 1610.0000    49.9100 
 1612.0000    49.9100 
 1614.0000    49.8800 
 1616.0000    49.8600 
 1618.0000    49.8800 
 1620.0000    49.8900 
 1622.0000    49.9200 
 1624.0000    49.9100 
 1626.0000    49.9000 
 1628.0000    49.9000 
 1630.0000    49.9200 
 1632.0000    49.9300 
 1634.0000    49.9300 
 1636.0000    49.9000 
 1638.0000    49.8500 
 1640.0000    49.8100 
 1642.0000    49.8000 
 1644.0000    49.7900 
 1646.0000    49.7900 
 1648.0000    49.8000 
 1650.0000    49.8000 
 1652.0000    49.7600 
 1654.0000    49.7500 
 1656.0000    49.7200 
 1658.0000    49.6900 
 1660.0000    49.6900 
 1662.0000    49.6700 
 1664.0000    49.6700 
 1666.0000    49.6400 
 1668.0000    49.5900 
 1670.0000    49.5100 
 1672.0000    49.4900 
 1674.0000    49.4600 
 1676.0000    49.4700 
 1678.0000    49.4900 
 1680.0000    49.4900 
 1682.0000    49.4900 
 1684.0000    49.4700 
 1686.0000    49.4200 
 1688.0000    49.4000 
 1690.0000    49.3800 
 1692.0000    49.3800 
 1694.0000    49.4100 
 1696.0000    49.4200 
 1698.0000    49.4200 
 1700.0000    49.4300 
 1702.0000    49.4300 
 1704.0000    49.4200 
 1706.0000    49.3800 
 1708.0000    49.3100 
 1710.0000    49.2600 
 1712.0000    49.2500 
 1714.0000    49.2000 
 1716.0000    49.1700 
 1718.0000    49.1700 
 1720.0000    49.1300 
 1722.0000    49.1200 
 1724.0000    49.1000 
 1726.0000    49.0500 
 1728.0000    49.0100 
 1730.0000    48.9700 
 1732.0000    48.9500 
 1734.0000    48.9700 
 1736.0000    48.9400 
 1738.0000    48.8900 
 1740.0000    48.8700 
 1742.0000    48.8400 
 1744.0000    48.8000 
 1746.0000    48.7200 
 1748.0000    48.6300 
 1750.0000    48.5200 
 1752.0000    48.4300 
 1754.0000    48.3700 
 1756.0000    48.3400 
 1758.0000    48.2800 
 1760.0000    48.2000 
 1762.0000    48.0800 
 1764.0000    47.9400 
 1766.0000    47.8400 
 1768.0000    47.6700 
 1770.0000    47.4900 
 1772.0000    47.2900 
 1774.0000    47.0300 
 1776.0000    46.7700 
 1778.0000    46.5100 
 1780.0000    46.2400 
 1782.0000    45.9800 
 1784.0000    45.7100 
 1786.0000    45.4200 
 1788.0000    45.1100 
 1790.0000    44.7600 
 1792.0000    44.4000 
 1794.0000    44.0400 
 1796.0000    43.6900 
 1798.0000    43.3300 
 1800.0000    42.9200 
 1802.0000    42.4000 
 1804.0000    41.7500 
 1806.0000    40.9500 
 1808.0000    40.0100 
 1810.0000    38.9200 
 1812.0000    37.6400 
 1814.0000    36.1600 
 1816.0000    34.5000 
 1818.0000    32.7900 
 1820.0000    31.1900 
 1822.0000    29.8600 
 1824.0000    28.8300 
 1826.0000    28.1100 
 1828.0000    27.6300 
 1830.0000    27.2800 
 1832.0000    27.0700 
 1834.0000    26.9450 
 1836.0000    26.9300 
 1838.0000    27.0500 
 1840.0000    27.3300 
 1842.0000    27.7800 
 1844.0000    28.3450 
 1846.0000    29.0100 
 1848.0000    29.7400 
 1850.0000    30.4500 
 1852.0000    31.1200 
 1854.0000    31.7000 
 1856.0000    32.1200 
 1858.0000    32.4000 
 1860.0000    32.5600 
 1862.0000    32.5900 
 1864.0000    32.5100 
 1866.0000    32.3700 
 1868.0000    32.1300 
 1870.0000    31.8000 
 1872.0000    31.3300 
 1874.0000    30.7300 
 1876.0000    29.9250 
 1878.0000    28.8900 
 1880.0000    27.5300 
 1882.0000    25.7700 
 1884.0000    23.5900 
 1886.0000    20.9900 
 1888.0000    18.1300 
 1890.0000    15.3900 
 1892.0000    13.3100 
 1894.0000    12.4000 
 1896.0000    12.9300 
 1898.0000    14.7700 
 1900.0000    17.4400 
 1902.0000    20.3750 
 1904.0000    23.0800 
 1906.0000    25.4200 
 1908.0000    27.3500 
 1910.0000    28.8700 
 1912.0000    30.0700 
 1914.0000    31.0100 
 1916.0000    31.7600 
 1918.0000    32.3100 
 1920.0000    32.7450 
 1922.0000    33.1300 
 1924.0000    33.4400 
 1926.0000    33.6700 
 1928.0000    33.8600 
 1930.0000    34.0400 
 1932.0000    34.2500 
 1934.0000    34.4150 
 1936.0000    34.5000 
 1938.0000    34.4900 
 1940.0000    34.4150 
 1942.0000    34.2400 
 1944.0000    33.9800 
 1946.0000    33.6400 
 1948.0000    33.3100 
 1950.0000    32.9900 
 1952.0000    32.7300 
 1954.0000    32.5100 
 1956.0000    32.3150 
 1958.0000    32.2200 
 1960.0000    32.1900 
 1962.0000    32.2400 
 1964.0000    32.3400 
 1966.0000    32.5200 
 1968.0000    32.7700 
 1970.0000    33.0900 
 1972.0000    33.4600 
 1974.0000    33.8800 
 1976.0000    34.3800 
 1978.0000    35.0200 
 1980.0000    35.7600 
 1982.0000    36.6250 
 1984.0000    37.5800 
 1986.0000    38.6100 
 1988.0000    39.5900 
 1990.0000    40.4600 
 1992.0000    41.1900 
 1994.0000    41.7800 
 1996.0000    42.2700 
 1998.0000    42.6700 
 2000.0000    43.0500 
 2002.0000    43.3400 
 2004.0000    43.5800 
 2006.0000    43.7500 
 2008.0000    43.8900 
 2010.0000    44.0200 
 2012.0000    44.1300 
 2014.0000    44.2300 
 2016.0000    44.2800 
 2018.0000    44.3400 
 2020.0000    44.4400 
 2022.0000    44.5000 
 2024.0000    44.5400 
 2026.0000    44.5600 
 2028.0000    44.5700 
 2030.0000    44.5900 
 2032.0000    44.5800 
 2034.0000    44.5500 
 2036.0000    44.5100 
 2038.0000    44.4600 
 2040.0000    44.2600 
 2042.0000    43.8700 
 2044.0000    43.2700 
 2046.0000    42.6700 
 2048.0000    42.2900 
 2050.0000    42.1800 
 2052.0000    42.3400 
 2054.0000    42.5400 
 2056.0000    42.7600 
 2058.0000    42.9700 
 2060.0000    43.1400 
 2062.0000    43.3000 
 2064.0000    43.3800 
 2066.0000    43.4200 
 2068.0000    43.4500 
 2070.0000    43.4700 
 2072.0000    43.3800 
 2074.0000    43.1900 
 2076.0000    42.9600 
 2078.0000    42.8400 
 2080.0000    42.9000 
 2082.0000    43.1700 
 2084.0000    43.5600 
 2086.0000    43.9300 
 2088.0000    44.2000 
 2090.0000    44.3700 
 2092.0000    44.5000 
 2094.0000    44.6000 
 2096.0000    44.6600 
 2098.0000    44.7000 
 2100.0000    44.7200 
 2102.0000    44.7300 
 2104.0000    44.7000 
 2106.0000    44.6700 
 2108.0000    44.6200 
 2110.0000    44.5800 
 2112.0000    44.5600 
 2114.0000    44.5500 
 2116.0000    44.5600 
 2118.0000    44.5700 
 2120.0000    44.5800 
 2122.0000    44.5200 
 2124.0000    44.4300 
 2126.0000    44.3500 
 2128.0000    44.2900 
 2130.0000    44.2700 
 2132.0000    44.2300 
 2134.0000    44.1000 
 2136.0000    43.9400 
 2138.0000    43.6900 
 2140.0000    43.4100 
 2142.0000    43.0100 
 2144.0000    42.5300 
 2146.0000    41.9700 
 2148.0000    41.4100 
 2150.0000    40.9800 
 2152.0000    40.7800 
 2154.0000    40.9000 
 2156.0000    41.1700 
 2158.0000    41.5400 
 2160.0000    41.9200 
 2162.0000    42.2300 
 2164.0000    42.5100 
 2166.0000    42.6700 
 2168.0000    42.8000 
 2170.0000    42.9400 
 2172.0000    43.1200 
 2174.0000    43.2200 
 2176.0000    43.2400 
 2178.0000    43.2000 
 2180.0000    43.1400 
 2182.0000    43.1100 
 2184.0000    43.0200 
 2186.0000    42.9400 
 2188.0000    42.8500 
 2190.0000    42.7900 
 2192.0000    42.7100 
 2194.0000    42.5800 
 2196.0000    42.3900 
 2198.0000    42.1700 
 2200.0000    41.9500 
 2202.0000    41.8000 
 2204.0000    41.7600 
 2206.0000    41.8600 
 2208.0000    42.0900 
 2210.0000    42.3700 
 2212.0000    42.6400 
 2214.0000    42.7900 
 2216.0000    42.9200 
 2218.0000    42.9900 
 2220.0000    43.0800 
 2222.0000    43.1500 
 2224.0000    43.2200 
 2226.0000    43.2700 
 2228.0000    43.2500 
 2230.0000    43.2000 
 2232.0000    43.2100 
 2234.0000    43.2300 
 2236.0000    43.2300 
 2238.0000    43.2100 
 2240.0000    43.1700 
 2242.0000    43.0700 
 2244.0000    42.9500 
 2246.0000    42.8200 
 2248.0000    42.7500 
 2250.0000    42.6900 
 2252.0000    42.6300 
 2254.0000    42.6100 
 2256.0000    42.5200 
 2258.0000    42.4900 
 2260.0000    42.4400 
 2262.0000    42.4300 
 2264.0000    42.3700 
 2266.0000    42.2500 
 2268.0000    42.1400 
 2270.0000    41.9900 
 2272.0000    41.9200 
 2274.0000    41.8800 
 2276.0000    41.7900 
 2278.0000    41.6800 
 2280.0000    41.5500 
 2282.0000    41.4700 
 2284.0000    41.3600 
 2286.0000    41.2500 
 2288.0000    41.1700 
 2290.0000    41.1200 
 2292.0000    41.0300 
 2294.0000    40.9000 
 2296.0000    40.7550 
 2298.0000    40.6400 
 2300.0000    40.5200 
 2302.0000    40.4100 
 2304.0000    40.3100 
 2306.0000    40.1700 
 2308.0000    40.0400 
 2310.0000    39.8700 
 2312.0000    39.7400 
 2314.0000    39.6600 
 2316.0000    39.5200 
 2318.0000    39.3400 
 2320.0000    39.1200 
 2322.0000    38.8500 
 2324.0000    38.5300 
 2326.0000    38.2300 
 2328.0000    37.9800 
 2330.0000    37.7500 
 2332.0000    37.5200 
 2334.0000    37.3500 
 2336.0000    37.2600 
 2338.0000    37.2200 
 2340.0000    37.1800 
 2342.0000    37.1300 
 2344.0000    37.0700 
 2346.0000    36.9000 
 2348.0000    36.6900 
 2350.0000    36.5100 
 2352.0000    36.4000 
 2354.0000    36.3300 
 2356.0000    36.2500 
 2358.0000    36.1750 
 2360.0000    36.1000 
 2362.0000    35.8900 
 2364.0000    35.6500 
 2366.0000    35.4200 
 2368.0000    35.2950 
 2370.0000    35.2300 
 2372.0000    35.1800 
 2374.0000    35.0900 
 2376.0000    34.9700 
 2378.0000    34.7750 
 2380.0000    34.6300 
 2382.0000    34.5050 
 2384.0000    34.3900 
 2386.0000    34.2900 
 2388.0000    34.3200 
 2390.0000    34.4300 
 2392.0000    34.4400 
 2394.0000    34.3800 
 2396.0000    34.2900 
 2398.0000    34.1800 
 2400.0000    34.0400 
 2402.0000    33.9300 
 2404.0000    33.8400 
 2406.0000    33.6500 
 2408.0000    33.4500 
 2410.0000    33.1950 
 2412.0000    32.9500 
 2414.0000    32.6700 
 2416.0000    32.4050 
 2418.0000    32.1600 
 2420.0000    31.9400 
 2422.0000    31.7100 
 2424.0000    31.4900 
 2426.0000    31.2300 
 2428.0000    31.0000 
 2430.0000    30.7000 
 2432.0000    30.3700 
 2434.0000    29.9800 
 2436.0000    29.6200 
 2438.0000    29.3150 
 2440.0000    29.0000 
 2442.0000    28.6500 
 2444.0000    28.2300 
 2446.0000    27.8400 
 2448.0000    27.5000 
 2450.0000    27.1200 
 2452.0000    26.6900 
 2454.0000    26.2300 
 2456.0000    25.8500 
 2458.0000    25.3900 
 2460.0000    24.9900 
 2462.0000    24.5700 
 2464.0000    24.1800 
 2466.0000    23.8400 
 2468.0000    23.4800 
 2470.0000    23.1200 
 2472.0000    22.7000 
 2474.0000    22.3700 
 2476.0000    22.0600 
 2478.0000    21.6700 
 2480.0000    21.2200 
 2482.0000    20.7700 
 2484.0000    20.3300 
 2486.0000    19.9600 
 2488.0000    19.5200 
 2490.0000    19.0400 
 2492.0000    18.6100 
 2494.0000    18.2300 
 2496.0000    17.8600 
 2498.0000    17.3850 
 2500.0000    16.9100 
