 1300.0000    73.2000 
 1302.0000    73.2400 
 1304.0000    73.2900 
 1306.0000    73.3000 
 1308.0000    73.4500 
 1310.0000    73.6400 
 1312.0000    73.5400 
 1314.0000    73.4700 
 1316.0000    73.1500 
 1318.0000    72.7900 
 1320.0000    72.6700 
 1322.0000    72.7300 
 1324.0000    72.8800 
 1326.0000    73.0100 
 1328.0000    72.9500 
 1330.0000    72.8250 
 1332.0000    72.7100 
 1334.0000    72.7100 
 1336.0000    72.6900 
 1338.0000    72.7150 
 1340.0000    72.7400 
 1342.0000    72.7150 
 1344.0000    72.6450 
 1346.0000    72.6200 
 1348.0000    72.6200 
 1350.0000    72.6100 
 1352.0000    72.6200 
 1354.0000    72.6100 
 1356.0000    72.5700 
 1358.0000    72.5600 
 1360.0000    72.6200 
 1362.0000    72.6600 
 1364.0000    72.6600 
 1366.0000    72.6200 
 1368.0000    72.5500 
 1370.0000    72.5000 
 1372.0000    72.4600 
 1374.0000    72.4100 
 1376.0000    72.3400 
 1378.0000    72.2700 
 1380.0000    72.1900 
 1382.0000    72.1000 
 1384.0000    71.9600 
 1386.0000    71.8000 
 1388.0000    71.6300 
 1390.0000    71.4900 
 1392.0000    71.3500 
 1394.0000    71.1700 
 1396.0000    70.9550 
 1398.0000    70.7700 
 1400.0000    70.5700 
 1402.0000    70.4100 
 1404.0000    70.2500 
 1406.0000    70.0900 
 1408.0000    69.9800 
 1410.0000    69.8700 
 1412.0000    69.7900 
 1414.0000    69.7200 
 1416.0000    69.6400 
 1418.0000    69.5800 
 1420.0000    69.5100 
 1422.0000    69.4500 
 1424.0000    69.3900 
 1426.0000    69.3000 
 1428.0000    69.2100 
 1430.0000    69.1400 
 1432.0000    69.1400 
 1434.0000    69.1600 
 1436.0000    69.1700 
 1438.0000    69.1900 
 1440.0000    69.1800 
 1442.0000    69.1500 
 1444.0000    69.1250 
 1446.0000    69.0700 
 1448.0000    69.0900 
 1450.0000    69.1100 
 1452.0000    69.1400 
 1454.0000    69.1400 
 1456.0000    69.1250 
 1458.0000    69.1400 
 1460.0000    69.1900 
 1462.0000    69.2400 
 1464.0000    69.2900 
 1466.0000    69.3000 
 1468.0000    69.3100 
 1470.0000    69.3500 
 1472.0000    69.3900 
 1474.0000    69.4600 
 1476.0000    69.5200 
 1478.0000    69.5800 
 1480.0000    69.6500 
 1482.0000    69.7500 
 1484.0000    69.8400 
 1486.0000    69.9600 
 1488.0000    70.0100 
 1490.0000    70.0600 
 1492.0000    70.0950 
 1494.0000    70.1800 
 1496.0000    70.2800 
 1498.0000    70.3700 
 1500.0000    70.4600 
 1502.0000    70.5400 
 1504.0000    70.6200 
 1506.0000    70.7200 
 1508.0000    70.8200 
 1510.0000    70.9200 
 1512.0000    70.9800 
 1514.0000    71.0500 
 1516.0000    71.0900 
 1518.0000    71.1300 
 1520.0000    71.2100 
 1522.0000    71.2900 
 1524.0000    71.3500 
 1526.0000    71.4100 
 1528.0000    71.4600 
 1530.0000    71.5100 
 1532.0000    71.5900 
 1534.0000    71.6500 
 1536.0000    71.7000 
 1538.0000    71.7700 
 1540.0000    71.8300 
 1542.0000    71.9000 
 1544.0000    71.9700 
 1546.0000    72.0200 
 1548.0000    72.0800 
 1550.0000    72.1050 
 1552.0000    72.1700 
 1554.0000    72.2100 
 1556.0000    72.2500 
 1558.0000    72.2850 
 1560.0000    72.3500 
 1562.0000    72.3900 
 1564.0000    72.4200 
 1566.0000    72.4500 
 1568.0000    72.4800 
 1570.0000    72.5600 
 1572.0000    72.6300 
 1574.0000    72.6900 
 1576.0000    72.6800 
 1578.0000    72.6800 
 1580.0000    72.6450 
 1582.0000    72.6800 
 1584.0000    72.7300 
 1586.0000    72.8100 
 1588.0000    72.8500 
 1590.0000    72.8500 
 1592.0000    72.8400 
 1594.0000    72.8500 
 1596.0000    72.9100 
 1598.0000    72.9600 
 1600.0000    72.9800 
 1602.0000    72.9800 
 1604.0000    72.9500 
 1606.0000    72.9600 
 1608.0000    72.9800 
 1610.0000    73.0000 
 1612.0000    73.0000 
 1614.0000    72.9900 
 1616.0000    72.9900 
 1618.0000    73.0100 
 1620.0000    73.0400 
 1622.0000    73.0700 
 1624.0000    73.0750 
 1626.0000    73.0600 
 1628.0000    73.0200 
 1630.0000    72.9500 
 1632.0000    72.9500 
 1634.0000    72.9500 
 1636.0000    72.9700 
 1638.0000    72.9900 
 1640.0000    72.9900 
 1642.0000    72.9900 
 1644.0000    72.9700 
 1646.0000    72.9800 
 1648.0000    73.0100 
 1650.0000    73.0200 
 1652.0000    73.0300 
 1654.0000    73.0000 
 1656.0000    72.9500 
 1658.0000    72.9700 
 1660.0000    72.9700 
 1662.0000    72.9600 
 1664.0000    72.9600 
 1666.0000    72.8800 
 1668.0000    72.8500 
 1670.0000    72.7900 
 1672.0000    72.7800 
 1674.0000    72.7700 
 1676.0000    72.7700 
 1678.0000    72.7800 
 1680.0000    72.7800 
 1682.0000    72.8000 
 1684.0000    72.8000 
 1686.0000    72.7800 
 1688.0000    72.7800 
 1690.0000    72.7800 
 1692.0000    72.7600 
 1694.0000    72.7900 
 1696.0000    72.7700 
 1698.0000    72.8000 
 1700.0000    72.8250 
 1702.0000    72.8400 
 1704.0000    72.8500 
 1706.0000    72.8500 
 1708.0000    72.8200 
 1710.0000    72.7700 
 1712.0000    72.7150 
 1714.0000    72.6700 
 1716.0000    72.6700 
 1718.0000    72.6300 
 1720.0000    72.6100 
 1722.0000    72.5600 
 1724.0000    72.5200 
 1726.0000    72.5000 
 1728.0000    72.4600 
 1730.0000    72.4650 
 1732.0000    72.4800 
 1734.0000    72.4650 
 1736.0000    72.5350 
 1738.0000    72.5350 
 1740.0000    72.5100 
 1742.0000    72.4800 
 1744.0000    72.4400 
 1746.0000    72.4600 
 1748.0000    72.4650 
 1750.0000    72.4100 
 1752.0000    72.3550 
 1754.0000    72.3000 
 1756.0000    72.2800 
 1758.0000    72.2500 
 1760.0000    72.2200 
 1762.0000    72.1800 
 1764.0000    72.1400 
 1766.0000    72.1200 
 1768.0000    72.0700 
 1770.0000    72.0100 
 1772.0000    71.9700 
 1774.0000    71.9400 
 1776.0000    71.8800 
 1778.0000    71.8300 
 1780.0000    71.7800 
 1782.0000    71.7100 
 1784.0000    71.6700 
 1786.0000    71.6300 
 1788.0000    71.5900 
 1790.0000    71.5650 
 1792.0000    71.5400 
 1794.0000    71.4900 
 1796.0000    71.4600 
 1798.0000    71.4200 
 1800.0000    71.3700 
 1802.0000    71.3700 
 1804.0000    71.3400 
 1806.0000    71.3100 
 1808.0000    71.2800 
 1810.0000    71.2400 
 1812.0000    71.2000 
 1814.0000    71.1700 
 1816.0000    71.1600 
 1818.0000    71.1350 
 1820.0000    71.1300 
 1822.0000    71.1200 
 1824.0000    71.1200 
 1826.0000    71.1200 
 1828.0000    71.0800 
 1830.0000    71.0600 
 1832.0000    71.0650 
 1834.0000    71.0650 
 1836.0000    71.1000 
 1838.0000    71.1100 
 1840.0000    71.0900 
 1842.0000    71.0500 
 1844.0000    70.9700 
 1846.0000    70.9300 
 1848.0000    70.9000 
 1850.0000    70.8300 
 1852.0000    70.8000 
 1854.0000    70.7300 
 1856.0000    70.6200 
 1858.0000    70.4800 
 1860.0000    70.3300 
 1862.0000    70.2000 
 1864.0000    70.0500 
 1866.0000    69.8300 
 1868.0000    69.5500 
 1870.0000    69.2400 
 1872.0000    68.9100 
 1874.0000    68.5850 
 1876.0000    68.2200 
 1878.0000    67.7400 
 1880.0000    67.2550 
 1882.0000    66.7500 
 1884.0000    66.2150 
 1886.0000    65.6600 
 1888.0000    65.0500 
 1890.0000    64.4700 
 1892.0000    63.9000 
 1894.0000    63.3500 
 1896.0000    62.8500 
 1898.0000    62.3900 
 1900.0000    61.9600 
 1902.0000    61.5400 
 1904.0000    61.1500 
 1906.0000    60.8500 
 1908.0000    60.6200 
 1910.0000    60.3900 
 1912.0000    60.1450 
 1914.0000    59.9200 
 1916.0000    59.7500 
 1918.0000    59.6000 
 1920.0000    59.4700 
 1922.0000    59.3700 
 1924.0000    59.2800 
 1926.0000    59.2200 
 1928.0000    59.1700 
 1930.0000    59.0900 
 1932.0000    58.9800 
 1934.0000    58.9200 
 1936.0000    58.8900 
 1938.0000    58.8700 
 1940.0000    58.8700 
 1942.0000    58.8400 
 1944.0000    58.8600 
 1946.0000    58.9300 
 1948.0000    59.0100 
 1950.0000    59.0900 
 1952.0000    59.1400 
 1954.0000    59.2100 
 1956.0000    59.2700 
 1958.0000    59.3300 
 1960.0000    59.3900 
 1962.0000    59.4250 
 1964.0000    59.4400 
 1966.0000    59.5100 
 1968.0000    59.5900 
 1970.0000    59.7100 
 1972.0000    59.8550 
 1974.0000    59.9650 
 1976.0000    60.0900 
 1978.0000    60.2150 
 1980.0000    60.3800 
 1982.0000    60.5400 
 1984.0000    60.7200 
 1986.0000    60.9000 
 1988.0000    61.0800 
 1990.0000    61.2800 
 1992.0000    61.4800 
 1994.0000    61.6900 
 1996.0000    61.9000 
 1998.0000    62.0700 
 2000.0000    62.2900 
 2002.0000    62.4900 
 2004.0000    62.6950 
 2006.0000    62.8750 
 2008.0000    63.0500 
 2010.0000    63.2300 
 2012.0000    63.4100 
 2014.0000    63.5800 
 2016.0000    63.7200 
 2018.0000    63.8100 
 2020.0000    63.8900 
 2022.0000    64.0100 
 2024.0000    64.0900 
 2026.0000    64.1700 
 2028.0000    64.2300 
 2030.0000    64.2900 
 2032.0000    64.3200 
 2034.0000    64.3400 
 2036.0000    64.3700 
 2038.0000    64.4000 
 2040.0000    64.4500 
 2042.0000    64.4200 
 2044.0000    64.4100 
 2046.0000    64.4000 
 2048.0000    64.3800 
 2050.0000    64.3450 
 2052.0000    64.2750 
 2054.0000    64.2300 
 2056.0000    64.1700 
 2058.0000    64.0950 
 2060.0000    64.0500 
 2062.0000    64.0700 
 2064.0000    64.0400 
 2066.0000    63.9600 
 2068.0000    63.8600 
 2070.0000    63.7900 
 2072.0000    63.7000 
 2074.0000    63.5400 
 2076.0000    63.3800 
 2078.0000    63.2300 
 2080.0000    63.1700 
 2082.0000    63.1900 
 2084.0000    63.3300 
 2086.0000    63.6000 
 2088.0000    63.9400 
 2090.0000    64.2600 
 2092.0000    64.5250 
 2094.0000    64.7900 
 2096.0000    65.0500 
 2098.0000    65.3100 
 2100.0000    65.4900 
 2102.0000    65.5900 
 2104.0000    65.7200 
 2106.0000    65.8550 
 2108.0000    66.0350 
 2110.0000    66.1050 
 2112.0000    66.1900 
 2114.0000    66.3400 
 2116.0000    66.4900 
 2118.0000    66.6300 
 2120.0000    66.7100 
 2122.0000    66.7900 
 2124.0000    66.8900 
 2126.0000    66.9800 
 2128.0000    67.0000 
 2130.0000    66.9900 
 2132.0000    67.0000 
 2134.0000    67.0750 
 2136.0000    67.1600 
 2138.0000    67.2400 
 2140.0000    67.3100 
 2142.0000    67.3600 
 2144.0000    67.3900 
 2146.0000    67.3800 
 2148.0000    67.4350 
 2150.0000    67.4800 
 2152.0000    67.5300 
 2154.0000    67.5300 
 2156.0000    67.5400 
 2158.0000    67.5300 
 2160.0000    67.5300 
 2162.0000    67.5400 
 2164.0000    67.5200 
 2166.0000    67.5200 
 2168.0000    67.4800 
 2170.0000    67.4100 
 2172.0000    67.3200 
 2174.0000    67.2500 
 2176.0000    67.2000 
 2178.0000    67.1300 
 2180.0000    67.0050 
 2182.0000    66.9200 
 2184.0000    66.7800 
 2186.0000    66.6600 
 2188.0000    66.5600 
 2190.0000    66.4500 
 2192.0000    66.3400 
 2194.0000    66.1700 
 2196.0000    66.0000 
 2198.0000    65.8000 
 2200.0000    65.6000 
 2202.0000    65.4600 
 2204.0000    65.3500 
 2206.0000    65.2450 
 2208.0000    65.1300 
 2210.0000    64.9500 
 2212.0000    64.8000 
 2214.0000    64.6350 
 2216.0000    64.5100 
 2218.0000    64.3700 
 2220.0000    64.1700 
 2222.0000    63.9100 
 2224.0000    63.6200 
 2226.0000    63.2700 
 2228.0000    62.8900 
 2230.0000    62.5000 
 2232.0000    62.1400 
 2234.0000    61.9600 
 2236.0000    61.8700 
 2238.0000    61.8700 
 2240.0000    61.8700 
 2242.0000    61.7900 
 2244.0000    61.6400 
 2246.0000    61.4000 
 2248.0000    61.1700 
 2250.0000    61.0050 
 2252.0000    60.8900 
 2254.0000    60.8500 
 2256.0000    60.8100 
 2258.0000    60.8000 
 2260.0000    60.8700 
 2262.0000    61.0000 
 2264.0000    61.0700 
 2266.0000    61.0800 
 2268.0000    61.0500 
 2270.0000    61.0900 
 2272.0000    61.0200 
 2274.0000    60.9100 
 2276.0000    60.7300 
 2278.0000    60.5900 
 2280.0000    60.4400 
 2282.0000    60.3100 
 2284.0000    60.1450 
 2286.0000    60.0100 
 2288.0000    59.8900 
 2290.0000    59.7700 
 2292.0000    59.5700 
 2294.0000    59.3400 
 2296.0000    59.1500 
 2298.0000    58.9400 
 2300.0000    58.7400 
 2302.0000    58.5600 
 2304.0000    58.4100 
 2306.0000    58.2200 
 2308.0000    58.0000 
 2310.0000    57.7800 
 2312.0000    57.4850 
 2314.0000    57.2000 
 2316.0000    56.9100 
 2318.0000    56.6900 
 2320.0000    56.4900 
 2322.0000    56.2000 
 2324.0000    55.9200 
 2326.0000    55.6550 
 2328.0000    55.4500 
 2330.0000    55.1700 
 2332.0000    54.8900 
 2334.0000    54.6400 
 2336.0000    54.4200 
 2338.0000    54.1450 
 2340.0000    53.8000 
 2342.0000    53.4300 
 2344.0000    53.1050 
 2346.0000    52.9100 
 2348.0000    52.7200 
 2350.0000    52.4500 
 2352.0000    52.1350 
 2354.0000    51.8200 
 2356.0000    51.5700 
 2358.0000    51.3200 
 2360.0000    51.0550 
 2362.0000    50.8600 
 2364.0000    50.6100 
 2366.0000    50.3400 
 2368.0000    50.0100 
 2370.0000    49.7000 
 2372.0000    49.4900 
 2374.0000    49.3100 
 2376.0000    49.0400 
 2378.0000    48.6900 
 2380.0000    48.2900 
 2382.0000    48.0300 
 2384.0000    47.7800 
 2386.0000    47.4900 
 2388.0000    47.2000 
 2390.0000    46.8900 
 2392.0000    46.6200 
 2394.0000    46.3200 
 2396.0000    46.0300 
 2398.0000    45.7500 
 2400.0000    45.4700 
 2402.0000    45.1700 
 2404.0000    44.8500 
 2406.0000    44.5900 
 2408.0000    44.2900 
 2410.0000    43.9100 
 2412.0000    43.6000 
 2414.0000    43.3600 
 2416.0000    43.1100 
 2418.0000    42.7100 
 2420.0000    42.2700 
 2422.0000    41.9100 
 2424.0000    41.6900 
 2426.0000    41.5300 
 2428.0000    41.4000 
 2430.0000    41.2900 
 2432.0000    41.3100 
 2434.0000    41.3300 
 2436.0000    41.2500 
 2438.0000    41.1100 
 2440.0000    40.9300 
 2442.0000    40.7100 
 2444.0000    40.3800 
 2446.0000    40.0400 
 2448.0000    39.7200 
 2450.0000    39.4300 
 2452.0000    39.2400 
 2454.0000    39.0850 
 2456.0000    38.8900 
 2458.0000    38.7200 
 2460.0000    38.6200 
 2462.0000    38.6000 
 2464.0000    38.6500 
 2466.0000    38.7200 
 2468.0000    38.8100 
 2470.0000    38.8800 
 2472.0000    39.0600 
 2474.0000    39.2000 
 2476.0000    39.2650 
 2478.0000    39.3100 
 2480.0000    39.5300 
 2482.0000    39.8400 
 2484.0000    40.1600 
 2486.0000    40.3600 
 2488.0000    40.5100 
 2490.0000    40.6800 
 2492.0000    40.9200 
 2494.0000    41.2700 
 2496.0000    41.6000 
 2498.0000    41.7600 
 2500.0000    41.8800 
