 1300.0000    35.2950 
 1302.0000    35.4200 
 1304.0000    35.5600 
 1306.0000    35.3600 
 1308.0000    35.0450 
 1310.0000    34.9800 
 1312.0000    35.0450 
 1314.0000    35.1900 
 1316.0000    35.3500 
 1318.0000    35.3700 
 1320.0000    35.2800 
 1322.0000    35.3600 
 1324.0000    35.4900 
 1326.0000    35.5500 
 1328.0000    35.6700 
 1330.0000    35.6800 
 1332.0000    35.6100 
 1334.0000    35.6800 
 1336.0000    35.7300 
 1338.0000    35.7100 
 1340.0000    35.7400 
 1342.0000    35.7700 
 1344.0000    35.7900 
 1346.0000    35.8350 
 1348.0000    35.9000 
 1350.0000    35.9250 
 1352.0000    35.9500 
 1354.0000    36.0100 
 1356.0000    36.0600 
 1358.0000    36.1200 
 1360.0000    36.1700 
 1362.0000    36.2100 
 1364.0000    36.2600 
 1366.0000    36.3000 
 1368.0000    36.3400 
 1370.0000    36.3700 
 1372.0000    36.3900 
 1374.0000    36.4100 
 1376.0000    36.4200 
 1378.0000    36.4400 
 1380.0000    36.4450 
 1382.0000    36.4800 
 1384.0000    36.5300 
 1386.0000    36.5200 
 1388.0000    36.5000 
 1390.0000    36.4700 
 1392.0000    36.4300 
 1394.0000    36.4450 
 1396.0000    36.4450 
 1398.0000    36.4450 
 1400.0000    36.4450 
 1402.0000    36.4400 
 1404.0000    36.4200 
 1406.0000    36.4400 
 1408.0000    36.4600 
 1410.0000    36.4900 
 1412.0000    36.5100 
 1414.0000    36.5100 
 1416.0000    36.5200 
 1418.0000    36.5500 
 1420.0000    36.5900 
 1422.0000    36.6250 
 1424.0000    36.6700 
 1426.0000    36.7150 
 1428.0000    36.7500 
 1430.0000    36.7500 
 1432.0000    36.7300 
 1434.0000    36.7100 
 1436.0000    36.7150 
 1438.0000    36.7150 
 1440.0000    36.7300 
 1442.0000    36.7600 
 1444.0000    36.7600 
 1446.0000    36.7800 
 1448.0000    36.7900 
 1450.0000    36.7700 
 1452.0000    36.7800 
 1454.0000    36.7800 
 1456.0000    36.7800 
 1458.0000    36.7800 
 1460.0000    36.7600 
 1462.0000    36.7300 
 1464.0000    36.7100 
 1466.0000    36.6800 
 1468.0000    36.6700 
 1470.0000    36.6700 
 1472.0000    36.6600 
 1474.0000    36.6100 
 1476.0000    36.5500 
 1478.0000    36.4700 
 1480.0000    36.4000 
 1482.0000    36.3700 
 1484.0000    36.3200 
 1486.0000    36.2650 
 1488.0000    36.2000 
 1490.0000    36.1400 
 1492.0000    36.0700 
 1494.0000    36.0000 
 1496.0000    35.9250 
 1498.0000    35.8350 
 1500.0000    35.7300 
 1502.0000    35.6300 
 1504.0000    35.5300 
 1506.0000    35.4100 
 1508.0000    35.3100 
 1510.0000    35.2000 
 1512.0000    35.0450 
 1514.0000    34.9300 
 1516.0000    34.7600 
 1518.0000    34.5900 
 1520.0000    34.4000 
 1522.0000    34.2200 
 1524.0000    34.0600 
 1526.0000    33.9300 
 1528.0000    33.7900 
 1530.0000    33.6500 
 1532.0000    33.4900 
 1534.0000    33.3400 
 1536.0000    33.1950 
 1538.0000    33.0400 
 1540.0000    32.8800 
 1542.0000    32.7450 
 1544.0000    32.6400 
 1546.0000    32.5700 
 1548.0000    32.5100 
 1550.0000    32.4800 
 1552.0000    32.4800 
 1554.0000    32.5400 
 1556.0000    32.6500 
 1558.0000    32.8000 
 1560.0000    32.9700 
 1562.0000    33.1200 
 1564.0000    33.2800 
 1566.0000    33.4500 
 1568.0000    33.5900 
 1570.0000    33.7700 
 1572.0000    33.8950 
 1574.0000    34.0200 
 1576.0000    34.1500 
 1578.0000    34.2300 
 1580.0000    34.3200 
 1582.0000    34.4100 
 1584.0000    34.4800 
 1586.0000    34.5500 
 1588.0000    34.6500 
 1590.0000    34.7700 
 1592.0000    34.9100 
 1594.0000    35.0300 
 1596.0000    35.1000 
 1598.0000    35.1200 
 1600.0000    35.1500 
 1602.0000    35.2100 
 1604.0000    35.2700 
 1606.0000    35.3400 
 1608.0000    35.3850 
 1610.0000    35.4100 
 1612.0000    35.4400 
 1614.0000    35.4750 
 1616.0000    35.5000 
 1618.0000    35.5500 
 1620.0000    35.5800 
 1622.0000    35.5650 
 1624.0000    35.5800 
 1626.0000    35.6000 
 1628.0000    35.6200 
 1630.0000    35.6900 
 1632.0000    35.7600 
 1634.0000    35.8000 
 1636.0000    35.8200 
 1638.0000    35.8500 
 1640.0000    35.9000 
 1642.0000    35.9600 
 1644.0000    36.0000 
 1646.0000    36.0200 
 1648.0000    36.0300 
 1650.0000    36.0500 
 1652.0000    36.0800 
 1654.0000    36.0900 
 1656.0000    36.0900 
 1658.0000    36.0800 
 1660.0000    36.0900 
 1662.0000    36.1200 
 1664.0000    36.1400 
 1666.0000    36.1700 
 1668.0000    36.1750 
 1670.0000    36.2000 
 1672.0000    36.2000 
 1674.0000    36.2200 
 1676.0000    36.2400 
 1678.0000    36.2650 
 1680.0000    36.2650 
 1682.0000    36.2650 
 1684.0000    36.2900 
 1686.0000    36.3300 
 1688.0000    36.4000 
 1690.0000    36.4600 
 1692.0000    36.5100 
 1694.0000    36.5600 
 1696.0000    36.5600 
 1698.0000    36.5700 
 1700.0000    36.5900 
 1702.0000    36.6250 
 1704.0000    36.6800 
 1706.0000    36.7150 
 1708.0000    36.7400 
 1710.0000    36.8000 
 1712.0000    36.8500 
 1714.0000    36.9200 
 1716.0000    36.9700 
 1718.0000    36.9900 
 1720.0000    37.0000 
 1722.0000    37.0400 
 1724.0000    37.0700 
 1726.0000    37.1000 
 1728.0000    37.1200 
 1730.0000    37.1800 
 1732.0000    37.2500 
 1734.0000    37.2900 
 1736.0000    37.3250 
 1738.0000    37.3600 
 1740.0000    37.3800 
 1742.0000    37.4150 
 1744.0000    37.4600 
 1746.0000    37.5050 
 1748.0000    37.5700 
 1750.0000    37.5950 
 1752.0000    37.6100 
 1754.0000    37.6700 
 1756.0000    37.7200 
 1758.0000    37.7500 
 1760.0000    37.7900 
 1762.0000    37.8200 
 1764.0000    37.8900 
 1766.0000    37.9600 
 1768.0000    38.0100 
 1770.0000    38.0400 
 1772.0000    38.0900 
 1774.0000    38.1300 
 1776.0000    38.1700 
 1778.0000    38.2300 
 1780.0000    38.2900 
 1782.0000    38.3700 
 1784.0000    38.4300 
 1786.0000    38.4900 
 1788.0000    38.5200 
 1790.0000    38.5500 
 1792.0000    38.5900 
 1794.0000    38.6100 
 1796.0000    38.6500 
 1798.0000    38.6900 
 1800.0000    38.7000 
 1802.0000    38.7600 
 1804.0000    38.7600 
 1806.0000    38.7800 
 1808.0000    38.7800 
 1810.0000    38.7400 
 1812.0000    38.7000 
 1814.0000    38.6300 
 1816.0000    38.4700 
 1818.0000    38.3200 
 1820.0000    38.1000 
 1822.0000    37.9200 
 1824.0000    37.7900 
 1826.0000    37.6600 
 1828.0000    37.5900 
 1830.0000    37.5800 
 1832.0000    37.7000 
 1834.0000    37.9100 
 1836.0000    38.1500 
 1838.0000    38.3500 
 1840.0000    38.5300 
 1842.0000    38.7500 
 1844.0000    38.9400 
 1846.0000    39.1750 
 1848.0000    39.3700 
 1850.0000    39.5200 
 1852.0000    39.6500 
 1854.0000    39.7100 
 1856.0000    39.7500 
 1858.0000    39.7700 
 1860.0000    39.8400 
 1862.0000    39.9200 
 1864.0000    39.9600 
 1866.0000    39.9650 
 1868.0000    39.9400 
 1870.0000    39.8700 
 1872.0000    39.8500 
 1874.0000    39.8200 
 1876.0000    39.7850 
 1878.0000    39.8300 
 1880.0000    39.8400 
 1882.0000    39.9000 
 1884.0000    39.9900 
 1886.0000    40.1200 
 1888.0000    40.2900 
 1890.0000    40.4150 
 1892.0000    40.5100 
 1894.0000    40.5600 
 1896.0000    40.6000 
 1898.0000    40.6500 
 1900.0000    40.7300 
 1902.0000    40.8400 
 1904.0000    40.9300 
 1906.0000    41.0000 
 1908.0000    41.0300 
 1910.0000    41.0700 
 1912.0000    41.1200 
 1914.0000    41.1600 
 1916.0000    41.1900 
 1918.0000    41.2200 
 1920.0000    41.2600 
 1922.0000    41.2800 
 1924.0000    41.3000 
 1926.0000    41.3300 
 1928.0000    41.3600 
 1930.0000    41.4000 
 1932.0000    41.3900 
 1934.0000    41.3500 
 1936.0000    41.3100 
 1938.0000    41.2400 
 1940.0000    41.1900 
 1942.0000    41.0800 
 1944.0000    40.9900 
 1946.0000    40.9100 
 1948.0000    40.8300 
 1950.0000    40.7500 
 1952.0000    40.6600 
 1954.0000    40.6600 
 1956.0000    40.7300 
 1958.0000    40.8600 
 1960.0000    41.0200 
 1962.0000    41.1700 
 1964.0000    41.3400 
 1966.0000    41.5100 
 1968.0000    41.7000 
 1970.0000    41.8800 
 1972.0000    42.0100 
 1974.0000    42.1800 
 1976.0000    42.3400 
 1978.0000    42.5200 
 1980.0000    42.6700 
 1982.0000    42.7600 
 1984.0000    42.8500 
 1986.0000    42.9400 
 1988.0000    43.0200 
 1990.0000    43.0600 
 1992.0000    43.1200 
 1994.0000    43.1700 
 1996.0000    43.2100 
 1998.0000    43.2400 
 2000.0000    43.2800 
 2002.0000    43.3600 
 2004.0000    43.4300 
 2006.0000    43.4800 
 2008.0000    43.5000 
 2010.0000    43.5500 
 2012.0000    43.5900 
 2014.0000    43.6200 
 2016.0000    43.6700 
 2018.0000    43.6800 
 2020.0000    43.7100 
 2022.0000    43.7300 
 2024.0000    43.7500 
 2026.0000    43.8200 
 2028.0000    43.9000 
 2030.0000    43.9600 
 2032.0000    44.0100 
 2034.0000    44.0800 
 2036.0000    44.1900 
 2038.0000    44.2800 
 2040.0000    44.3400 
 2042.0000    44.3800 
 2044.0000    44.4200 
 2046.0000    44.4800 
 2048.0000    44.5300 
 2050.0000    44.5400 
 2052.0000    44.5800 
 2054.0000    44.6000 
 2056.0000    44.6100 
 2058.0000    44.6300 
 2060.0000    44.6600 
 2062.0000    44.7300 
 2064.0000    44.7500 
 2066.0000    44.7400 
 2068.0000    44.7100 
 2070.0000    44.7500 
 2072.0000    44.8300 
 2074.0000    44.8900 
 2076.0000    44.9300 
 2078.0000    44.9200 
 2080.0000    44.9200 
 2082.0000    44.9400 
 2084.0000    44.9400 
 2086.0000    44.9400 
 2088.0000    44.9500 
 2090.0000    44.9500 
 2092.0000    44.9500 
 2094.0000    44.9300 
 2096.0000    44.9400 
 2098.0000    44.9400 
 2100.0000    44.9500 
 2102.0000    44.9400 
 2104.0000    44.9300 
 2106.0000    44.9300 
 2108.0000    44.9000 
 2110.0000    44.8600 
 2112.0000    44.8400 
 2114.0000    44.8000 
 2116.0000    44.7800 
 2118.0000    44.7600 
 2120.0000    44.7600 
 2122.0000    44.7400 
 2124.0000    44.6900 
 2126.0000    44.6400 
 2128.0000    44.5800 
 2130.0000    44.5300 
 2132.0000    44.4900 
 2134.0000    44.5000 
 2136.0000    44.4900 
 2138.0000    44.4700 
 2140.0000    44.4400 
 2142.0000    44.4200 
 2144.0000    44.4300 
 2146.0000    44.4100 
 2148.0000    44.3700 
 2150.0000    44.3000 
 2152.0000    44.2600 
 2154.0000    44.2600 
 2156.0000    44.2400 
 2158.0000    44.2000 
 2160.0000    44.0900 
 2162.0000    44.0500 
 2164.0000    44.0000 
 2166.0000    43.9400 
 2168.0000    43.8800 
 2170.0000    43.7900 
 2172.0000    43.6900 
 2174.0000    43.5200 
 2176.0000    43.3900 
 2178.0000    43.2500 
 2180.0000    43.1500 
 2182.0000    43.0300 
 2184.0000    42.8600 
 2186.0000    42.6700 
 2188.0000    42.5000 
 2190.0000    42.3800 
 2192.0000    42.2700 
 2194.0000    42.1500 
 2196.0000    41.9400 
 2198.0000    41.7300 
 2200.0000    41.5300 
 2202.0000    41.3700 
 2204.0000    41.2300 
 2206.0000    41.0800 
 2208.0000    40.8450 
 2210.0000    40.6650 
 2212.0000    40.4600 
 2214.0000    40.2500 
 2216.0000    39.9900 
 2218.0000    39.6600 
 2220.0000    39.3400 
 2222.0000    38.9600 
 2224.0000    38.5600 
 2226.0000    38.0250 
 2228.0000    37.4400 
 2230.0000    36.7700 
 2232.0000    35.9900 
 2234.0000    35.1300 
 2236.0000    34.0700 
 2238.0000    32.8700 
 2240.0000    31.4300 
 2242.0000    29.9400 
 2244.0000    28.4800 
 2246.0000    27.1700 
 2248.0000    26.1200 
 2250.0000    25.2400 
 2252.0000    24.5800 
 2254.0000    24.3200 
 2256.0000    24.4500 
 2258.0000    24.9400 
 2260.0000    25.6000 
 2262.0000    26.3500 
 2264.0000    27.0500 
 2266.0000    27.6000 
 2268.0000    27.9600 
 2270.0000    28.1600 
 2272.0000    28.2500 
 2274.0000    28.2700 
 2276.0000    28.1300 
 2278.0000    27.8700 
 2280.0000    27.4900 
 2282.0000    27.0600 
 2284.0000    26.5400 
 2286.0000    25.9900 
 2288.0000    25.3500 
 2290.0000    24.7100 
 2292.0000    24.1100 
 2294.0000    23.5200 
 2296.0000    22.9700 
 2298.0000    22.3900 
 2300.0000    21.7600 
 2302.0000    21.1100 
 2304.0000    20.3750 
 2306.0000    19.6200 
 2308.0000    18.8500 
 2310.0000    18.0850 
 2312.0000    17.4100 
 2314.0000    16.7650 
 2316.0000    16.1300 
 2318.0000    15.5700 
 2320.0000    15.0500 
 2322.0000    14.5650 
 2324.0000    14.1400 
 2326.0000    13.7300 
 2328.0000    13.3700 
 2330.0000    13.0400 
 2332.0000    12.8400 
 2334.0000    12.7000 
 2336.0000    12.5800 
 2338.0000    12.4300 
 2340.0000    12.4300 
 2342.0000    12.5800 
 2344.0000    12.8200 
 2346.0000    13.1600 
 2348.0000    13.5100 
 2350.0000    14.0200 
 2352.0000    14.6500 
 2354.0000    15.4100 
 2356.0000    16.2500 
 2358.0000    17.1500 
 2360.0000    18.1900 
 2362.0000    19.3500 
 2364.0000    20.5700 
 2366.0000    21.8400 
 2368.0000    23.1200 
 2370.0000    24.3500 
 2372.0000    25.5400 
 2374.0000    26.6750 
 2376.0000    27.6400 
 2378.0000    28.5250 
 2380.0000    29.3300 
 2382.0000    30.1900 
 2384.0000    30.9400 
 2386.0000    31.5600 
 2388.0000    32.1300 
 2390.0000    32.7400 
 2392.0000    33.3600 
 2394.0000    33.8700 
 2396.0000    34.3500 
 2398.0000    34.8200 
 2400.0000    35.2000 
 2402.0000    35.4700 
 2404.0000    35.7800 
 2406.0000    36.0900 
 2408.0000    36.4100 
 2410.0000    36.7150 
 2412.0000    36.9700 
 2414.0000    37.1400 
 2416.0000    37.3700 
 2418.0000    37.6300 
 2420.0000    37.7600 
 2422.0000    37.7700 
 2424.0000    37.7500 
 2426.0000    37.7500 
 2428.0000    37.8300 
 2430.0000    37.8600 
 2432.0000    37.8900 
 2434.0000    37.8800 
 2436.0000    37.8200 
 2438.0000    37.7500 
 2440.0000    37.6400 
 2442.0000    37.5800 
 2444.0000    37.4300 
 2446.0000    37.2700 
 2448.0000    37.1400 
 2450.0000    37.0500 
 2452.0000    36.9100 
 2454.0000    36.7700 
 2456.0000    36.6200 
 2458.0000    36.4900 
 2460.0000    36.2900 
 2462.0000    36.1300 
 2464.0000    35.9500 
 2466.0000    35.8200 
 2468.0000    35.6700 
 2470.0000    35.4750 
 2472.0000    35.2950 
 2474.0000    35.2200 
 2476.0000    35.1400 
 2478.0000    34.8650 
 2480.0000    34.5950 
 2482.0000    34.3600 
 2484.0000    34.1800 
 2486.0000    34.0100 
 2488.0000    33.8000 
 2490.0000    33.5600 
 2492.0000    33.3700 
 2494.0000    33.2800 
 2496.0000    33.0400 
 2498.0000    32.7600 
 2500.0000    32.5400 
