 1300.0000    18.2650 
 1302.0000    18.3200 
 1304.0000    18.4000 
 1306.0000    18.4100 
 1308.0000    18.6000 
 1310.0000    18.6100 
 1312.0000    18.7500 
 1314.0000    18.7050 
 1316.0000    18.6900 
 1318.0000    18.8100 
 1320.0000    19.0300 
 1322.0000    19.1100 
 1324.0000    19.1400 
 1326.0000    19.1100 
 1328.0000    19.0700 
 1330.0000    19.0800 
 1332.0000    19.1400 
 1334.0000    19.2200 
 1336.0000    19.2350 
 1338.0000    19.3200 
 1340.0000    19.3800 
 1342.0000    19.4600 
 1344.0000    19.5300 
 1346.0000    19.5800 
 1348.0000    19.6100 
 1350.0000    19.6500 
 1352.0000    19.7100 
 1354.0000    19.7900 
 1356.0000    19.8300 
 1358.0000    19.8800 
 1360.0000    19.9350 
 1362.0000    20.0100 
 1364.0000    20.1000 
 1366.0000    20.1500 
 1368.0000    20.1900 
 1370.0000    20.2300 
 1372.0000    20.3000 
 1374.0000    20.3600 
 1376.0000    20.4200 
 1378.0000    20.5000 
 1380.0000    20.5300 
 1382.0000    20.5600 
 1384.0000    20.5900 
 1386.0000    20.6500 
 1388.0000    20.7100 
 1390.0000    20.7600 
 1392.0000    20.7900 
 1394.0000    20.8200 
 1396.0000    20.8600 
 1398.0000    20.8900 
 1400.0000    20.9200 
 1402.0000    20.9600 
 1404.0000    21.0000 
 1406.0000    21.0500 
 1408.0000    21.0800 
 1410.0000    21.1100 
 1412.0000    21.1500 
 1414.0000    21.2000 
 1416.0000    21.2500 
 1418.0000    21.3000 
 1420.0000    21.3700 
 1422.0000    21.4300 
 1424.0000    21.4800 
 1426.0000    21.5300 
 1428.0000    21.5500 
 1430.0000    21.6100 
 1432.0000    21.6800 
 1434.0000    21.7300 
 1436.0000    21.8000 
 1438.0000    21.8700 
 1440.0000    21.9400 
 1442.0000    22.0100 
 1444.0000    22.0600 
 1446.0000    22.1100 
 1448.0000    22.1800 
 1450.0000    22.2500 
 1452.0000    22.3100 
 1454.0000    22.4000 
 1456.0000    22.4800 
 1458.0000    22.5500 
 1460.0000    22.5900 
 1462.0000    22.6500 
 1464.0000    22.7000 
 1466.0000    22.7800 
 1468.0000    22.8400 
 1470.0000    22.9200 
 1472.0000    23.0000 
 1474.0000    23.0900 
 1476.0000    23.1700 
 1478.0000    23.2400 
 1480.0000    23.2900 
 1482.0000    23.3600 
 1484.0000    23.4300 
 1486.0000    23.5000 
 1488.0000    23.5800 
 1490.0000    23.6600 
 1492.0000    23.7400 
 1494.0000    23.8000 
 1496.0000    23.8600 
 1498.0000    23.9400 
 1500.0000    24.0100 
 1502.0000    24.1200 
 1504.0000    24.1900 
 1506.0000    24.2500 
 1508.0000    24.3400 
 1510.0000    24.4100 
 1512.0000    24.4800 
 1514.0000    24.5600 
 1516.0000    24.6300 
 1518.0000    24.7100 
 1520.0000    24.8000 
 1522.0000    24.8900 
 1524.0000    24.9600 
 1526.0000    25.0400 
 1528.0000    25.0950 
 1530.0000    25.1700 
 1532.0000    25.2700 
 1534.0000    25.3500 
 1536.0000    25.4500 
 1538.0000    25.5400 
 1540.0000    25.6150 
 1542.0000    25.6900 
 1544.0000    25.7700 
 1546.0000    25.8500 
 1548.0000    25.9500 
 1550.0000    26.0200 
 1552.0000    26.0900 
 1554.0000    26.1300 
 1556.0000    26.2000 
 1558.0000    26.2900 
 1560.0000    26.3900 
 1562.0000    26.4800 
 1564.0000    26.5850 
 1566.0000    26.6500 
 1568.0000    26.7200 
 1570.0000    26.8200 
 1572.0000    26.9200 
 1574.0000    27.0500 
 1576.0000    27.1600 
 1578.0000    27.2300 
 1580.0000    27.2700 
 1582.0000    27.3200 
 1584.0000    27.4100 
 1586.0000    27.5500 
 1588.0000    27.6700 
 1590.0000    27.7800 
 1592.0000    27.8400 
 1594.0000    27.9100 
 1596.0000    28.0000 
 1598.0000    28.0900 
 1600.0000    28.1650 
 1602.0000    28.2550 
 1604.0000    28.3450 
 1606.0000    28.4500 
 1608.0000    28.5400 
 1610.0000    28.6000 
 1612.0000    28.6400 
 1614.0000    28.7300 
 1616.0000    28.8100 
 1618.0000    28.9100 
 1620.0000    29.0000 
 1622.0000    29.0450 
 1624.0000    29.1200 
 1626.0000    29.2000 
 1628.0000    29.3100 
 1630.0000    29.4200 
 1632.0000    29.4950 
 1634.0000    29.5600 
 1636.0000    29.6000 
 1638.0000    29.6500 
 1640.0000    29.7400 
 1642.0000    29.8500 
 1644.0000    29.9400 
 1646.0000    30.0100 
 1648.0000    30.0600 
 1650.0000    30.1000 
 1652.0000    30.1800 
 1654.0000    30.2800 
 1656.0000    30.3700 
 1658.0000    30.4600 
 1660.0000    30.5300 
 1662.0000    30.6000 
 1664.0000    30.6700 
 1666.0000    30.7500 
 1668.0000    30.8050 
 1670.0000    30.8500 
 1672.0000    30.9100 
 1674.0000    30.9850 
 1676.0000    31.0900 
 1678.0000    31.1600 
 1680.0000    31.2100 
 1682.0000    31.2900 
 1684.0000    31.3800 
 1686.0000    31.4800 
 1688.0000    31.5700 
 1690.0000    31.6300 
 1692.0000    31.6900 
 1694.0000    31.7750 
 1696.0000    31.8500 
 1698.0000    31.9100 
 1700.0000    31.9800 
 1702.0000    32.0450 
 1704.0000    32.1500 
 1706.0000    32.2400 
 1708.0000    32.3300 
 1710.0000    32.4200 
 1712.0000    32.4700 
 1714.0000    32.5300 
 1716.0000    32.5800 
 1718.0000    32.6550 
 1720.0000    32.7700 
 1722.0000    32.8350 
 1724.0000    32.8900 
 1726.0000    32.9500 
 1728.0000    33.0150 
 1730.0000    33.1400 
 1732.0000    33.2300 
 1734.0000    33.3000 
 1736.0000    33.3500 
 1738.0000    33.4400 
 1740.0000    33.5600 
 1742.0000    33.6800 
 1744.0000    33.7500 
 1746.0000    33.8050 
 1748.0000    33.8600 
 1750.0000    33.9600 
 1752.0000    34.0600 
 1754.0000    34.1650 
 1756.0000    34.2700 
 1758.0000    34.3600 
 1760.0000    34.4300 
 1762.0000    34.5000 
 1764.0000    34.5900 
 1766.0000    34.7000 
 1768.0000    34.7900 
 1770.0000    34.8600 
 1772.0000    34.9400 
 1774.0000    35.0200 
 1776.0000    35.1300 
 1778.0000    35.2400 
 1780.0000    35.3200 
 1782.0000    35.3850 
 1784.0000    35.4500 
 1786.0000    35.5400 
 1788.0000    35.6200 
 1790.0000    35.7000 
 1792.0000    35.7800 
 1794.0000    35.8800 
 1796.0000    35.9900 
 1798.0000    36.0600 
 1800.0000    36.1100 
 1802.0000    36.1900 
 1804.0000    36.2600 
 1806.0000    36.3400 
 1808.0000    36.4100 
 1810.0000    36.5100 
 1812.0000    36.6250 
 1814.0000    36.7400 
 1816.0000    36.8000 
 1818.0000    36.8700 
 1820.0000    36.9400 
 1822.0000    37.0000 
 1824.0000    37.0700 
 1826.0000    37.1400 
 1828.0000    37.2000 
 1830.0000    37.2800 
 1832.0000    37.3700 
 1834.0000    37.4600 
 1836.0000    37.5400 
 1838.0000    37.6300 
 1840.0000    37.7000 
 1842.0000    37.7700 
 1844.0000    37.8400 
 1846.0000    37.8600 
 1848.0000    37.9300 
 1850.0000    37.9900 
 1852.0000    38.0700 
 1854.0000    38.1400 
 1856.0000    38.1800 
 1858.0000    38.2400 
 1860.0000    38.2950 
 1862.0000    38.3600 
 1864.0000    38.4000 
 1866.0000    38.4300 
 1868.0000    38.4300 
 1870.0000    38.4300 
 1872.0000    38.3700 
 1874.0000    38.3400 
 1876.0000    38.2950 
 1878.0000    38.2800 
 1880.0000    38.2500 
 1882.0000    38.2050 
 1884.0000    38.1400 
 1886.0000    38.0200 
 1888.0000    37.8600 
 1890.0000    37.6850 
 1892.0000    37.4900 
 1894.0000    37.2800 
 1896.0000    37.0700 
 1898.0000    36.8400 
 1900.0000    36.6400 
 1902.0000    36.4600 
 1904.0000    36.3200 
 1906.0000    36.2500 
 1908.0000    36.2100 
 1910.0000    36.2300 
 1912.0000    36.3000 
 1914.0000    36.4200 
 1916.0000    36.5900 
 1918.0000    36.7150 
 1920.0000    36.8050 
 1922.0000    36.9400 
 1924.0000    37.0550 
 1926.0000    37.2300 
 1928.0000    37.3400 
 1930.0000    37.4400 
 1932.0000    37.5800 
 1934.0000    37.7100 
 1936.0000    37.8200 
 1938.0000    37.9200 
 1940.0000    38.0200 
 1942.0000    38.1300 
 1944.0000    38.2400 
 1946.0000    38.3400 
 1948.0000    38.4400 
 1950.0000    38.5000 
 1952.0000    38.5500 
 1954.0000    38.6400 
 1956.0000    38.7100 
 1958.0000    38.7900 
 1960.0000    38.8600 
 1962.0000    38.9600 
 1964.0000    39.0600 
 1966.0000    39.1100 
 1968.0000    39.1700 
 1970.0000    39.2800 
 1972.0000    39.4100 
 1974.0000    39.5300 
 1976.0000    39.6500 
 1978.0000    39.7500 
 1980.0000    39.8400 
 1982.0000    39.9000 
 1984.0000    40.0000 
 1986.0000    40.1100 
 1988.0000    40.2500 
 1990.0000    40.3500 
 1992.0000    40.4300 
 1994.0000    40.5200 
 1996.0000    40.6300 
 1998.0000    40.7700 
 2000.0000    40.8700 
 2002.0000    40.9700 
 2004.0000    41.0800 
 2006.0000    41.2000 
 2008.0000    41.2900 
 2010.0000    41.3900 
 2012.0000    41.4700 
 2014.0000    41.5500 
 2016.0000    41.6700 
 2018.0000    41.7300 
 2020.0000    41.8500 
 2022.0000    41.9500 
 2024.0000    42.0700 
 2026.0000    42.1700 
 2028.0000    42.2500 
 2030.0000    42.3100 
 2032.0000    42.3900 
 2034.0000    42.4900 
 2036.0000    42.5900 
 2038.0000    42.7000 
 2040.0000    42.7900 
 2042.0000    42.8300 
 2044.0000    42.8800 
 2046.0000    42.9500 
 2048.0000    43.0300 
 2050.0000    43.1600 
 2052.0000    43.2500 
 2054.0000    43.3200 
 2056.0000    43.3800 
 2058.0000    43.4500 
 2060.0000    43.5000 
 2062.0000    43.5500 
 2064.0000    43.6100 
 2066.0000    43.6800 
 2068.0000    43.7700 
 2070.0000    43.8000 
 2072.0000    43.8300 
 2074.0000    43.8900 
 2076.0000    43.9300 
 2078.0000    44.0100 
 2080.0000    44.0400 
 2082.0000    44.0900 
 2084.0000    44.1600 
 2086.0000    44.2000 
 2088.0000    44.2300 
 2090.0000    44.2300 
 2092.0000    44.2700 
 2094.0000    44.3700 
 2096.0000    44.4600 
 2098.0000    44.5200 
 2100.0000    44.5300 
 2102.0000    44.5300 
 2104.0000    44.5200 
 2106.0000    44.5500 
 2108.0000    44.6200 
 2110.0000    44.6600 
 2112.0000    44.7000 
 2114.0000    44.7200 
 2116.0000    44.7600 
 2118.0000    44.8000 
 2120.0000    44.8300 
 2122.0000    44.8500 
 2124.0000    44.8900 
 2126.0000    44.8700 
 2128.0000    44.8600 
 2130.0000    44.8800 
 2132.0000    44.9100 
 2134.0000    44.9700 
 2136.0000    44.9800 
 2138.0000    44.9700 
 2140.0000    44.9700 
 2142.0000    44.9700 
 2144.0000    45.0100 
 2146.0000    45.0300 
 2148.0000    45.0300 
 2150.0000    44.9900 
 2152.0000    45.0100 
 2154.0000    45.0400 
 2156.0000    45.0400 
 2158.0000    45.0400 
 2160.0000    45.0100 
 2162.0000    45.0600 
 2164.0000    45.0800 
 2166.0000    45.0900 
 2168.0000    45.0800 
 2170.0000    45.0600 
 2172.0000    45.0500 
 2174.0000    45.0200 
 2176.0000    45.0000 
 2178.0000    44.9700 
 2180.0000    44.9400 
 2182.0000    44.9000 
 2184.0000    44.8500 
 2186.0000    44.8600 
 2188.0000    44.8400 
 2190.0000    44.7800 
 2192.0000    44.6900 
 2194.0000    44.6300 
 2196.0000    44.6100 
 2198.0000    44.5600 
 2200.0000    44.5000 
 2202.0000    44.4400 
 2204.0000    44.3200 
 2206.0000    44.2300 
 2208.0000    44.2200 
 2210.0000    44.2700 
 2212.0000    44.2500 
 2214.0000    44.1600 
 2216.0000    44.1000 
 2218.0000    44.0800 
 2220.0000    44.0300 
 2222.0000    43.9600 
 2224.0000    43.9000 
 2226.0000    43.8700 
 2228.0000    43.7900 
 2230.0000    43.6300 
 2232.0000    43.5300 
 2234.0000    43.4500 
 2236.0000    43.3900 
 2238.0000    43.2800 
 2240.0000    43.1300 
 2242.0000    43.0200 
 2244.0000    42.9000 
 2246.0000    42.8100 
 2248.0000    42.7100 
 2250.0000    42.6200 
 2252.0000    42.6200 
 2254.0000    42.5800 
 2256.0000    42.5300 
 2258.0000    42.5100 
 2260.0000    42.5500 
 2262.0000    42.6200 
 2264.0000    42.6900 
 2266.0000    42.7000 
 2268.0000    42.7200 
 2270.0000    42.7200 
 2272.0000    42.7400 
 2274.0000    42.7100 
 2276.0000    42.6600 
 2278.0000    42.5800 
 2280.0000    42.4000 
 2282.0000    42.1200 
 2284.0000    41.7500 
 2286.0000    41.3700 
 2288.0000    41.0000 
 2290.0000    40.6500 
 2292.0000    40.3200 
 2294.0000    40.0550 
 2296.0000    39.7600 
 2298.0000    39.4900 
 2300.0000    39.2100 
 2302.0000    39.0400 
 2304.0000    38.9300 
 2306.0000    38.8800 
 2308.0000    38.8800 
 2310.0000    38.9200 
 2312.0000    39.0850 
 2314.0000    39.3300 
 2316.0000    39.5500 
 2318.0000    39.7700 
 2320.0000    39.9800 
 2322.0000    40.2300 
 2324.0000    40.5100 
 2326.0000    40.7300 
 2328.0000    40.9350 
 2330.0000    41.0100 
 2332.0000    41.0800 
 2334.0000    41.1000 
 2336.0000    41.1400 
 2338.0000    41.1100 
 2340.0000    41.0200 
 2342.0000    40.8800 
 2344.0000    40.7800 
 2346.0000    40.7500 
 2348.0000    40.6900 
 2350.0000    40.6300 
 2352.0000    40.4700 
 2354.0000    40.3400 
 2356.0000    40.2000 
 2358.0000    40.1450 
 2360.0000    40.0700 
 2362.0000    39.9200 
 2364.0000    39.7700 
 2366.0000    39.7600 
 2368.0000    39.7850 
 2370.0000    39.8750 
 2372.0000    39.9200 
 2374.0000    40.0000 
 2376.0000    40.0200 
 2378.0000    40.0700 
 2380.0000    40.2700 
 2382.0000    40.4400 
 2384.0000    40.5600 
 2386.0000    40.6600 
 2388.0000    40.8200 
 2390.0000    40.9900 
 2392.0000    41.0500 
 2394.0000    41.1700 
 2396.0000    41.3300 
 2398.0000    41.4700 
 2400.0000    41.5200 
 2402.0000    41.5500 
 2404.0000    41.5700 
 2406.0000    41.5900 
 2408.0000    41.6400 
 2410.0000    41.7600 
 2412.0000    41.7300 
 2414.0000    41.6000 
 2416.0000    41.5300 
 2418.0000    41.5300 
 2420.0000    41.4300 
 2422.0000    41.3300 
 2424.0000    41.3500 
 2426.0000    41.3400 
 2428.0000    41.2600 
 2430.0000    41.1300 
 2432.0000    40.9500 
 2434.0000    40.7700 
 2436.0000    40.6500 
 2438.0000    40.5600 
 2440.0000    40.4500 
 2442.0000    40.3800 
 2444.0000    40.2300 
 2446.0000    40.0700 
 2448.0000    39.9300 
 2450.0000    39.8100 
 2452.0000    39.7100 
 2454.0000    39.6100 
 2456.0000    39.5500 
 2458.0000    39.4300 
 2460.0000    39.3400 
 2462.0000    39.2000 
 2464.0000    39.1400 
 2466.0000    39.0700 
 2468.0000    38.9700 
 2470.0000    38.7700 
 2472.0000    38.5600 
 2474.0000    38.4600 
 2476.0000    38.4700 
 2478.0000    38.4900 
 2480.0000    38.4100 
 2482.0000    38.2800 
 2484.0000    38.1800 
 2486.0000    38.1600 
 2488.0000    38.1600 
 2490.0000    38.1400 
 2492.0000    37.9500 
 2494.0000    37.8000 
 2496.0000    37.7300 
 2498.0000    37.7600 
 2500.0000    37.8000 
