 1300.0000    81.8300 
 1302.0000    81.8700 
 1304.0000    81.5900 
 1306.0000    81.2900 
 1308.0000    81.2300 
 1310.0000    81.2200 
 1312.0000    81.1600 
 1314.0000    81.1600 
 1316.0000    81.1400 
 1318.0000    81.0100 
 1320.0000    80.8200 
 1322.0000    80.7100 
 1324.0000    80.4600 
 1326.0000    80.2700 
 1328.0000    80.1800 
 1330.0000    80.0500 
 1332.0000    80.0000 
 1334.0000    79.9100 
 1336.0000    79.7550 
 1338.0000    79.4700 
 1340.0000    79.2800 
 1342.0000    79.0600 
 1344.0000    78.7850 
 1346.0000    78.5100 
 1348.0000    78.0700 
 1350.0000    77.5600 
 1352.0000    77.0600 
 1354.0000    76.5000 
 1356.0000    76.0300 
 1358.0000    75.6800 
 1360.0000    75.3500 
 1362.0000    75.0600 
 1364.0000    74.7200 
 1366.0000    74.3200 
 1368.0000    73.8600 
 1370.0000    73.2550 
 1372.0000    72.4500 
 1374.0000    71.4600 
 1376.0000    70.3100 
 1378.0000    69.0300 
 1380.0000    67.7600 
 1382.0000    66.5100 
 1384.0000    65.3800 
 1386.0000    64.4800 
 1388.0000    63.8000 
 1390.0000    63.3400 
 1392.0000    63.1700 
 1394.0000    63.2100 
 1396.0000    63.3700 
 1398.0000    63.6000 
 1400.0000    63.8000 
 1402.0000    63.8800 
 1404.0000    63.7200 
 1406.0000    63.2100 
 1408.0000    62.3800 
 1410.0000    61.4100 
 1412.0000    60.6700 
 1414.0000    60.5750 
 1416.0000    61.3300 
 1418.0000    62.7600 
 1420.0000    64.5500 
 1422.0000    66.3000 
 1424.0000    67.7700 
 1426.0000    68.9700 
 1428.0000    69.9000 
 1430.0000    70.5600 
 1432.0000    71.1000 
 1434.0000    71.5600 
 1436.0000    71.9900 
 1438.0000    72.3700 
 1440.0000    72.7150 
 1442.0000    73.0200 
 1444.0000    73.3000 
 1446.0000    73.5800 
 1448.0000    73.8000 
 1450.0000    74.0000 
 1452.0000    74.1900 
 1454.0000    74.4000 
 1456.0000    74.5850 
 1458.0000    74.7300 
 1460.0000    74.8350 
 1462.0000    74.9400 
 1464.0000    75.0700 
 1466.0000    75.1700 
 1468.0000    75.3000 
 1470.0000    75.4000 
 1472.0000    75.5300 
 1474.0000    75.6600 
 1476.0000    75.8500 
 1478.0000    76.0500 
 1480.0000    76.3200 
 1482.0000    76.5700 
 1484.0000    76.7750 
 1486.0000    76.9200 
 1488.0000    77.0800 
 1490.0000    77.2200 
 1492.0000    77.3500 
 1494.0000    77.4900 
 1496.0000    77.6300 
 1498.0000    77.8100 
 1500.0000    77.9800 
 1502.0000    78.1050 
 1504.0000    78.1900 
 1506.0000    78.3200 
 1508.0000    78.4600 
 1510.0000    78.6500 
 1512.0000    78.7600 
 1514.0000    78.8500 
 1516.0000    78.8900 
 1518.0000    78.9800 
 1520.0000    79.0600 
 1522.0000    79.1700 
 1524.0000    79.2800 
 1526.0000    79.3800 
 1528.0000    79.4700 
 1530.0000    79.5700 
 1532.0000    79.6600 
 1534.0000    79.7500 
 1536.0000    79.8600 
 1538.0000    79.9350 
 1540.0000    80.0200 
 1542.0000    80.0900 
 1544.0000    80.1600 
 1546.0000    80.1900 
 1548.0000    80.2400 
 1550.0000    80.3200 
 1552.0000    80.4000 
 1554.0000    80.4700 
 1556.0000    80.5200 
 1558.0000    80.5700 
 1560.0000    80.6700 
 1562.0000    80.7600 
 1564.0000    80.8200 
 1566.0000    80.8350 
 1568.0000    80.8800 
 1570.0000    80.9300 
 1572.0000    81.0100 
 1574.0000    81.0800 
 1576.0000    81.1400 
 1578.0000    81.1700 
 1580.0000    81.1900 
 1582.0000    81.2200 
 1584.0000    81.2600 
 1586.0000    81.3000 
 1588.0000    81.3500 
 1590.0000    81.3900 
 1592.0000    81.4450 
 1594.0000    81.4800 
 1596.0000    81.5100 
 1598.0000    81.5150 
 1600.0000    81.5800 
 1602.0000    81.6100 
 1604.0000    81.6200 
 1606.0000    81.6400 
 1608.0000    81.6900 
 1610.0000    81.7500 
 1612.0000    81.7800 
 1614.0000    81.7700 
 1616.0000    81.7500 
 1618.0000    81.7700 
 1620.0000    81.8200 
 1622.0000    81.8900 
 1624.0000    81.9200 
 1626.0000    81.9200 
 1628.0000    81.9300 
 1630.0000    81.9400 
 1632.0000    81.9700 
 1634.0000    81.9900 
 1636.0000    81.9900 
 1638.0000    82.0000 
 1640.0000    82.0100 
 1642.0000    82.0200 
 1644.0000    82.0300 
 1646.0000    82.0600 
 1648.0000    82.0800 
 1650.0000    82.0500 
 1652.0000    82.0400 
 1654.0000    82.0300 
 1656.0000    82.0600 
 1658.0000    82.0800 
 1660.0000    82.0500 
 1662.0000    82.0100 
 1664.0000    82.0100 
 1666.0000    82.0000 
 1668.0000    82.0000 
 1670.0000    82.0100 
 1672.0000    82.0000 
 1674.0000    82.0100 
 1676.0000    81.9800 
 1678.0000    81.9500 
 1680.0000    81.9100 
 1682.0000    81.8600 
 1684.0000    81.8100 
 1686.0000    81.7600 
 1688.0000    81.7400 
 1690.0000    81.7500 
 1692.0000    81.7500 
 1694.0000    81.7300 
 1696.0000    81.6800 
 1698.0000    81.6800 
 1700.0000    81.6500 
 1702.0000    81.6250 
 1704.0000    81.5900 
 1706.0000    81.5000 
 1708.0000    81.4800 
 1710.0000    81.4450 
 1712.0000    81.4400 
 1714.0000    81.4100 
 1716.0000    81.3800 
 1718.0000    81.3100 
 1720.0000    81.2500 
 1722.0000    81.2000 
 1724.0000    81.1400 
 1726.0000    81.0800 
 1728.0000    81.0200 
 1730.0000    80.9600 
 1732.0000    80.9050 
 1734.0000    80.8200 
 1736.0000    80.6800 
 1738.0000    80.5700 
 1740.0000    80.5000 
 1742.0000    80.4500 
 1744.0000    80.4200 
 1746.0000    80.3500 
 1748.0000    80.2500 
 1750.0000    80.1300 
 1752.0000    80.0200 
 1754.0000    79.9100 
 1756.0000    79.8100 
 1758.0000    79.7000 
 1760.0000    79.5700 
 1762.0000    79.4500 
 1764.0000    79.3600 
 1766.0000    79.2500 
 1768.0000    79.1700 
 1770.0000    79.0200 
 1772.0000    78.8900 
 1774.0000    78.8000 
 1776.0000    78.6900 
 1778.0000    78.5600 
 1780.0000    78.3900 
 1782.0000    78.2500 
 1784.0000    78.1700 
 1786.0000    78.0700 
 1788.0000    77.9250 
 1790.0000    77.7700 
 1792.0000    77.6700 
 1794.0000    77.6400 
 1796.0000    77.5800 
 1798.0000    77.5300 
 1800.0000    77.4200 
 1802.0000    77.3400 
 1804.0000    77.3000 
 1806.0000    77.2600 
 1808.0000    77.2200 
 1810.0000    77.2000 
 1812.0000    77.1350 
 1814.0000    77.0900 
 1816.0000    77.0500 
 1818.0000    76.9800 
 1820.0000    76.9300 
 1822.0000    76.8700 
 1824.0000    76.8300 
 1826.0000    76.8700 
 1828.0000    76.9000 
 1830.0000    76.9200 
 1832.0000    76.8600 
 1834.0000    76.7700 
 1836.0000    76.7000 
 1838.0000    76.5800 
 1840.0000    76.4300 
 1842.0000    76.2900 
 1844.0000    76.2000 
 1846.0000    76.2300 
 1848.0000    76.2000 
 1850.0000    76.1900 
 1852.0000    76.1650 
 1854.0000    76.1300 
 1856.0000    76.1000 
 1858.0000    75.9800 
 1860.0000    75.8300 
 1862.0000    75.5100 
 1864.0000    75.1500 
 1866.0000    74.8350 
 1868.0000    74.4500 
 1870.0000    73.9700 
 1872.0000    73.2900 
 1874.0000    72.5000 
 1876.0000    71.7450 
 1878.0000    71.0200 
 1880.0000    70.2700 
 1882.0000    69.5500 
 1884.0000    68.8000 
 1886.0000    68.0000 
 1888.0000    67.1800 
 1890.0000    66.2700 
 1892.0000    65.3100 
 1894.0000    64.2900 
 1896.0000    63.2100 
 1898.0000    62.0850 
 1900.0000    60.9800 
 1902.0000    59.8200 
 1904.0000    58.7200 
 1906.0000    57.7700 
 1908.0000    57.0300 
 1910.0000    56.4700 
 1912.0000    56.0700 
 1914.0000    55.8500 
 1916.0000    55.8300 
 1918.0000    55.9900 
 1920.0000    56.2500 
 1922.0000    56.5600 
 1924.0000    56.9300 
 1926.0000    57.3500 
 1928.0000    57.7500 
 1930.0000    58.0950 
 1932.0000    58.3500 
 1934.0000    58.6100 
 1936.0000    58.8800 
 1938.0000    59.1600 
 1940.0000    59.3500 
 1942.0000    59.4800 
 1944.0000    59.5900 
 1946.0000    59.7400 
 1948.0000    59.9400 
 1950.0000    60.0800 
 1952.0000    60.2150 
 1954.0000    60.3400 
 1956.0000    60.5000 
 1958.0000    60.6500 
 1960.0000    60.7200 
 1962.0000    60.8000 
 1964.0000    60.9000 
 1966.0000    61.0900 
 1968.0000    61.2800 
 1970.0000    61.4100 
 1972.0000    61.5450 
 1974.0000    61.7200 
 1976.0000    61.8800 
 1978.0000    62.0700 
 1980.0000    62.2300 
 1982.0000    62.3800 
 1984.0000    62.5850 
 1986.0000    62.7600 
 1988.0000    62.9400 
 1990.0000    63.1100 
 1992.0000    63.2900 
 1994.0000    63.4700 
 1996.0000    63.6900 
 1998.0000    63.8100 
 2000.0000    63.9600 
 2002.0000    64.1600 
 2004.0000    64.3600 
 2006.0000    64.6350 
 2008.0000    64.7800 
 2010.0000    64.9000 
 2012.0000    65.0300 
 2014.0000    65.2300 
 2016.0000    65.4400 
 2018.0000    65.5700 
 2020.0000    65.6700 
 2022.0000    65.8200 
 2024.0000    66.0000 
 2026.0000    66.1600 
 2028.0000    66.2600 
 2030.0000    66.3200 
 2032.0000    66.3600 
 2034.0000    66.5000 
 2036.0000    66.6200 
 2038.0000    66.6600 
 2040.0000    66.6800 
 2042.0000    66.6600 
 2044.0000    66.7800 
 2046.0000    66.8400 
 2048.0000    66.8100 
 2050.0000    66.8000 
 2052.0000    66.7500 
 2054.0000    66.7800 
 2056.0000    66.8000 
 2058.0000    66.8000 
 2060.0000    66.7500 
 2062.0000    66.6600 
 2064.0000    66.5750 
 2066.0000    66.5000 
 2068.0000    66.4650 
 2070.0000    66.4200 
 2072.0000    66.3700 
 2074.0000    66.2700 
 2076.0000    66.1700 
 2078.0000    66.0900 
 2080.0000    65.9800 
 2082.0000    65.8200 
 2084.0000    65.6600 
 2086.0000    65.5800 
 2088.0000    65.5100 
 2090.0000    65.4200 
 2092.0000    65.2900 
 2094.0000    65.2200 
 2096.0000    65.1500 
 2098.0000    65.0400 
 2100.0000    64.8800 
 2102.0000    64.6500 
 2104.0000    64.4500 
 2106.0000    64.2200 
 2108.0000    63.9800 
 2110.0000    63.7200 
 2112.0000    63.4600 
 2114.0000    63.3050 
 2116.0000    63.1900 
 2118.0000    63.1100 
 2120.0000    62.9800 
 2122.0000    62.8300 
 2124.0000    62.6900 
 2126.0000    62.5100 
 2128.0000    62.3000 
 2130.0000    62.0500 
 2132.0000    61.7100 
 2134.0000    61.3900 
 2136.0000    60.9800 
 2138.0000    60.5400 
 2140.0000    59.9600 
 2142.0000    59.2600 
 2144.0000    58.5000 
 2146.0000    57.6500 
 2148.0000    56.7200 
 2150.0000    55.7600 
 2152.0000    54.8300 
 2154.0000    54.0500 
 2156.0000    53.2900 
 2158.0000    52.5650 
 2160.0000    51.9700 
 2162.0000    51.5700 
 2164.0000    51.3400 
 2166.0000    51.1300 
 2168.0000    50.9500 
 2170.0000    50.9100 
 2172.0000    50.9800 
 2174.0000    51.0900 
 2176.0000    51.1300 
 2178.0000    51.0300 
 2180.0000    50.9400 
 2182.0000    50.7800 
 2184.0000    50.5300 
 2186.0000    50.1800 
 2188.0000    49.7200 
 2190.0000    49.1900 
 2192.0000    48.5200 
 2194.0000    47.8300 
 2196.0000    47.1100 
 2198.0000    46.3500 
 2200.0000    45.4000 
 2202.0000    44.2700 
 2204.0000    42.9800 
 2206.0000    41.7800 
 2208.0000    41.0400 
 2210.0000    41.0600 
 2212.0000    41.8900 
 2214.0000    43.4200 
 2216.0000    45.3900 
 2218.0000    47.5000 
 2220.0000    49.3300 
 2222.0000    50.8200 
 2224.0000    51.8400 
 2226.0000    52.5800 
 2228.0000    53.1900 
 2230.0000    53.6600 
 2232.0000    53.8950 
 2234.0000    54.0000 
 2236.0000    54.0600 
 2238.0000    54.1200 
 2240.0000    54.1800 
 2242.0000    54.2400 
 2244.0000    54.4300 
 2246.0000    54.6700 
 2248.0000    54.8100 
 2250.0000    54.9000 
 2252.0000    55.0100 
 2254.0000    55.1000 
 2256.0000    55.1600 
 2258.0000    55.1800 
 2260.0000    55.1150 
 2262.0000    55.0900 
 2264.0000    55.0500 
 2266.0000    55.0100 
 2268.0000    54.9800 
 2270.0000    54.8650 
 2272.0000    54.7300 
 2274.0000    54.5400 
 2276.0000    54.3500 
 2278.0000    54.2700 
 2280.0000    54.0600 
 2282.0000    53.8700 
 2284.0000    53.6300 
 2286.0000    53.4400 
 2288.0000    53.2900 
 2290.0000    53.1050 
 2292.0000    52.8800 
 2294.0000    52.6500 
 2296.0000    52.4000 
 2298.0000    52.0900 
 2300.0000    51.7600 
 2302.0000    51.5200 
 2304.0000    51.2800 
 2306.0000    50.9100 
 2308.0000    50.4900 
 2310.0000    50.1950 
 2312.0000    50.0600 
 2314.0000    49.8800 
 2316.0000    49.7600 
 2318.0000    49.6400 
 2320.0000    49.5200 
 2322.0000    49.3900 
 2324.0000    49.2700 
 2326.0000    49.1700 
 2328.0000    49.1100 
 2330.0000    49.0500 
 2332.0000    49.0300 
 2334.0000    48.9700 
 2336.0000    48.8500 
 2338.0000    48.7500 
 2340.0000    48.5600 
 2342.0000    48.3100 
 2344.0000    48.1000 
 2346.0000    47.7900 
 2348.0000    47.5000 
 2350.0000    47.2300 
 2352.0000    47.0200 
 2354.0000    46.8400 
 2356.0000    46.6100 
 2358.0000    46.4800 
 2360.0000    46.4700 
 2362.0000    46.5500 
 2364.0000    46.5200 
 2366.0000    46.4300 
 2368.0000    46.2400 
 2370.0000    46.0300 
 2372.0000    45.7600 
 2374.0000    45.4200 
 2376.0000    45.0700 
 2378.0000    44.7500 
 2380.0000    44.4400 
 2382.0000    44.1900 
 2384.0000    44.0300 
 2386.0000    43.9900 
 2388.0000    44.0000 
 2390.0000    44.0100 
 2392.0000    44.1300 
 2394.0000    44.2100 
 2396.0000    44.2200 
 2398.0000    44.2600 
 2400.0000    44.3100 
 2402.0000    44.3900 
 2404.0000    44.3900 
 2406.0000    44.3600 
 2408.0000    44.2800 
 2410.0000    44.1900 
 2412.0000    44.1400 
 2414.0000    43.9600 
 2416.0000    43.8000 
 2418.0000    43.5700 
 2420.0000    43.3700 
 2422.0000    43.2200 
 2424.0000    42.9600 
 2426.0000    42.6200 
 2428.0000    42.4000 
 2430.0000    42.1900 
 2432.0000    41.9600 
 2434.0000    41.6500 
 2436.0000    41.4000 
 2438.0000    41.2200 
 2440.0000    40.9500 
 2442.0000    40.7100 
 2444.0000    40.5300 
 2446.0000    40.3900 
 2448.0000    40.2500 
 2450.0000    40.1200 
 2452.0000    40.0200 
 2454.0000    39.9400 
 2456.0000    39.7800 
 2458.0000    39.6600 
 2460.0000    39.5000 
 2462.0000    39.3900 
 2464.0000    39.2200 
 2466.0000    39.1300 
 2468.0000    39.0200 
 2470.0000    38.8600 
 2472.0000    38.6400 
 2474.0000    38.4750 
 2476.0000    38.3400 
 2478.0000    38.2400 
 2480.0000    38.0200 
 2482.0000    37.7400 
 2484.0000    37.4700 
 2486.0000    37.3200 
 2488.0000    37.2100 
 2490.0000    37.0900 
 2492.0000    36.9300 
 2494.0000    36.8600 
 2496.0000    36.7700 
 2498.0000    36.6900 
 2500.0000    36.5200 
