 1300.0000    70.9000 
 1302.0000    70.6400 
 1304.0000    70.5200 
 1306.0000    70.3600 
 1308.0000    70.0000 
 1310.0000    69.7500 
 1312.0000    69.5900 
 1314.0000    69.4500 
 1316.0000    69.4100 
 1318.0000    69.2200 
 1320.0000    68.9200 
 1322.0000    68.5400 
 1324.0000    68.1200 
 1326.0000    67.8400 
 1328.0000    67.6300 
 1330.0000    67.3300 
 1332.0000    66.9700 
 1334.0000    66.4800 
 1336.0000    66.0300 
 1338.0000    65.6900 
 1340.0000    65.3400 
 1342.0000    64.9900 
 1344.0000    64.5600 
 1346.0000    64.1200 
 1348.0000    63.6600 
 1350.0000    63.2500 
 1352.0000    62.7900 
 1354.0000    62.3200 
 1356.0000    61.8100 
 1358.0000    61.3100 
 1360.0000    60.8250 
 1362.0000    60.3500 
 1364.0000    59.8700 
 1366.0000    59.3700 
 1368.0000    58.8600 
 1370.0000    58.3300 
 1372.0000    57.7500 
 1374.0000    57.0900 
 1376.0000    56.3500 
 1378.0000    55.5100 
 1380.0000    54.5900 
 1382.0000    53.5900 
 1384.0000    52.5300 
 1386.0000    51.4000 
 1388.0000    50.1900 
 1390.0000    48.9000 
 1392.0000    47.5700 
 1394.0000    46.1800 
 1396.0000    44.8100 
 1398.0000    43.4600 
 1400.0000    42.1600 
 1402.0000    40.8700 
 1404.0000    39.6300 
 1406.0000    38.4500 
 1408.0000    37.3700 
 1410.0000    36.4100 
 1412.0000    35.5650 
 1414.0000    34.8500 
 1416.0000    34.2500 
 1418.0000    33.8050 
 1420.0000    33.5500 
 1422.0000    33.4700 
 1424.0000    33.5350 
 1426.0000    33.7800 
 1428.0000    34.1400 
 1430.0000    34.6400 
 1432.0000    35.2200 
 1434.0000    35.8600 
 1436.0000    36.5350 
 1438.0000    37.2800 
 1440.0000    38.0400 
 1442.0000    38.8600 
 1444.0000    39.6400 
 1446.0000    40.3900 
 1448.0000    41.1200 
 1450.0000    41.7900 
 1452.0000    42.4300 
 1454.0000    43.0100 
 1456.0000    43.5300 
 1458.0000    44.0200 
 1460.0000    44.4500 
 1462.0000    44.8300 
 1464.0000    45.1100 
 1466.0000    45.3300 
 1468.0000    45.4500 
 1470.0000    45.5700 
 1472.0000    45.7400 
 1474.0000    45.9900 
 1476.0000    46.3500 
 1478.0000    46.8400 
 1480.0000    47.3900 
 1482.0000    48.0400 
 1484.0000    48.7400 
 1486.0000    49.4600 
 1488.0000    50.1900 
 1490.0000    50.8900 
 1492.0000    51.5700 
 1494.0000    52.2300 
 1496.0000    52.8700 
 1498.0000    53.4500 
 1500.0000    53.9800 
 1502.0000    54.4800 
 1504.0000    55.0100 
 1506.0000    55.5200 
 1508.0000    56.0100 
 1510.0000    56.4700 
 1512.0000    56.9100 
 1514.0000    57.3400 
 1516.0000    57.7600 
 1518.0000    58.1600 
 1520.0000    58.5500 
 1522.0000    58.9300 
 1524.0000    59.3100 
 1526.0000    59.6500 
 1528.0000    59.9800 
 1530.0000    60.2900 
 1532.0000    60.6100 
 1534.0000    60.9350 
 1536.0000    61.2700 
 1538.0000    61.5800 
 1540.0000    61.8600 
 1542.0000    62.1200 
 1544.0000    62.4000 
 1546.0000    62.6900 
 1548.0000    62.9700 
 1550.0000    63.2500 
 1552.0000    63.4700 
 1554.0000    63.6800 
 1556.0000    63.8800 
 1558.0000    64.0900 
 1560.0000    64.3100 
 1562.0000    64.5200 
 1564.0000    64.7300 
 1566.0000    64.9300 
 1568.0000    65.1300 
 1570.0000    65.3000 
 1572.0000    65.4600 
 1574.0000    65.6500 
 1576.0000    65.8400 
 1578.0000    66.0100 
 1580.0000    66.1500 
 1582.0000    66.3000 
 1584.0000    66.4600 
 1586.0000    66.6450 
 1588.0000    66.8000 
 1590.0000    66.9100 
 1592.0000    67.0200 
 1594.0000    67.1200 
 1596.0000    67.2500 
 1598.0000    67.3800 
 1600.0000    67.4800 
 1602.0000    67.6100 
 1604.0000    67.7200 
 1606.0000    67.8400 
 1608.0000    67.9600 
 1610.0000    68.0450 
 1612.0000    68.1200 
 1614.0000    68.2250 
 1616.0000    68.3200 
 1618.0000    68.4000 
 1620.0000    68.5000 
 1622.0000    68.5500 
 1624.0000    68.5850 
 1626.0000    68.6500 
 1628.0000    68.6900 
 1630.0000    68.8200 
 1632.0000    68.9300 
 1634.0000    69.0100 
 1636.0000    69.0900 
 1638.0000    69.1500 
 1640.0000    69.2200 
 1642.0000    69.2700 
 1644.0000    69.3000 
 1646.0000    69.3200 
 1648.0000    69.3700 
 1650.0000    69.3500 
 1652.0000    69.3500 
 1654.0000    69.3500 
 1656.0000    69.3900 
 1658.0000    69.4400 
 1660.0000    69.4800 
 1662.0000    69.5200 
 1664.0000    69.5500 
 1666.0000    69.5500 
 1668.0000    69.5300 
 1670.0000    69.4600 
 1672.0000    69.4200 
 1674.0000    69.3750 
 1676.0000    69.3500 
 1678.0000    69.3900 
 1680.0000    69.4300 
 1682.0000    69.4400 
 1684.0000    69.4300 
 1686.0000    69.3700 
 1688.0000    69.3200 
 1690.0000    69.2900 
 1692.0000    69.3100 
 1694.0000    69.2900 
 1696.0000    69.2900 
 1698.0000    69.2400 
 1700.0000    69.1800 
 1702.0000    69.1200 
 1704.0000    69.0400 
 1706.0000    68.9100 
 1708.0000    68.8300 
 1710.0000    68.7000 
 1712.0000    68.5500 
 1714.0000    68.3900 
 1716.0000    68.2600 
 1718.0000    68.1400 
 1720.0000    68.0200 
 1722.0000    67.8500 
 1724.0000    67.6800 
 1726.0000    67.5300 
 1728.0000    67.4100 
 1730.0000    67.2300 
 1732.0000    67.0200 
 1734.0000    66.7900 
 1736.0000    66.5600 
 1738.0000    66.2850 
 1740.0000    66.0500 
 1742.0000    65.8200 
 1744.0000    65.5700 
 1746.0000    65.2900 
 1748.0000    64.9900 
 1750.0000    64.7000 
 1752.0000    64.4300 
 1754.0000    64.0900 
 1756.0000    63.7100 
 1758.0000    63.3500 
 1760.0000    63.0000 
 1762.0000    62.6300 
 1764.0000    62.2000 
 1766.0000    61.7400 
 1768.0000    61.2300 
 1770.0000    60.7550 
 1772.0000    60.2400 
 1774.0000    59.7200 
 1776.0000    59.1750 
 1778.0000    58.6200 
 1780.0000    58.0800 
 1782.0000    57.5200 
 1784.0000    56.9500 
 1786.0000    56.3700 
 1788.0000    55.8200 
 1790.0000    55.3100 
 1792.0000    54.8500 
 1794.0000    54.3800 
 1796.0000    53.9300 
 1798.0000    53.5100 
 1800.0000    53.0800 
 1802.0000    52.6800 
 1804.0000    52.2400 
 1806.0000    51.8400 
 1808.0000    51.4600 
 1810.0000    51.0900 
 1812.0000    50.7400 
 1814.0000    50.4450 
 1816.0000    50.1900 
 1818.0000    49.9900 
 1820.0000    49.7500 
 1822.0000    49.5100 
 1824.0000    49.2700 
 1826.0000    49.0900 
 1828.0000    48.9800 
 1830.0000    48.8600 
 1832.0000    48.7600 
 1834.0000    48.6000 
 1836.0000    48.4700 
 1838.0000    48.4100 
 1840.0000    48.3700 
 1842.0000    48.3500 
 1844.0000    48.3400 
 1846.0000    48.3200 
 1848.0000    48.3300 
 1850.0000    48.2700 
 1852.0000    48.1700 
 1854.0000    48.0600 
 1856.0000    47.8900 
 1858.0000    47.6500 
 1860.0000    47.3400 
 1862.0000    46.9500 
 1864.0000    46.5300 
 1866.0000    46.0500 
 1868.0000    45.4500 
 1870.0000    44.7600 
 1872.0000    44.0200 
 1874.0000    43.2200 
 1876.0000    42.4000 
 1878.0000    41.5200 
 1880.0000    40.5200 
 1882.0000    39.4600 
 1884.0000    38.3300 
 1886.0000    37.1450 
 1888.0000    35.9400 
 1890.0000    34.6600 
 1892.0000    33.3700 
 1894.0000    32.0900 
 1896.0000    30.7700 
 1898.0000    29.4200 
 1900.0000    28.0600 
 1902.0000    26.7300 
 1904.0000    25.4900 
 1906.0000    24.3600 
 1908.0000    23.3900 
 1910.0000    22.5900 
 1912.0000    21.9600 
 1914.0000    21.5500 
 1916.0000    21.3700 
 1918.0000    21.4400 
 1920.0000    21.7300 
 1922.0000    22.2200 
 1924.0000    22.8400 
 1926.0000    23.5600 
 1928.0000    24.3700 
 1930.0000    25.3200 
 1932.0000    26.3300 
 1934.0000    27.3200 
 1936.0000    28.2550 
 1938.0000    29.1700 
 1940.0000    30.0300 
 1942.0000    30.8050 
 1944.0000    31.5200 
 1946.0000    32.1600 
 1948.0000    32.7450 
 1950.0000    33.2500 
 1952.0000    33.6400 
 1954.0000    33.9700 
 1956.0000    34.2500 
 1958.0000    34.4500 
 1960.0000    34.5800 
 1962.0000    34.6800 
 1964.0000    34.7900 
 1966.0000    34.8600 
 1968.0000    34.9300 
 1970.0000    34.9800 
 1972.0000    35.0800 
 1974.0000    35.2300 
 1976.0000    35.3800 
 1978.0000    35.6000 
 1980.0000    35.8600 
 1982.0000    36.1900 
 1984.0000    36.5600 
 1986.0000    36.9600 
 1988.0000    37.4150 
 1990.0000    37.9000 
 1992.0000    38.4500 
 1994.0000    39.0100 
 1996.0000    39.6100 
 1998.0000    40.1900 
 2000.0000    40.7200 
 2002.0000    41.2700 
 2004.0000    41.8000 
 2006.0000    42.3300 
 2008.0000    42.8500 
 2010.0000    43.3000 
 2012.0000    43.7500 
 2014.0000    44.1800 
 2016.0000    44.6100 
 2018.0000    45.0300 
 2020.0000    45.3800 
 2022.0000    45.7200 
 2024.0000    46.0400 
 2026.0000    46.3800 
 2028.0000    46.7000 
 2030.0000    46.9800 
 2032.0000    47.2400 
 2034.0000    47.4700 
 2036.0000    47.7400 
 2038.0000    48.0400 
 2040.0000    48.2600 
 2042.0000    48.4400 
 2044.0000    48.5900 
 2046.0000    48.7300 
 2048.0000    48.9000 
 2050.0000    49.0500 
 2052.0000    49.2200 
 2054.0000    49.3700 
 2056.0000    49.5200 
 2058.0000    49.6700 
 2060.0000    49.8000 
 2062.0000    49.8600 
 2064.0000    49.8600 
 2066.0000    49.8900 
 2068.0000    49.9800 
 2070.0000    50.0600 
 2072.0000    50.0850 
 2074.0000    50.0850 
 2076.0000    50.0850 
 2078.0000    50.1200 
 2080.0000    50.0850 
 2082.0000    50.0600 
 2084.0000    50.0600 
 2086.0000    50.0700 
 2088.0000    50.1000 
 2090.0000    50.0600 
 2092.0000    50.0100 
 2094.0000    49.9900 
 2096.0000    49.9400 
 2098.0000    49.8900 
 2100.0000    49.8300 
 2102.0000    49.7300 
 2104.0000    49.6600 
 2106.0000    49.6100 
 2108.0000    49.5100 
 2110.0000    49.4300 
 2112.0000    49.3200 
 2114.0000    49.1900 
 2116.0000    49.0800 
 2118.0000    48.9700 
 2120.0000    48.8600 
 2122.0000    48.7200 
 2124.0000    48.5600 
 2126.0000    48.3700 
 2128.0000    48.1700 
 2130.0000    47.9800 
 2132.0000    47.8600 
 2134.0000    47.7700 
 2136.0000    47.5800 
 2138.0000    47.3700 
 2140.0000    47.1800 
 2142.0000    47.0100 
 2144.0000    46.8100 
 2146.0000    46.6100 
 2148.0000    46.3900 
 2150.0000    46.2000 
 2152.0000    45.9700 
 2154.0000    45.7400 
 2156.0000    45.5300 
 2158.0000    45.3300 
 2160.0000    45.1200 
 2162.0000    44.9700 
 2164.0000    44.7900 
 2166.0000    44.5800 
 2168.0000    44.3400 
 2170.0000    44.1000 
 2172.0000    43.8900 
 2174.0000    43.6500 
 2176.0000    43.3700 
 2178.0000    43.0400 
 2180.0000    42.7200 
 2182.0000    42.4100 
 2184.0000    42.1500 
 2186.0000    41.8900 
 2188.0000    41.6100 
 2190.0000    41.3100 
 2192.0000    41.0000 
 2194.0000    40.7500 
 2196.0000    40.4800 
 2198.0000    40.2300 
 2200.0000    39.9300 
 2202.0000    39.6400 
 2204.0000    39.3900 
 2206.0000    39.1750 
 2208.0000    38.9700 
 2210.0000    38.8200 
 2212.0000    38.6900 
 2214.0000    38.5650 
 2216.0000    38.4500 
 2218.0000    38.2950 
 2220.0000    38.1700 
 2222.0000    38.0900 
 2224.0000    38.1000 
 2226.0000    38.1800 
 2228.0000    38.2700 
 2230.0000    38.3600 
 2232.0000    38.4400 
 2234.0000    38.5100 
 2236.0000    38.6400 
 2238.0000    38.7500 
 2240.0000    38.9500 
 2242.0000    39.1000 
 2244.0000    39.2800 
 2246.0000    39.4600 
 2248.0000    39.5300 
 2250.0000    39.6300 
 2252.0000    39.7400 
 2254.0000    39.8900 
 2256.0000    39.9900 
 2258.0000    40.0800 
 2260.0000    40.1600 
 2262.0000    40.2100 
 2264.0000    40.1900 
 2266.0000    40.1900 
 2268.0000    40.2350 
 2270.0000    40.3000 
 2272.0000    40.3200 
 2274.0000    40.2700 
 2276.0000    40.2200 
 2278.0000    40.1600 
 2280.0000    40.1200 
 2282.0000    40.0800 
 2284.0000    40.0300 
 2286.0000    39.9600 
 2288.0000    39.9000 
 2290.0000    39.8200 
 2292.0000    39.7300 
 2294.0000    39.6400 
 2296.0000    39.5600 
 2298.0000    39.5000 
 2300.0000    39.3800 
 2302.0000    39.2400 
 2304.0000    39.0800 
 2306.0000    38.9200 
 2308.0000    38.6900 
 2310.0000    38.5400 
 2312.0000    38.4600 
 2314.0000    38.2500 
 2316.0000    38.0100 
 2318.0000    37.7800 
 2320.0000    37.5800 
 2322.0000    37.3400 
 2324.0000    37.0550 
 2326.0000    36.8500 
 2328.0000    36.6200 
 2330.0000    36.3100 
 2332.0000    36.0000 
 2334.0000    35.6300 
 2336.0000    35.3400 
 2338.0000    35.0100 
 2340.0000    34.6850 
 2342.0000    34.2900 
 2344.0000    33.8800 
 2346.0000    33.4200 
 2348.0000    33.0100 
 2350.0000    32.6550 
 2352.0000    32.3000 
 2354.0000    31.9000 
 2356.0000    31.4600 
 2358.0000    30.9850 
 2360.0000    30.6000 
 2362.0000    30.2300 
 2364.0000    29.8900 
 2366.0000    29.5200 
 2368.0000    29.1800 
 2370.0000    28.8300 
 2372.0000    28.4700 
 2374.0000    28.1600 
 2376.0000    27.9000 
 2378.0000    27.6700 
 2380.0000    27.3600 
 2382.0000    27.0800 
 2384.0000    26.7900 
 2386.0000    26.6100 
 2388.0000    26.3900 
 2390.0000    26.2100 
 2392.0000    26.0400 
 2394.0000    25.8400 
 2396.0000    25.6600 
 2398.0000    25.5100 
 2400.0000    25.3200 
 2402.0000    25.1200 
 2404.0000    24.9500 
 2406.0000    24.7800 
 2408.0000    24.5900 
 2410.0000    24.4300 
 2412.0000    24.2500 
 2414.0000    24.0600 
 2416.0000    23.9100 
 2418.0000    23.8000 
 2420.0000    23.6200 
 2422.0000    23.4500 
 2424.0000    23.2700 
 2426.0000    23.1200 
 2428.0000    22.9300 
 2430.0000    22.7600 
 2432.0000    22.6300 
 2434.0000    22.4800 
 2436.0000    22.2500 
 2438.0000    22.0800 
 2440.0000    21.9800 
 2442.0000    21.8700 
 2444.0000    21.6600 
 2446.0000    21.4700 
 2448.0000    21.3700 
 2450.0000    21.2800 
 2452.0000    21.0900 
 2454.0000    20.8200 
 2456.0000    20.6900 
 2458.0000    20.5800 
 2460.0000    20.4200 
 2462.0000    20.2600 
 2464.0000    20.0600 
 2466.0000    19.8500 
 2468.0000    19.6700 
 2470.0000    19.5800 
 2472.0000    19.3800 
 2474.0000    19.1800 
 2476.0000    18.9800 
 2478.0000    18.7900 
 2480.0000    18.5600 
 2482.0000    18.3200 
 2484.0000    18.1000 
 2486.0000    17.9500 
 2488.0000    17.7000 
 2490.0000    17.4600 
 2492.0000    17.2400 
 2494.0000    17.0900 
 2496.0000    16.8900 
 2498.0000    16.6800 
 2500.0000    16.5000 
