 1300.0000    58.6350 
 1302.0000    58.9400 
 1304.0000    59.0200 
 1306.0000    59.0900 
 1308.0000    59.2600 
 1310.0000    59.3100 
 1312.0000    59.4200 
 1314.0000    59.7000 
 1316.0000    59.8550 
 1318.0000    60.0900 
 1320.0000    60.3250 
 1322.0000    60.5100 
 1324.0000    60.6100 
 1326.0000    60.6900 
 1328.0000    60.7900 
 1330.0000    60.8600 
 1332.0000    60.9900 
 1334.0000    61.2000 
 1336.0000    61.3800 
 1338.0000    61.5300 
 1340.0000    61.6700 
 1342.0000    61.7500 
 1344.0000    61.8800 
 1346.0000    62.0600 
 1348.0000    62.2400 
 1350.0000    62.4000 
 1352.0000    62.5800 
 1354.0000    62.6700 
 1356.0000    62.8100 
 1358.0000    62.9700 
 1360.0000    63.1200 
 1362.0000    63.2800 
 1364.0000    63.4200 
 1366.0000    63.5550 
 1368.0000    63.7000 
 1370.0000    63.8300 
 1372.0000    63.9300 
 1374.0000    63.9800 
 1376.0000    64.0700 
 1378.0000    64.1700 
 1380.0000    64.3000 
 1382.0000    64.4200 
 1384.0000    64.5200 
 1386.0000    64.5900 
 1388.0000    64.6500 
 1390.0000    64.6700 
 1392.0000    64.7000 
 1394.0000    64.7200 
 1396.0000    64.7500 
 1398.0000    64.7500 
 1400.0000    64.7200 
 1402.0000    64.7050 
 1404.0000    64.7050 
 1406.0000    64.7200 
 1408.0000    64.7600 
 1410.0000    64.7900 
 1412.0000    64.8300 
 1414.0000    64.8600 
 1416.0000    64.8850 
 1418.0000    64.9200 
 1420.0000    64.9300 
 1422.0000    64.9500 
 1424.0000    65.0000 
 1426.0000    65.0800 
 1428.0000    65.1300 
 1430.0000    65.1400 
 1432.0000    65.1500 
 1434.0000    65.1500 
 1436.0000    65.1400 
 1438.0000    65.1800 
 1440.0000    65.1800 
 1442.0000    65.1900 
 1444.0000    65.2000 
 1446.0000    65.1800 
 1448.0000    65.1600 
 1450.0000    65.1400 
 1452.0000    65.0600 
 1454.0000    64.9700 
 1456.0000    64.9000 
 1458.0000    64.8150 
 1460.0000    64.7400 
 1462.0000    64.6000 
 1464.0000    64.4300 
 1466.0000    64.2600 
 1468.0000    64.0600 
 1470.0000    63.9000 
 1472.0000    63.7300 
 1474.0000    63.5700 
 1476.0000    63.4200 
 1478.0000    63.2600 
 1480.0000    63.1250 
 1482.0000    63.0400 
 1484.0000    63.0100 
 1486.0000    63.0100 
 1488.0000    63.0700 
 1490.0000    63.1500 
 1492.0000    63.3050 
 1494.0000    63.4800 
 1496.0000    63.7000 
 1498.0000    63.9150 
 1500.0000    64.1100 
 1502.0000    64.2900 
 1504.0000    64.4400 
 1506.0000    64.6100 
 1508.0000    64.7900 
 1510.0000    64.9300 
 1512.0000    65.0400 
 1514.0000    65.1200 
 1516.0000    65.1800 
 1518.0000    65.2100 
 1520.0000    65.2100 
 1522.0000    65.2100 
 1524.0000    65.2200 
 1526.0000    65.2400 
 1528.0000    65.2800 
 1530.0000    65.3150 
 1532.0000    65.3800 
 1534.0000    65.4100 
 1536.0000    65.4200 
 1538.0000    65.4250 
 1540.0000    65.4600 
 1542.0000    65.5200 
 1544.0000    65.6200 
 1546.0000    65.6750 
 1548.0000    65.7400 
 1550.0000    65.7800 
 1552.0000    65.8400 
 1554.0000    65.9000 
 1556.0000    65.9600 
 1558.0000    66.0100 
 1560.0000    66.0600 
 1562.0000    66.1300 
 1564.0000    66.1700 
 1566.0000    66.1700 
 1568.0000    66.1700 
 1570.0000    66.2000 
 1572.0000    66.2800 
 1574.0000    66.3300 
 1576.0000    66.3700 
 1578.0000    66.4200 
 1580.0000    66.4600 
 1582.0000    66.4900 
 1584.0000    66.4650 
 1586.0000    66.4300 
 1588.0000    66.4400 
 1590.0000    66.5000 
 1592.0000    66.5750 
 1594.0000    66.6100 
 1596.0000    66.6200 
 1598.0000    66.5900 
 1600.0000    66.5600 
 1602.0000    66.5300 
 1604.0000    66.5100 
 1606.0000    66.4900 
 1608.0000    66.4800 
 1610.0000    66.4650 
 1612.0000    66.4500 
 1614.0000    66.4100 
 1616.0000    66.3800 
 1618.0000    66.3400 
 1620.0000    66.3300 
 1622.0000    66.3100 
 1624.0000    66.2800 
 1626.0000    66.2500 
 1628.0000    66.2150 
 1630.0000    66.1700 
 1632.0000    66.1500 
 1634.0000    66.1050 
 1636.0000    66.0800 
 1638.0000    66.0350 
 1640.0000    65.9800 
 1642.0000    65.9300 
 1644.0000    65.9000 
 1646.0000    65.8550 
 1648.0000    65.8300 
 1650.0000    65.7800 
 1652.0000    65.7800 
 1654.0000    65.7700 
 1656.0000    65.7300 
 1658.0000    65.7000 
 1660.0000    65.6400 
 1662.0000    65.6000 
 1664.0000    65.5800 
 1666.0000    65.5600 
 1668.0000    65.5100 
 1670.0000    65.4100 
 1672.0000    65.3300 
 1674.0000    65.2800 
 1676.0000    65.2900 
 1678.0000    65.3000 
 1680.0000    65.2700 
 1682.0000    65.2400 
 1684.0000    65.2000 
 1686.0000    65.1800 
 1688.0000    65.1700 
 1690.0000    65.1500 
 1692.0000    65.1500 
 1694.0000    65.1400 
 1696.0000    65.0800 
 1698.0000    65.0600 
 1700.0000    65.0400 
 1702.0000    65.0100 
 1704.0000    64.9700 
 1706.0000    64.9100 
 1708.0000    64.8700 
 1710.0000    64.8300 
 1712.0000    64.7700 
 1714.0000    64.7200 
 1716.0000    64.6300 
 1718.0000    64.5700 
 1720.0000    64.4900 
 1722.0000    64.3900 
 1724.0000    64.3300 
 1726.0000    64.2600 
 1728.0000    64.2000 
 1730.0000    64.1700 
 1732.0000    64.1300 
 1734.0000    64.0700 
 1736.0000    63.9900 
 1738.0000    63.8900 
 1740.0000    63.8000 
 1742.0000    63.7500 
 1744.0000    63.6600 
 1746.0000    63.5800 
 1748.0000    63.5200 
 1750.0000    63.4600 
 1752.0000    63.4000 
 1754.0000    63.3000 
 1756.0000    63.1600 
 1758.0000    63.0800 
 1760.0000    63.0100 
 1762.0000    62.9200 
 1764.0000    62.7900 
 1766.0000    62.6600 
 1768.0000    62.5600 
 1770.0000    62.4600 
 1772.0000    62.3700 
 1774.0000    62.2700 
 1776.0000    62.1700 
 1778.0000    62.0500 
 1780.0000    61.9400 
 1782.0000    61.8600 
 1784.0000    61.7950 
 1786.0000    61.7100 
 1788.0000    61.5800 
 1790.0000    61.4700 
 1792.0000    61.3600 
 1794.0000    61.2600 
 1796.0000    61.1600 
 1798.0000    61.0400 
 1800.0000    60.9350 
 1802.0000    60.8600 
 1804.0000    60.8000 
 1806.0000    60.7200 
 1808.0000    60.6200 
 1810.0000    60.5000 
 1812.0000    60.3600 
 1814.0000    60.2800 
 1816.0000    60.2000 
 1818.0000    60.1000 
 1820.0000    59.9900 
 1822.0000    59.8200 
 1824.0000    59.6050 
 1826.0000    59.3900 
 1828.0000    59.1900 
 1830.0000    59.0200 
 1832.0000    58.8600 
 1834.0000    58.6900 
 1836.0000    58.5100 
 1838.0000    58.3200 
 1840.0000    58.1200 
 1842.0000    57.9100 
 1844.0000    57.7100 
 1846.0000    57.4850 
 1848.0000    57.3200 
 1850.0000    57.1900 
 1852.0000    57.0800 
 1854.0000    56.9700 
 1856.0000    56.8600 
 1858.0000    56.7900 
 1860.0000    56.7400 
 1862.0000    56.7200 
 1864.0000    56.6950 
 1866.0000    56.6950 
 1868.0000    56.7300 
 1870.0000    56.8000 
 1872.0000    56.8300 
 1874.0000    56.8700 
 1876.0000    56.9100 
 1878.0000    56.9900 
 1880.0000    57.0700 
 1882.0000    57.1600 
 1884.0000    57.2350 
 1886.0000    57.3200 
 1888.0000    57.3700 
 1890.0000    57.3700 
 1892.0000    57.3050 
 1894.0000    57.2300 
 1896.0000    57.1800 
 1898.0000    57.1100 
 1900.0000    57.0300 
 1902.0000    56.9100 
 1904.0000    56.7700 
 1906.0000    56.6950 
 1908.0000    56.6250 
 1910.0000    56.5600 
 1912.0000    56.4600 
 1914.0000    56.3700 
 1916.0000    56.2600 
 1918.0000    56.2400 
 1920.0000    56.2100 
 1922.0000    56.2000 
 1924.0000    56.1500 
 1926.0000    56.0500 
 1928.0000    56.0200 
 1930.0000    55.9600 
 1932.0000    55.9400 
 1934.0000    55.9000 
 1936.0000    55.8700 
 1938.0000    55.8500 
 1940.0000    55.8300 
 1942.0000    55.8600 
 1944.0000    55.8500 
 1946.0000    55.9000 
 1948.0000    55.9300 
 1950.0000    55.9400 
 1952.0000    55.9500 
 1954.0000    55.9300 
 1956.0000    55.9500 
 1958.0000    55.9700 
 1960.0000    55.9900 
 1962.0000    56.0100 
 1964.0000    56.0500 
 1966.0000    56.0700 
 1968.0000    56.0700 
 1970.0000    56.0600 
 1972.0000    56.1100 
 1974.0000    56.1700 
 1976.0000    56.2500 
 1978.0000    56.2900 
 1980.0000    56.3300 
 1982.0000    56.3600 
 1984.0000    56.3700 
 1986.0000    56.4100 
 1988.0000    56.4450 
 1990.0000    56.5000 
 1992.0000    56.5400 
 1994.0000    56.5500 
 1996.0000    56.5500 
 1998.0000    56.5400 
 2000.0000    56.5500 
 2002.0000    56.5800 
 2004.0000    56.6250 
 2006.0000    56.6500 
 2008.0000    56.6700 
 2010.0000    56.6800 
 2012.0000    56.6700 
 2014.0000    56.6700 
 2016.0000    56.6600 
 2018.0000    56.6500 
 2020.0000    56.6600 
 2022.0000    56.6500 
 2024.0000    56.6500 
 2026.0000    56.6400 
 2028.0000    56.6250 
 2030.0000    56.6600 
 2032.0000    56.6200 
 2034.0000    56.5700 
 2036.0000    56.5400 
 2038.0000    56.5400 
 2040.0000    56.5400 
 2042.0000    56.5800 
 2044.0000    56.5800 
 2046.0000    56.5700 
 2048.0000    56.5150 
 2050.0000    56.4700 
 2052.0000    56.4900 
 2054.0000    56.4700 
 2056.0000    56.4400 
 2058.0000    56.3800 
 2060.0000    56.3500 
 2062.0000    56.3000 
 2064.0000    56.2500 
 2066.0000    56.2300 
 2068.0000    56.2100 
 2070.0000    56.2000 
 2072.0000    56.2300 
 2074.0000    56.2400 
 2076.0000    56.2100 
 2078.0000    56.1500 
 2080.0000    56.1000 
 2082.0000    56.0600 
 2084.0000    55.9800 
 2086.0000    55.8900 
 2088.0000    55.8300 
 2090.0000    55.7600 
 2092.0000    55.6900 
 2094.0000    55.6900 
 2096.0000    55.7100 
 2098.0000    55.6550 
 2100.0000    55.5450 
 2102.0000    55.4100 
 2104.0000    55.3650 
 2106.0000    55.3100 
 2108.0000    55.2600 
 2110.0000    55.2100 
 2112.0000    55.1700 
 2114.0000    55.1400 
 2116.0000    55.0500 
 2118.0000    55.0200 
 2120.0000    54.9600 
 2122.0000    54.9350 
 2124.0000    54.9000 
 2126.0000    54.8100 
 2128.0000    54.7200 
 2130.0000    54.6000 
 2132.0000    54.5300 
 2134.0000    54.4900 
 2136.0000    54.4400 
 2138.0000    54.3600 
 2140.0000    54.2300 
 2142.0000    54.1200 
 2144.0000    54.0750 
 2146.0000    54.0200 
 2148.0000    53.9500 
 2150.0000    53.8500 
 2152.0000    53.7700 
 2154.0000    53.7400 
 2156.0000    53.6900 
 2158.0000    53.6050 
 2160.0000    53.5000 
 2162.0000    53.3550 
 2164.0000    53.2800 
 2166.0000    53.2000 
 2168.0000    53.1300 
 2170.0000    53.0800 
 2172.0000    52.9800 
 2174.0000    52.8800 
 2176.0000    52.7300 
 2178.0000    52.6000 
 2180.0000    52.4300 
 2182.0000    52.2900 
 2184.0000    52.1300 
 2186.0000    51.9550 
 2188.0000    51.8000 
 2190.0000    51.6300 
 2192.0000    51.5100 
 2194.0000    51.3000 
 2196.0000    51.1400 
 2198.0000    51.0000 
 2200.0000    50.8600 
 2202.0000    50.6700 
 2204.0000    50.4100 
 2206.0000    50.2400 
 2208.0000    50.1100 
 2210.0000    49.9800 
 2212.0000    49.8400 
 2214.0000    49.6800 
 2216.0000    49.5900 
 2218.0000    49.4200 
 2220.0000    49.2600 
 2222.0000    49.1100 
 2224.0000    48.9600 
 2226.0000    48.7600 
 2228.0000    48.5700 
 2230.0000    48.4200 
 2232.0000    48.2800 
 2234.0000    48.0500 
 2236.0000    47.7300 
 2238.0000    47.5000 
 2240.0000    47.3100 
 2242.0000    47.1400 
 2244.0000    46.8800 
 2246.0000    46.6300 
 2248.0000    46.3600 
 2250.0000    46.1200 
 2252.0000    45.8700 
 2254.0000    45.6400 
 2256.0000    45.4200 
 2258.0000    45.1900 
 2260.0000    44.8900 
 2262.0000    44.5400 
 2264.0000    44.2600 
 2266.0000    43.9600 
 2268.0000    43.7300 
 2270.0000    43.5100 
 2272.0000    43.3100 
 2274.0000    43.1500 
 2276.0000    43.0600 
 2278.0000    43.0500 
 2280.0000    43.0100 
 2282.0000    42.9800 
 2284.0000    42.9900 
 2286.0000    43.0400 
 2288.0000    43.1600 
 2290.0000    43.2200 
 2292.0000    43.3300 
 2294.0000    43.4300 
 2296.0000    43.5700 
 2298.0000    43.7400 
 2300.0000    43.8700 
 2302.0000    44.0000 
 2304.0000    44.1900 
 2306.0000    44.3700 
 2308.0000    44.5600 
 2310.0000    44.7400 
 2312.0000    44.9500 
 2314.0000    45.0800 
 2316.0000    45.2400 
 2318.0000    45.3900 
 2320.0000    45.5500 
 2322.0000    45.6700 
 2324.0000    45.8600 
 2326.0000    46.0600 
 2328.0000    46.1900 
 2330.0000    46.3500 
 2332.0000    46.4900 
 2334.0000    46.6100 
 2336.0000    46.6400 
 2338.0000    46.7000 
 2340.0000    46.7600 
 2342.0000    46.7700 
 2344.0000    46.8100 
 2346.0000    46.8600 
 2348.0000    46.8700 
 2350.0000    46.8400 
 2352.0000    46.7400 
 2354.0000    46.7000 
 2356.0000    46.6200 
 2358.0000    46.5500 
 2360.0000    46.4300 
 2362.0000    46.4000 
 2364.0000    46.3700 
 2366.0000    46.3500 
 2368.0000    46.2400 
 2370.0000    46.0700 
 2372.0000    45.8800 
 2374.0000    45.8200 
 2376.0000    45.7100 
 2378.0000    45.6200 
 2380.0000    45.4300 
 2382.0000    45.2400 
 2384.0000    44.9900 
 2386.0000    44.8600 
 2388.0000    44.7500 
 2390.0000    44.6100 
 2392.0000    44.4600 
 2394.0000    44.2400 
 2396.0000    44.0000 
 2398.0000    43.8200 
 2400.0000    43.7100 
 2402.0000    43.5900 
 2404.0000    43.3800 
 2406.0000    43.2000 
 2408.0000    43.1200 
 2410.0000    42.9900 
 2412.0000    42.8600 
 2414.0000    42.6300 
 2416.0000    42.5000 
 2418.0000    42.3900 
 2420.0000    42.3400 
 2422.0000    42.1600 
 2424.0000    41.9500 
 2426.0000    41.7300 
 2428.0000    41.6300 
 2430.0000    41.4400 
 2432.0000    41.2600 
 2434.0000    41.0900 
 2436.0000    40.9800 
 2438.0000    40.8400 
 2440.0000    40.6400 
 2442.0000    40.5100 
 2444.0000    40.3250 
 2446.0000    40.1800 
 2448.0000    39.9900 
 2450.0000    39.8600 
 2452.0000    39.7400 
 2454.0000    39.6200 
 2456.0000    39.4700 
 2458.0000    39.3550 
 2460.0000    39.2800 
 2462.0000    39.2400 
 2464.0000    39.1600 
 2466.0000    39.1300 
 2468.0000    39.1000 
 2470.0000    39.0600 
 2472.0000    39.0400 
 2474.0000    39.0800 
 2476.0000    39.0200 
 2478.0000    38.9700 
 2480.0000    38.9300 
 2482.0000    38.9050 
 2484.0000    38.8500 
 2486.0000    38.8100 
 2488.0000    38.6700 
 2490.0000    38.5500 
 2492.0000    38.4000 
 2494.0000    38.2500 
 2496.0000    38.0700 
 2498.0000    38.0400 
 2500.0000    37.9800 
