 1300.0000    74.0800 
 1302.0000    73.9400 
 1304.0000    74.2800 
 1306.0000    74.0800 
 1308.0000    73.9900 
 1310.0000    74.0300 
 1312.0000    74.0000 
 1314.0000    73.9800 
 1316.0000    73.7600 
 1318.0000    73.4600 
 1320.0000    73.1100 
 1322.0000    72.7600 
 1324.0000    72.6450 
 1326.0000    72.6600 
 1328.0000    72.4400 
 1330.0000    72.3300 
 1332.0000    72.1200 
 1334.0000    71.9250 
 1336.0000    71.8400 
 1338.0000    71.7000 
 1340.0000    71.4950 
 1342.0000    71.3100 
 1344.0000    71.0900 
 1346.0000    70.9100 
 1348.0000    70.7900 
 1350.0000    70.6600 
 1352.0000    70.5200 
 1354.0000    70.3450 
 1356.0000    70.1300 
 1358.0000    69.8500 
 1360.0000    69.5900 
 1362.0000    69.2900 
 1364.0000    69.0000 
 1366.0000    68.7100 
 1368.0000    68.3300 
 1370.0000    67.9200 
 1372.0000    67.4600 
 1374.0000    66.8200 
 1376.0000    66.1500 
 1378.0000    65.3900 
 1380.0000    64.5200 
 1382.0000    63.5900 
 1384.0000    62.5800 
 1386.0000    61.4700 
 1388.0000    60.2800 
 1390.0000    59.0200 
 1392.0000    57.7500 
 1394.0000    56.5400 
 1396.0000    55.4200 
 1398.0000    54.4200 
 1400.0000    53.5000 
 1402.0000    52.6500 
 1404.0000    51.8700 
 1406.0000    51.1650 
 1408.0000    50.5600 
 1410.0000    50.0600 
 1412.0000    49.7400 
 1414.0000    49.6200 
 1416.0000    49.7300 
 1418.0000    50.0850 
 1420.0000    50.6600 
 1422.0000    51.3300 
 1424.0000    52.1100 
 1426.0000    52.8700 
 1428.0000    53.5600 
 1430.0000    54.1800 
 1432.0000    54.7300 
 1434.0000    55.1800 
 1436.0000    55.6300 
 1438.0000    56.0300 
 1440.0000    56.3500 
 1442.0000    56.6250 
 1444.0000    56.8500 
 1446.0000    57.0300 
 1448.0000    57.2200 
 1450.0000    57.3800 
 1452.0000    57.5000 
 1454.0000    57.6100 
 1456.0000    57.6800 
 1458.0000    57.7400 
 1460.0000    57.8200 
 1462.0000    57.8700 
 1464.0000    57.8600 
 1466.0000    57.8900 
 1468.0000    57.9100 
 1470.0000    58.0000 
 1472.0000    58.1600 
 1474.0000    58.3600 
 1476.0000    58.6200 
 1478.0000    58.9600 
 1480.0000    59.3100 
 1482.0000    59.6500 
 1484.0000    60.0000 
 1486.0000    60.3250 
 1488.0000    60.6400 
 1490.0000    60.9300 
 1492.0000    61.2000 
 1494.0000    61.5000 
 1496.0000    61.7900 
 1498.0000    62.0500 
 1500.0000    62.3200 
 1502.0000    62.5700 
 1504.0000    62.8200 
 1506.0000    63.0600 
 1508.0000    63.2700 
 1510.0000    63.4850 
 1512.0000    63.7000 
 1514.0000    63.8900 
 1516.0000    64.0600 
 1518.0000    64.2300 
 1520.0000    64.4400 
 1522.0000    64.6700 
 1524.0000    64.8700 
 1526.0000    65.0650 
 1528.0000    65.2450 
 1530.0000    65.4200 
 1532.0000    65.5900 
 1534.0000    65.7300 
 1536.0000    65.8700 
 1538.0000    66.0300 
 1540.0000    66.1800 
 1542.0000    66.3400 
 1544.0000    66.4650 
 1546.0000    66.6200 
 1548.0000    66.7900 
 1550.0000    66.9600 
 1552.0000    67.1200 
 1554.0000    67.2550 
 1556.0000    67.4000 
 1558.0000    67.5000 
 1560.0000    67.5800 
 1562.0000    67.6600 
 1564.0000    67.7300 
 1566.0000    67.8400 
 1568.0000    67.9900 
 1570.0000    68.1300 
 1572.0000    68.2500 
 1574.0000    68.3500 
 1576.0000    68.4050 
 1578.0000    68.4700 
 1580.0000    68.5400 
 1582.0000    68.5850 
 1584.0000    68.6800 
 1586.0000    68.7400 
 1588.0000    68.8350 
 1590.0000    68.9450 
 1592.0000    69.0400 
 1594.0000    69.1000 
 1596.0000    69.1600 
 1598.0000    69.1800 
 1600.0000    69.2300 
 1602.0000    69.2900 
 1604.0000    69.3400 
 1606.0000    69.3700 
 1608.0000    69.4200 
 1610.0000    69.4500 
 1612.0000    69.5200 
 1614.0000    69.6000 
 1616.0000    69.6400 
 1618.0000    69.6800 
 1620.0000    69.6900 
 1622.0000    69.6500 
 1624.0000    69.6700 
 1626.0000    69.7300 
 1628.0000    69.8000 
 1630.0000    69.8400 
 1632.0000    69.8500 
 1634.0000    69.8700 
 1636.0000    69.8600 
 1638.0000    69.8900 
 1640.0000    69.8900 
 1642.0000    69.8800 
 1644.0000    69.8900 
 1646.0000    69.8900 
 1648.0000    69.8700 
 1650.0000    69.8900 
 1652.0000    69.8900 
 1654.0000    69.8900 
 1656.0000    69.8900 
 1658.0000    69.9100 
 1660.0000    69.9300 
 1662.0000    69.9400 
 1664.0000    69.9100 
 1666.0000    69.8600 
 1668.0000    69.7900 
 1670.0000    69.7700 
 1672.0000    69.7700 
 1674.0000    69.7900 
 1676.0000    69.7600 
 1678.0000    69.7100 
 1680.0000    69.6900 
 1682.0000    69.6900 
 1684.0000    69.7200 
 1686.0000    69.6900 
 1688.0000    69.6200 
 1690.0000    69.6100 
 1692.0000    69.6100 
 1694.0000    69.6300 
 1696.0000    69.6500 
 1698.0000    69.6500 
 1700.0000    69.6600 
 1702.0000    69.6400 
 1704.0000    69.5900 
 1706.0000    69.4900 
 1708.0000    69.4300 
 1710.0000    69.3600 
 1712.0000    69.3100 
 1714.0000    69.2700 
 1716.0000    69.2100 
 1718.0000    69.1500 
 1720.0000    69.0900 
 1722.0000    69.0300 
 1724.0000    69.0000 
 1726.0000    68.9400 
 1728.0000    68.8600 
 1730.0000    68.7400 
 1732.0000    68.6200 
 1734.0000    68.5400 
 1736.0000    68.5100 
 1738.0000    68.4700 
 1740.0000    68.3900 
 1742.0000    68.2800 
 1744.0000    68.1200 
 1746.0000    67.9900 
 1748.0000    67.9100 
 1750.0000    67.7950 
 1752.0000    67.7000 
 1754.0000    67.5700 
 1756.0000    67.4200 
 1758.0000    67.3200 
 1760.0000    67.2300 
 1762.0000    67.1300 
 1764.0000    66.9900 
 1766.0000    66.8400 
 1768.0000    66.7200 
 1770.0000    66.5900 
 1772.0000    66.4600 
 1774.0000    66.3400 
 1776.0000    66.2150 
 1778.0000    66.1050 
 1780.0000    66.0350 
 1782.0000    65.9500 
 1784.0000    65.8700 
 1786.0000    65.7800 
 1788.0000    65.6600 
 1790.0000    65.5400 
 1792.0000    65.4400 
 1794.0000    65.3700 
 1796.0000    65.3150 
 1798.0000    65.2400 
 1800.0000    65.2000 
 1802.0000    65.1400 
 1804.0000    65.1000 
 1806.0000    65.0900 
 1808.0000    65.0500 
 1810.0000    65.0100 
 1812.0000    64.9400 
 1814.0000    64.8600 
 1816.0000    64.8150 
 1818.0000    64.7800 
 1820.0000    64.7050 
 1822.0000    64.6300 
 1824.0000    64.5500 
 1826.0000    64.4550 
 1828.0000    64.3700 
 1830.0000    64.2900 
 1832.0000    64.1400 
 1834.0000    64.0200 
 1836.0000    63.8700 
 1838.0000    63.7200 
 1840.0000    63.5300 
 1842.0000    63.3000 
 1844.0000    63.1000 
 1846.0000    62.8900 
 1848.0000    62.6500 
 1850.0000    62.4000 
 1852.0000    62.0800 
 1854.0000    61.6900 
 1856.0000    61.2000 
 1858.0000    60.6500 
 1860.0000    60.1000 
 1862.0000    59.4600 
 1864.0000    58.7500 
 1866.0000    57.8450 
 1868.0000    56.8100 
 1870.0000    55.6800 
 1872.0000    54.4500 
 1874.0000    53.2100 
 1876.0000    51.8700 
 1878.0000    50.5000 
 1880.0000    49.0400 
 1882.0000    47.4800 
 1884.0000    45.8400 
 1886.0000    44.0700 
 1888.0000    42.2500 
 1890.0000    40.3800 
 1892.0000    38.5400 
 1894.0000    36.7600 
 1896.0000    35.0800 
 1898.0000    33.5200 
 1900.0000    32.2400 
 1902.0000    31.3100 
 1904.0000    30.7000 
 1906.0000    30.3750 
 1908.0000    30.3400 
 1910.0000    30.5550 
 1912.0000    30.9600 
 1914.0000    31.5100 
 1916.0000    32.1100 
 1918.0000    32.7700 
 1920.0000    33.4500 
 1922.0000    34.1200 
 1924.0000    34.7400 
 1926.0000    35.2900 
 1928.0000    35.7800 
 1930.0000    36.2300 
 1932.0000    36.6700 
 1934.0000    37.0700 
 1936.0000    37.4500 
 1938.0000    37.7600 
 1940.0000    38.0700 
 1942.0000    38.3700 
 1944.0000    38.6400 
 1946.0000    38.9000 
 1948.0000    39.0800 
 1950.0000    39.2500 
 1952.0000    39.4600 
 1954.0000    39.6300 
 1956.0000    39.8200 
 1958.0000    39.9650 
 1960.0000    40.1300 
 1962.0000    40.2900 
 1964.0000    40.4300 
 1966.0000    40.5900 
 1968.0000    40.7700 
 1970.0000    40.9500 
 1972.0000    41.1500 
 1974.0000    41.3300 
 1976.0000    41.5800 
 1978.0000    41.8300 
 1980.0000    42.0900 
 1982.0000    42.3200 
 1984.0000    42.5500 
 1986.0000    42.8200 
 1988.0000    43.1000 
 1990.0000    43.3900 
 1992.0000    43.6800 
 1994.0000    43.9600 
 1996.0000    44.2700 
 1998.0000    44.5800 
 2000.0000    44.9100 
 2002.0000    45.2500 
 2004.0000    45.6000 
 2006.0000    45.9300 
 2008.0000    46.3100 
 2010.0000    46.6700 
 2012.0000    46.9800 
 2014.0000    47.3100 
 2016.0000    47.6000 
 2018.0000    47.9300 
 2020.0000    48.2600 
 2022.0000    48.5300 
 2024.0000    48.8200 
 2026.0000    49.1000 
 2028.0000    49.3700 
 2030.0000    49.6400 
 2032.0000    49.8500 
 2034.0000    50.1000 
 2036.0000    50.3700 
 2038.0000    50.5700 
 2040.0000    50.7900 
 2042.0000    50.9800 
 2044.0000    51.1650 
 2046.0000    51.3800 
 2048.0000    51.5500 
 2050.0000    51.7600 
 2052.0000    51.9200 
 2054.0000    52.0600 
 2056.0000    52.1800 
 2058.0000    52.2800 
 2060.0000    52.4100 
 2062.0000    52.4900 
 2064.0000    52.6000 
 2066.0000    52.7200 
 2068.0000    52.8000 
 2070.0000    52.8500 
 2072.0000    52.8700 
 2074.0000    52.8900 
 2076.0000    52.9400 
 2078.0000    52.9500 
 2080.0000    53.0200 
 2082.0000    53.0600 
 2084.0000    53.1400 
 2086.0000    53.2100 
 2088.0000    53.2500 
 2090.0000    53.2900 
 2092.0000    53.3200 
 2094.0000    53.3900 
 2096.0000    53.4300 
 2098.0000    53.4700 
 2100.0000    53.5200 
 2102.0000    53.6050 
 2104.0000    53.7100 
 2106.0000    53.7850 
 2108.0000    53.8800 
 2110.0000    53.9800 
 2112.0000    54.0750 
 2114.0000    54.1600 
 2116.0000    54.2400 
 2118.0000    54.2800 
 2120.0000    54.3250 
 2122.0000    54.4000 
 2124.0000    54.4700 
 2126.0000    54.5600 
 2128.0000    54.5750 
 2130.0000    54.5500 
 2132.0000    54.5200 
 2134.0000    54.4800 
 2136.0000    54.5000 
 2138.0000    54.5200 
 2140.0000    54.5050 
 2142.0000    54.5050 
 2144.0000    54.4400 
 2146.0000    54.4000 
 2148.0000    54.3800 
 2150.0000    54.3400 
 2152.0000    54.3600 
 2154.0000    54.3250 
 2156.0000    54.3100 
 2158.0000    54.2600 
 2160.0000    54.2100 
 2162.0000    54.1600 
 2164.0000    54.1000 
 2166.0000    53.9500 
 2168.0000    53.7700 
 2170.0000    53.5900 
 2172.0000    53.4100 
 2174.0000    53.2000 
 2176.0000    52.9000 
 2178.0000    52.6000 
 2180.0000    52.2600 
 2182.0000    51.8700 
 2184.0000    51.4100 
 2186.0000    50.9400 
 2188.0000    50.4600 
 2190.0000    49.9000 
 2192.0000    49.2900 
 2194.0000    48.5400 
 2196.0000    47.7200 
 2198.0000    46.8000 
 2200.0000    45.8300 
 2202.0000    44.8900 
 2204.0000    43.9600 
 2206.0000    43.0800 
 2208.0000    42.3000 
 2210.0000    41.7600 
 2212.0000    41.5200 
 2214.0000    41.5400 
 2216.0000    41.9000 
 2218.0000    42.4800 
 2220.0000    43.2400 
 2222.0000    44.0400 
 2224.0000    44.8400 
 2226.0000    45.5500 
 2228.0000    46.2000 
 2230.0000    46.6600 
 2232.0000    47.0700 
 2234.0000    47.4800 
 2236.0000    47.8800 
 2238.0000    48.2400 
 2240.0000    48.4500 
 2242.0000    48.6700 
 2244.0000    48.8800 
 2246.0000    49.0400 
 2248.0000    49.2100 
 2250.0000    49.2700 
 2252.0000    49.3500 
 2254.0000    49.4100 
 2256.0000    49.5300 
 2258.0000    49.6200 
 2260.0000    49.5900 
 2262.0000    49.5300 
 2264.0000    49.4600 
 2266.0000    49.3600 
 2268.0000    49.2600 
 2270.0000    49.1200 
 2272.0000    48.9600 
 2274.0000    48.8200 
 2276.0000    48.6800 
 2278.0000    48.4900 
 2280.0000    48.3000 
 2282.0000    48.0700 
 2284.0000    47.8800 
 2286.0000    47.6700 
 2288.0000    47.4200 
 2290.0000    47.2100 
 2292.0000    47.0500 
 2294.0000    46.9000 
 2296.0000    46.6900 
 2298.0000    46.4900 
 2300.0000    46.2500 
 2302.0000    46.0700 
 2304.0000    45.9100 
 2306.0000    45.7400 
 2308.0000    45.6500 
 2310.0000    45.4900 
 2312.0000    45.3900 
 2314.0000    45.2400 
 2316.0000    45.1500 
 2318.0000    44.9900 
 2320.0000    44.7900 
 2322.0000    44.6100 
 2324.0000    44.4400 
 2326.0000    44.2700 
 2328.0000    44.0700 
 2330.0000    43.8600 
 2332.0000    43.6100 
 2334.0000    43.3700 
 2336.0000    43.1400 
 2338.0000    42.9000 
 2340.0000    42.6100 
 2342.0000    42.3500 
 2344.0000    42.1300 
 2346.0000    41.8800 
 2348.0000    41.6500 
 2350.0000    41.4300 
 2352.0000    41.1800 
 2354.0000    40.9800 
 2356.0000    40.7900 
 2358.0000    40.6200 
 2360.0000    40.3700 
 2362.0000    40.1800 
 2364.0000    39.9900 
 2366.0000    39.8200 
 2368.0000    39.6700 
 2370.0000    39.5200 
 2372.0000    39.3500 
 2374.0000    39.2000 
 2376.0000    38.9950 
 2378.0000    38.7600 
 2380.0000    38.4750 
 2382.0000    38.2600 
 2384.0000    38.0700 
 2386.0000    37.9100 
 2388.0000    37.7200 
 2390.0000    37.4700 
 2392.0000    37.2300 
 2394.0000    37.0300 
 2396.0000    36.7500 
 2398.0000    36.4600 
 2400.0000    36.2200 
 2402.0000    36.0200 
 2404.0000    35.8500 
 2406.0000    35.6400 
 2408.0000    35.3700 
 2410.0000    35.1000 
 2412.0000    34.8500 
 2414.0000    34.6800 
 2416.0000    34.4600 
 2418.0000    34.2600 
 2420.0000    34.0600 
 2422.0000    33.8000 
 2424.0000    33.5200 
 2426.0000    33.2850 
 2428.0000    33.1800 
 2430.0000    32.9500 
 2432.0000    32.6550 
 2434.0000    32.3100 
 2436.0000    32.0600 
 2438.0000    31.8200 
 2440.0000    31.5600 
 2442.0000    31.3000 
 2444.0000    31.0600 
 2446.0000    30.7900 
 2448.0000    30.5000 
 2450.0000    30.3000 
 2452.0000    30.1500 
 2454.0000    30.0500 
 2456.0000    29.8500 
 2458.0000    29.5850 
 2460.0000    29.3700 
 2462.0000    29.1100 
 2464.0000    28.9100 
 2466.0000    28.7900 
 2468.0000    28.6800 
 2470.0000    28.5000 
 2472.0000    28.2400 
 2474.0000    28.0900 
 2476.0000    27.9300 
 2478.0000    27.8700 
 2480.0000    27.7300 
 2482.0000    27.5800 
 2484.0000    27.3600 
 2486.0000    27.2000 
 2488.0000    26.9800 
 2490.0000    26.7400 
 2492.0000    26.5700 
 2494.0000    26.5200 
 2496.0000    26.3600 
 2498.0000    26.0900 
 2500.0000    25.9100 
