 1300.0000    74.8600 
 1302.0000    74.8000 
 1304.0000    74.9000 
 1306.0000    74.9500 
 1308.0000    75.0150 
 1310.0000    74.9900 
 1312.0000    74.9300 
 1314.0000    74.9600 
 1316.0000    75.0100 
 1318.0000    75.1000 
 1320.0000    75.2200 
 1322.0000    75.3200 
 1324.0000    75.3500 
 1326.0000    75.3100 
 1328.0000    75.3000 
 1330.0000    75.3000 
 1332.0000    75.1700 
 1334.0000    75.2100 
 1336.0000    75.2800 
 1338.0000    75.2900 
 1340.0000    75.3000 
 1342.0000    75.2500 
 1344.0000    75.1900 
 1346.0000    75.2800 
 1348.0000    75.3600 
 1350.0000    75.3200 
 1352.0000    75.2600 
 1354.0000    75.2500 
 1356.0000    75.3000 
 1358.0000    75.3600 
 1360.0000    75.4100 
 1362.0000    75.3600 
 1364.0000    75.2650 
 1366.0000    75.1800 
 1368.0000    75.0800 
 1370.0000    75.0300 
 1372.0000    74.9500 
 1374.0000    74.8000 
 1376.0000    74.6700 
 1378.0000    74.5300 
 1380.0000    74.4000 
 1382.0000    74.2200 
 1384.0000    73.9900 
 1386.0000    73.6500 
 1388.0000    73.2800 
 1390.0000    72.7000 
 1392.0000    71.9800 
 1394.0000    71.0800 
 1396.0000    70.0400 
 1398.0000    68.9000 
 1400.0000    67.7100 
 1402.0000    66.5600 
 1404.0000    65.5400 
 1406.0000    64.6700 
 1408.0000    63.9600 
 1410.0000    63.4300 
 1412.0000    63.1400 
 1414.0000    63.1250 
 1416.0000    63.3700 
 1418.0000    63.8450 
 1420.0000    64.5500 
 1422.0000    65.3700 
 1424.0000    66.3100 
 1426.0000    67.2300 
 1428.0000    68.1000 
 1430.0000    68.9300 
 1432.0000    69.6600 
 1434.0000    70.3100 
 1436.0000    70.9550 
 1438.0000    71.5200 
 1440.0000    71.9800 
 1442.0000    72.4200 
 1444.0000    72.6800 
 1446.0000    72.8700 
 1448.0000    73.0200 
 1450.0000    73.1300 
 1452.0000    73.2550 
 1454.0000    73.4200 
 1456.0000    73.5400 
 1458.0000    73.6300 
 1460.0000    73.6850 
 1462.0000    73.7500 
 1464.0000    73.7800 
 1466.0000    73.8100 
 1468.0000    73.8300 
 1470.0000    73.8650 
 1472.0000    73.9200 
 1474.0000    74.0100 
 1476.0000    74.0700 
 1478.0000    74.0700 
 1480.0000    74.1150 
 1482.0000    74.2250 
 1484.0000    74.3400 
 1486.0000    74.5000 
 1488.0000    74.5700 
 1490.0000    74.6000 
 1492.0000    74.6700 
 1494.0000    74.7700 
 1496.0000    74.8600 
 1498.0000    74.9100 
 1500.0000    74.9600 
 1502.0000    74.9600 
 1504.0000    75.0100 
 1506.0000    75.0700 
 1508.0000    75.1100 
 1510.0000    75.2200 
 1512.0000    75.2800 
 1514.0000    75.3000 
 1516.0000    75.3500 
 1518.0000    75.4000 
 1520.0000    75.4400 
 1522.0000    75.4800 
 1524.0000    75.5000 
 1526.0000    75.5500 
 1528.0000    75.6400 
 1530.0000    75.6700 
 1532.0000    75.6600 
 1534.0000    75.6600 
 1536.0000    75.6500 
 1538.0000    75.6900 
 1540.0000    75.7600 
 1542.0000    75.7200 
 1544.0000    75.7700 
 1546.0000    75.8000 
 1548.0000    75.8500 
 1550.0000    75.9300 
 1552.0000    75.9850 
 1554.0000    76.0100 
 1556.0000    76.0500 
 1558.0000    76.0700 
 1560.0000    76.0900 
 1562.0000    76.1200 
 1564.0000    76.1300 
 1566.0000    76.1600 
 1568.0000    76.1650 
 1570.0000    76.1900 
 1572.0000    76.2100 
 1574.0000    76.2600 
 1576.0000    76.2900 
 1578.0000    76.2900 
 1580.0000    76.2800 
 1582.0000    76.2500 
 1584.0000    76.2700 
 1586.0000    76.3100 
 1588.0000    76.3600 
 1590.0000    76.4150 
 1592.0000    76.4150 
 1594.0000    76.4150 
 1596.0000    76.3900 
 1598.0000    76.3800 
 1600.0000    76.4150 
 1602.0000    76.4400 
 1604.0000    76.4300 
 1606.0000    76.4100 
 1608.0000    76.3900 
 1610.0000    76.4100 
 1612.0000    76.4300 
 1614.0000    76.4400 
 1616.0000    76.4400 
 1618.0000    76.4400 
 1620.0000    76.4700 
 1622.0000    76.4900 
 1624.0000    76.4600 
 1626.0000    76.4700 
 1628.0000    76.4800 
 1630.0000    76.5000 
 1632.0000    76.5100 
 1634.0000    76.5000 
 1636.0000    76.5000 
 1638.0000    76.5000 
 1640.0000    76.5000 
 1642.0000    76.4900 
 1644.0000    76.4400 
 1646.0000    76.4150 
 1648.0000    76.4400 
 1650.0000    76.5000 
 1652.0000    76.5400 
 1654.0000    76.5200 
 1656.0000    76.4700 
 1658.0000    76.4100 
 1660.0000    76.4150 
 1662.0000    76.4600 
 1664.0000    76.5000 
 1666.0000    76.5000 
 1668.0000    76.4500 
 1670.0000    76.4100 
 1672.0000    76.4000 
 1674.0000    76.3900 
 1676.0000    76.4000 
 1678.0000    76.3700 
 1680.0000    76.3300 
 1682.0000    76.2800 
 1684.0000    76.2500 
 1686.0000    76.2500 
 1688.0000    76.2500 
 1690.0000    76.2200 
 1692.0000    76.2200 
 1694.0000    76.2100 
 1696.0000    76.2300 
 1698.0000    76.2300 
 1700.0000    76.2000 
 1702.0000    76.1600 
 1704.0000    76.1500 
 1706.0000    76.1400 
 1708.0000    76.1000 
 1710.0000    76.0800 
 1712.0000    76.0400 
 1714.0000    76.0550 
 1716.0000    76.0550 
 1718.0000    76.0550 
 1720.0000    76.0100 
 1722.0000    75.9800 
 1724.0000    75.9600 
 1726.0000    75.9200 
 1728.0000    75.9200 
 1730.0000    75.8900 
 1732.0000    75.8800 
 1734.0000    75.9000 
 1736.0000    75.8600 
 1738.0000    75.8050 
 1740.0000    75.7700 
 1742.0000    75.7300 
 1744.0000    75.7200 
 1746.0000    75.6700 
 1748.0000    75.6400 
 1750.0000    75.6250 
 1752.0000    75.6100 
 1754.0000    75.5600 
 1756.0000    75.4900 
 1758.0000    75.4100 
 1760.0000    75.3900 
 1762.0000    75.4100 
 1764.0000    75.4100 
 1766.0000    75.3750 
 1768.0000    75.3300 
 1770.0000    75.2800 
 1772.0000    75.3100 
 1774.0000    75.3100 
 1776.0000    75.2800 
 1778.0000    75.2300 
 1780.0000    75.2100 
 1782.0000    75.2200 
 1784.0000    75.1950 
 1786.0000    75.1800 
 1788.0000    75.1300 
 1790.0000    75.1300 
 1792.0000    75.1700 
 1794.0000    75.1300 
 1796.0000    75.1500 
 1798.0000    75.1200 
 1800.0000    75.1200 
 1802.0000    75.1300 
 1804.0000    75.1100 
 1806.0000    75.1000 
 1808.0000    75.0850 
 1810.0000    75.0800 
 1812.0000    75.0600 
 1814.0000    75.1100 
 1816.0000    75.1000 
 1818.0000    75.0850 
 1820.0000    75.0800 
 1822.0000    75.0800 
 1824.0000    75.1100 
 1826.0000    75.1000 
 1828.0000    75.0100 
 1830.0000    74.9400 
 1832.0000    74.9000 
 1834.0000    74.8700 
 1836.0000    74.8000 
 1838.0000    74.7100 
 1840.0000    74.6000 
 1842.0000    74.5300 
 1844.0000    74.4900 
 1846.0000    74.4500 
 1848.0000    74.4050 
 1850.0000    74.3700 
 1852.0000    74.3100 
 1854.0000    74.2500 
 1856.0000    74.2000 
 1858.0000    74.1600 
 1860.0000    74.0800 
 1862.0000    74.0000 
 1864.0000    73.8800 
 1866.0000    73.7100 
 1868.0000    73.5200 
 1870.0000    73.3200 
 1872.0000    73.1000 
 1874.0000    72.7700 
 1876.0000    72.3500 
 1878.0000    71.9200 
 1880.0000    71.5600 
 1882.0000    71.2800 
 1884.0000    70.9900 
 1886.0000    70.6700 
 1888.0000    70.3450 
 1890.0000    69.9150 
 1892.0000    69.4200 
 1894.0000    68.9400 
 1896.0000    68.4300 
 1898.0000    67.9100 
 1900.0000    67.3900 
 1902.0000    66.8000 
 1904.0000    66.2500 
 1906.0000    65.7400 
 1908.0000    65.2400 
 1910.0000    64.8300 
 1912.0000    64.4800 
 1914.0000    64.1800 
 1916.0000    63.9700 
 1918.0000    63.7900 
 1920.0000    63.6900 
 1922.0000    63.6100 
 1924.0000    63.5400 
 1926.0000    63.4850 
 1928.0000    63.5000 
 1930.0000    63.5800 
 1932.0000    63.6650 
 1934.0000    63.7350 
 1936.0000    63.7700 
 1938.0000    63.8450 
 1940.0000    63.9100 
 1942.0000    64.0200 
 1944.0000    64.1800 
 1946.0000    64.3100 
 1948.0000    64.4200 
 1950.0000    64.4800 
 1952.0000    64.5250 
 1954.0000    64.6500 
 1956.0000    64.7900 
 1958.0000    64.9300 
 1960.0000    65.0400 
 1962.0000    65.1600 
 1964.0000    65.2450 
 1966.0000    65.3500 
 1968.0000    65.4700 
 1970.0000    65.6050 
 1972.0000    65.7300 
 1974.0000    65.8100 
 1976.0000    65.9000 
 1978.0000    66.0200 
 1980.0000    66.1700 
 1982.0000    66.2800 
 1984.0000    66.3500 
 1986.0000    66.4400 
 1988.0000    66.5700 
 1990.0000    66.7200 
 1992.0000    66.8800 
 1994.0000    67.0000 
 1996.0000    67.0750 
 1998.0000    67.2500 
 2000.0000    67.3800 
 2002.0000    67.5200 
 2004.0000    67.6400 
 2006.0000    67.7300 
 2008.0000    67.8900 
 2010.0000    68.0100 
 2012.0000    68.1200 
 2014.0000    68.2400 
 2016.0000    68.3300 
 2018.0000    68.4600 
 2020.0000    68.5500 
 2022.0000    68.6900 
 2024.0000    68.7800 
 2026.0000    68.8500 
 2028.0000    68.9000 
 2030.0000    68.9100 
 2032.0000    68.9900 
 2034.0000    69.0700 
 2036.0000    69.1500 
 2038.0000    69.2200 
 2040.0000    69.2400 
 2042.0000    69.2600 
 2044.0000    69.2400 
 2046.0000    69.2800 
 2048.0000    69.3600 
 2050.0000    69.3900 
 2052.0000    69.4100 
 2054.0000    69.3750 
 2056.0000    69.3700 
 2058.0000    69.3700 
 2060.0000    69.4100 
 2062.0000    69.4900 
 2064.0000    69.5400 
 2066.0000    69.5800 
 2068.0000    69.5700 
 2070.0000    69.6000 
 2072.0000    69.5700 
 2074.0000    69.5200 
 2076.0000    69.5000 
 2078.0000    69.5100 
 2080.0000    69.5300 
 2082.0000    69.4700 
 2084.0000    69.4600 
 2086.0000    69.4400 
 2088.0000    69.3900 
 2090.0000    69.2700 
 2092.0000    69.1500 
 2094.0000    69.0300 
 2096.0000    68.9000 
 2098.0000    68.7800 
 2100.0000    68.7300 
 2102.0000    68.6700 
 2104.0000    68.6000 
 2106.0000    68.4500 
 2108.0000    68.2600 
 2110.0000    68.0800 
 2112.0000    68.0000 
 2114.0000    67.9700 
 2116.0000    67.8900 
 2118.0000    67.7900 
 2120.0000    67.7300 
 2122.0000    67.7000 
 2124.0000    67.6600 
 2126.0000    67.6000 
 2128.0000    67.6100 
 2130.0000    67.6100 
 2132.0000    67.5900 
 2134.0000    67.5400 
 2136.0000    67.4700 
 2138.0000    67.3650 
 2140.0000    67.3300 
 2142.0000    67.2900 
 2144.0000    67.2550 
 2146.0000    67.1400 
 2148.0000    66.9500 
 2150.0000    66.8250 
 2152.0000    66.7600 
 2154.0000    66.7500 
 2156.0000    66.6400 
 2158.0000    66.4200 
 2160.0000    66.1200 
 2162.0000    65.8100 
 2164.0000    65.5100 
 2166.0000    65.2300 
 2168.0000    64.9500 
 2170.0000    64.5700 
 2172.0000    64.1300 
 2174.0000    63.6100 
 2176.0000    63.1100 
 2178.0000    62.5100 
 2180.0000    61.8700 
 2182.0000    61.1800 
 2184.0000    60.4100 
 2186.0000    59.5200 
 2188.0000    58.5600 
 2190.0000    57.5900 
 2192.0000    56.5500 
 2194.0000    55.4600 
 2196.0000    54.4400 
 2198.0000    53.5500 
 2200.0000    52.7900 
 2202.0000    52.0500 
 2204.0000    51.4000 
 2206.0000    50.8900 
 2208.0000    50.5900 
 2210.0000    50.4450 
 2212.0000    50.4450 
 2214.0000    50.5200 
 2216.0000    50.7500 
 2218.0000    51.1600 
 2220.0000    51.6400 
 2222.0000    52.1300 
 2224.0000    52.5650 
 2226.0000    53.0600 
 2228.0000    53.5300 
 2230.0000    53.9300 
 2232.0000    54.1800 
 2234.0000    54.3600 
 2236.0000    54.5500 
 2238.0000    54.7900 
 2240.0000    55.0000 
 2242.0000    55.2100 
 2244.0000    55.3800 
 2246.0000    55.6300 
 2248.0000    55.9200 
 2250.0000    56.2800 
 2252.0000    56.7800 
 2254.0000    57.1500 
 2256.0000    57.5800 
 2258.0000    57.9300 
 2260.0000    58.2900 
 2262.0000    58.6700 
 2264.0000    58.9900 
 2266.0000    59.2700 
 2268.0000    59.4000 
 2270.0000    59.5600 
 2272.0000    59.7400 
 2274.0000    59.8400 
 2276.0000    59.9800 
 2278.0000    60.0200 
 2280.0000    60.1000 
 2282.0000    60.2100 
 2284.0000    60.3200 
 2286.0000    60.3250 
 2288.0000    60.3100 
 2290.0000    60.3250 
 2292.0000    60.3200 
 2294.0000    60.2400 
 2296.0000    60.1600 
 2298.0000    60.0200 
 2300.0000    59.9400 
 2302.0000    59.7850 
 2304.0000    59.5700 
 2306.0000    59.2700 
 2308.0000    59.0600 
 2310.0000    58.8600 
 2312.0000    58.5500 
 2314.0000    58.1800 
 2316.0000    57.8450 
 2318.0000    57.5000 
 2320.0000    57.1300 
 2322.0000    56.7200 
 2324.0000    56.3350 
 2326.0000    55.8800 
 2328.0000    55.4500 
 2330.0000    55.0600 
 2332.0000    54.6400 
 2334.0000    54.2700 
 2336.0000    53.8950 
 2338.0000    53.5350 
 2340.0000    53.0700 
 2342.0000    52.6900 
 2344.0000    52.4200 
 2346.0000    52.2200 
 2348.0000    52.0250 
 2350.0000    51.8700 
 2352.0000    51.8450 
 2354.0000    51.8200 
 2356.0000    51.8900 
 2358.0000    51.9000 
 2360.0000    51.9800 
 2362.0000    51.9400 
 2364.0000    51.8800 
 2366.0000    51.8600 
 2368.0000    51.9000 
 2370.0000    51.8000 
 2372.0000    51.6900 
 2374.0000    51.5600 
 2376.0000    51.5400 
 2378.0000    51.4700 
 2380.0000    51.4500 
 2382.0000    51.4600 
 2384.0000    51.4150 
 2386.0000    51.3450 
 2388.0000    51.3600 
 2390.0000    51.3900 
 2392.0000    51.4400 
 2394.0000    51.4800 
 2396.0000    51.4900 
 2398.0000    51.5000 
 2400.0000    51.4600 
 2402.0000    51.4000 
 2404.0000    51.3200 
 2406.0000    51.3300 
 2408.0000    51.2500 
 2410.0000    51.1300 
 2412.0000    50.9700 
 2414.0000    50.8600 
 2416.0000    50.7100 
 2418.0000    50.5200 
 2420.0000    50.3000 
 2422.0000    50.0100 
 2424.0000    49.7800 
 2426.0000    49.6200 
 2428.0000    49.4400 
 2430.0000    49.2200 
 2432.0000    49.0100 
 2434.0000    48.8900 
 2436.0000    48.6800 
 2438.0000    48.4400 
 2440.0000    48.2900 
 2442.0000    48.2400 
 2444.0000    48.1300 
 2446.0000    48.0200 
 2448.0000    47.9400 
 2450.0000    47.9200 
 2452.0000    47.9200 
 2454.0000    47.9500 
 2456.0000    47.9400 
 2458.0000    47.9100 
 2460.0000    47.9600 
 2462.0000    48.0000 
 2464.0000    47.9700 
 2466.0000    47.9800 
 2468.0000    48.1100 
 2470.0000    48.2700 
 2472.0000    48.3600 
 2474.0000    48.2900 
 2476.0000    48.2700 
 2478.0000    48.2500 
 2480.0000    48.3800 
 2482.0000    48.4300 
 2484.0000    48.4500 
 2486.0000    48.4000 
 2488.0000    48.3600 
 2490.0000    48.3700 
 2492.0000    48.3800 
 2494.0000    48.3200 
 2496.0000    48.1700 
 2498.0000    48.1500 
 2500.0000    48.2700 
