 1300.0000    70.9300 
 1302.0000    71.0900 
 1304.0000    71.1350 
 1306.0000    70.9700 
 1308.0000    70.7000 
 1310.0000    70.4000 
 1312.0000    70.1400 
 1314.0000    69.8900 
 1316.0000    69.5200 
 1318.0000    69.0700 
 1320.0000    68.6500 
 1322.0000    68.1100 
 1324.0000    67.5400 
 1326.0000    67.0600 
 1328.0000    66.3600 
 1330.0000    65.5700 
 1332.0000    65.0500 
 1334.0000    64.6700 
 1336.0000    64.4500 
 1338.0000    64.4500 
 1340.0000    64.4100 
 1342.0000    64.4400 
 1344.0000    64.4200 
 1346.0000    64.2600 
 1348.0000    64.0950 
 1350.0000    63.9900 
 1352.0000    63.9100 
 1354.0000    63.9600 
 1356.0000    64.0400 
 1358.0000    64.1800 
 1360.0000    64.3800 
 1362.0000    64.5800 
 1364.0000    64.7400 
 1366.0000    64.8150 
 1368.0000    64.8100 
 1370.0000    64.7500 
 1372.0000    64.6200 
 1374.0000    64.4400 
 1376.0000    64.2200 
 1378.0000    63.9900 
 1380.0000    63.7500 
 1382.0000    63.5400 
 1384.0000    63.2900 
 1386.0000    62.9900 
 1388.0000    62.6200 
 1390.0000    62.1900 
 1392.0000    61.7100 
 1394.0000    61.1500 
 1396.0000    60.5300 
 1398.0000    59.8550 
 1400.0000    59.1400 
 1402.0000    58.3600 
 1404.0000    57.5400 
 1406.0000    56.6700 
 1408.0000    55.7800 
 1410.0000    54.8650 
 1412.0000    53.9500 
 1414.0000    53.0600 
 1416.0000    52.1900 
 1418.0000    51.3200 
 1420.0000    50.5100 
 1422.0000    49.7300 
 1424.0000    49.0200 
 1426.0000    48.4100 
 1428.0000    47.8900 
 1430.0000    47.4400 
 1432.0000    47.0800 
 1434.0000    46.7500 
 1436.0000    46.4500 
 1438.0000    46.2000 
 1440.0000    46.0300 
 1442.0000    45.8800 
 1444.0000    45.6800 
 1446.0000    45.3400 
 1448.0000    44.8300 
 1450.0000    44.1300 
 1452.0000    43.2700 
 1454.0000    42.3000 
 1456.0000    41.3400 
 1458.0000    40.5100 
 1460.0000    40.0000 
 1462.0000    39.9200 
 1464.0000    40.3100 
 1466.0000    41.1800 
 1468.0000    42.4100 
 1470.0000    43.8000 
 1472.0000    45.2100 
 1474.0000    46.4700 
 1476.0000    47.5000 
 1478.0000    48.2400 
 1480.0000    48.7600 
 1482.0000    49.0300 
 1484.0000    49.0500 
 1486.0000    48.8000 
 1488.0000    48.3600 
 1490.0000    47.8300 
 1492.0000    47.4400 
 1494.0000    47.3700 
 1496.0000    47.7000 
 1498.0000    48.3900 
 1500.0000    49.3000 
 1502.0000    50.2800 
 1504.0000    51.2100 
 1506.0000    51.9800 
 1508.0000    52.5900 
 1510.0000    53.1050 
 1512.0000    53.4800 
 1514.0000    53.7850 
 1516.0000    54.0900 
 1518.0000    54.3100 
 1520.0000    54.5050 
 1522.0000    54.6800 
 1524.0000    54.8300 
 1526.0000    54.9350 
 1528.0000    55.0300 
 1530.0000    55.1000 
 1532.0000    55.1400 
 1534.0000    55.1500 
 1536.0000    55.1150 
 1538.0000    55.0800 
 1540.0000    55.0300 
 1542.0000    54.9700 
 1544.0000    54.8650 
 1546.0000    54.7400 
 1548.0000    54.5700 
 1550.0000    54.4100 
 1552.0000    54.2200 
 1554.0000    54.0400 
 1556.0000    53.8950 
 1558.0000    53.7850 
 1560.0000    53.7300 
 1562.0000    53.7150 
 1564.0000    53.7600 
 1566.0000    53.8400 
 1568.0000    53.9300 
 1570.0000    54.0300 
 1572.0000    54.0700 
 1574.0000    54.1100 
 1576.0000    54.1200 
 1578.0000    54.1700 
 1580.0000    54.2200 
 1582.0000    54.2200 
 1584.0000    54.2000 
 1586.0000    54.1700 
 1588.0000    54.1300 
 1590.0000    54.0900 
 1592.0000    54.0500 
 1594.0000    53.9900 
 1596.0000    53.9500 
 1598.0000    53.9400 
 1600.0000    53.9600 
 1602.0000    53.9900 
 1604.0000    54.0600 
 1606.0000    54.1200 
 1608.0000    54.1700 
 1610.0000    54.2800 
 1612.0000    54.4100 
 1614.0000    54.5200 
 1616.0000    54.6200 
 1618.0000    54.7000 
 1620.0000    54.7900 
 1622.0000    54.9000 
 1624.0000    55.0200 
 1626.0000    55.1300 
 1628.0000    55.2400 
 1630.0000    55.3650 
 1632.0000    55.5200 
 1634.0000    55.6800 
 1636.0000    55.8100 
 1638.0000    55.9200 
 1640.0000    56.0500 
 1642.0000    56.2300 
 1644.0000    56.3700 
 1646.0000    56.5000 
 1648.0000    56.6100 
 1650.0000    56.7200 
 1652.0000    56.8900 
 1654.0000    57.0900 
 1656.0000    57.2600 
 1658.0000    57.4300 
 1660.0000    57.5700 
 1662.0000    57.7000 
 1664.0000    57.8100 
 1666.0000    57.9200 
 1668.0000    58.0100 
 1670.0000    58.1100 
 1672.0000    58.2400 
 1674.0000    58.3850 
 1676.0000    58.5300 
 1678.0000    58.6500 
 1680.0000    58.7500 
 1682.0000    58.8600 
 1684.0000    58.9800 
 1686.0000    59.1000 
 1688.0000    59.1900 
 1690.0000    59.2800 
 1692.0000    59.3800 
 1694.0000    59.4900 
 1696.0000    59.5800 
 1698.0000    59.6600 
 1700.0000    59.7400 
 1702.0000    59.8000 
 1704.0000    59.8400 
 1706.0000    59.8900 
 1708.0000    59.9000 
 1710.0000    59.9200 
 1712.0000    59.9650 
 1714.0000    60.0300 
 1716.0000    60.0900 
 1718.0000    60.1300 
 1720.0000    60.1700 
 1722.0000    60.2500 
 1724.0000    60.3250 
 1726.0000    60.3500 
 1728.0000    60.3250 
 1730.0000    60.2500 
 1732.0000    60.1600 
 1734.0000    60.0800 
 1736.0000    59.9400 
 1738.0000    59.7850 
 1740.0000    59.6200 
 1742.0000    59.5000 
 1744.0000    59.5000 
 1746.0000    59.5700 
 1748.0000    59.6300 
 1750.0000    59.7000 
 1752.0000    59.7400 
 1754.0000    59.7200 
 1756.0000    59.6400 
 1758.0000    59.4100 
 1760.0000    59.0500 
 1762.0000    58.5900 
 1764.0000    57.9900 
 1766.0000    57.3400 
 1768.0000    56.7700 
 1770.0000    56.3350 
 1772.0000    56.1400 
 1774.0000    56.2200 
 1776.0000    56.5000 
 1778.0000    56.9000 
 1780.0000    57.2900 
 1782.0000    57.6400 
 1784.0000    57.9300 
 1786.0000    58.1700 
 1788.0000    58.3100 
 1790.0000    58.3700 
 1792.0000    58.3700 
 1794.0000    58.3200 
 1796.0000    58.2200 
 1798.0000    58.0700 
 1800.0000    57.8200 
 1802.0000    57.5300 
 1804.0000    57.1900 
 1806.0000    56.8000 
 1808.0000    56.4000 
 1810.0000    56.0000 
 1812.0000    55.6300 
 1814.0000    55.3200 
 1816.0000    55.1400 
 1818.0000    55.1100 
 1820.0000    55.2300 
 1822.0000    55.4400 
 1824.0000    55.7250 
 1826.0000    56.0600 
 1828.0000    56.4200 
 1830.0000    56.7500 
 1832.0000    57.0200 
 1834.0000    57.2500 
 1836.0000    57.4000 
 1838.0000    57.4850 
 1840.0000    57.5100 
 1842.0000    57.4600 
 1844.0000    57.3400 
 1846.0000    57.1700 
 1848.0000    57.0000 
 1850.0000    56.7700 
 1852.0000    56.5300 
 1854.0000    56.2800 
 1856.0000    55.9500 
 1858.0000    55.5600 
 1860.0000    55.1100 
 1862.0000    54.6000 
 1864.0000    54.0700 
 1866.0000    53.4300 
 1868.0000    52.6400 
 1870.0000    51.7600 
 1872.0000    50.7900 
 1874.0000    49.7300 
 1876.0000    48.5300 
 1878.0000    47.1200 
 1880.0000    45.5600 
 1882.0000    43.8200 
 1884.0000    41.9200 
 1886.0000    39.9600 
 1888.0000    38.0100 
 1890.0000    36.1750 
 1892.0000    34.5700 
 1894.0000    33.1400 
 1896.0000    31.8900 
 1898.0000    30.7800 
 1900.0000    29.7700 
 1902.0000    28.8800 
 1904.0000    28.0300 
 1906.0000    27.1700 
 1908.0000    26.3400 
 1910.0000    25.5250 
 1912.0000    24.7200 
 1914.0000    23.9500 
 1916.0000    23.1800 
 1918.0000    22.4100 
 1920.0000    21.6200 
 1922.0000    20.8100 
 1924.0000    19.9900 
 1926.0000    19.1400 
 1928.0000    18.2500 
 1930.0000    17.2600 
 1932.0000    16.2200 
 1934.0000    15.1200 
 1936.0000    14.0300 
 1938.0000    12.9800 
 1940.0000    12.0000 
 1942.0000    11.2000 
 1944.0000    10.6600 
 1946.0000    10.4600 
 1948.0000    10.6900 
 1950.0000    11.4200 
 1952.0000    12.5900 
 1954.0000    14.1800 
 1956.0000    15.9900 
 1958.0000    17.8600 
 1960.0000    19.6400 
 1962.0000    21.2200 
 1964.0000    22.5500 
 1966.0000    23.5900 
 1968.0000    24.3600 
 1970.0000    24.9200 
 1972.0000    25.3300 
 1974.0000    25.5900 
 1976.0000    25.7500 
 1978.0000    25.8600 
 1980.0000    25.9000 
 1982.0000    25.8600 
 1984.0000    25.7000 
 1986.0000    25.4700 
 1988.0000    25.2200 
 1990.0000    24.8800 
 1992.0000    24.5200 
 1994.0000    24.1300 
 1996.0000    23.7100 
 1998.0000    23.3100 
 2000.0000    22.9200 
 2002.0000    22.5900 
 2004.0000    22.3300 
 2006.0000    22.1500 
 2008.0000    22.0300 
 2010.0000    21.9500 
 2012.0000    21.9400 
 2014.0000    22.0500 
 2016.0000    22.2300 
 2018.0000    22.4800 
 2020.0000    22.7700 
 2022.0000    23.1300 
 2024.0000    23.6300 
 2026.0000    24.2200 
 2028.0000    24.8800 
 2030.0000    25.6000 
 2032.0000    26.3600 
 2034.0000    27.1600 
 2036.0000    27.9700 
 2038.0000    28.7200 
 2040.0000    29.4000 
 2042.0000    30.0000 
 2044.0000    30.5300 
 2046.0000    30.9800 
 2048.0000    31.3700 
 2050.0000    31.6700 
 2052.0000    31.8900 
 2054.0000    32.0400 
 2056.0000    32.1600 
 2058.0000    32.2400 
 2060.0000    32.2500 
 2062.0000    32.2200 
 2064.0000    32.1300 
 2066.0000    32.0200 
 2068.0000    31.8650 
 2070.0000    31.6900 
 2072.0000    31.4800 
 2074.0000    31.2800 
 2076.0000    31.1100 
 2078.0000    31.0000 
 2080.0000    30.9850 
 2082.0000    31.0200 
 2084.0000    31.1400 
 2086.0000    31.3000 
 2088.0000    31.5600 
 2090.0000    31.9200 
 2092.0000    32.3700 
 2094.0000    32.8700 
 2096.0000    33.4200 
 2098.0000    34.0000 
 2100.0000    34.5900 
 2102.0000    35.1900 
 2104.0000    35.7400 
 2106.0000    36.2200 
 2108.0000    36.6900 
 2110.0000    37.1100 
 2112.0000    37.4900 
 2114.0000    37.8200 
 2116.0000    38.0900 
 2118.0000    38.3600 
 2120.0000    38.6200 
 2122.0000    38.8700 
 2124.0000    39.1100 
 2126.0000    39.3000 
 2128.0000    39.4300 
 2130.0000    39.5500 
 2132.0000    39.6600 
 2134.0000    39.8100 
 2136.0000    39.8300 
 2138.0000    39.8300 
 2140.0000    39.8000 
 2142.0000    39.7600 
 2144.0000    39.7100 
 2146.0000    39.6100 
 2148.0000    39.5100 
 2150.0000    39.3800 
 2152.0000    39.2400 
 2154.0000    39.0800 
 2156.0000    38.9200 
 2158.0000    38.7800 
 2160.0000    38.6300 
 2162.0000    38.5000 
 2164.0000    38.4000 
 2166.0000    38.3300 
 2168.0000    38.3100 
 2170.0000    38.2600 
 2172.0000    38.2400 
 2174.0000    38.2400 
 2176.0000    38.2300 
 2178.0000    38.1400 
 2180.0000    37.9500 
 2182.0000    37.7400 
 2184.0000    37.4700 
 2186.0000    37.1450 
 2188.0000    36.7000 
 2190.0000    36.2600 
 2192.0000    35.7800 
 2194.0000    35.2800 
 2196.0000    34.7900 
 2198.0000    34.4300 
 2200.0000    34.2100 
 2202.0000    34.1400 
 2204.0000    34.2300 
 2206.0000    34.4600 
 2208.0000    34.8900 
 2210.0000    35.4500 
 2212.0000    36.1700 
 2214.0000    36.9300 
 2216.0000    37.6600 
 2218.0000    38.3400 
 2220.0000    38.9950 
 2222.0000    39.6800 
 2224.0000    40.2600 
 2226.0000    40.7900 
 2228.0000    41.3000 
 2230.0000    41.7900 
 2232.0000    42.2100 
 2234.0000    42.5300 
 2236.0000    42.8300 
 2238.0000    43.0900 
 2240.0000    43.3000 
 2242.0000    43.5200 
 2244.0000    43.7100 
 2246.0000    43.8700 
 2248.0000    44.0000 
 2250.0000    44.0900 
 2252.0000    44.1700 
 2254.0000    44.1300 
 2256.0000    43.9900 
 2258.0000    43.8100 
 2260.0000    43.7300 
 2262.0000    43.6200 
 2264.0000    43.4100 
 2266.0000    43.1400 
 2268.0000    42.9200 
 2270.0000    42.8300 
 2272.0000    42.7900 
 2274.0000    42.7800 
 2276.0000    42.8200 
 2278.0000    42.9000 
 2280.0000    43.0900 
 2282.0000    43.3400 
 2284.0000    43.6100 
 2286.0000    43.8500 
 2288.0000    44.1100 
 2290.0000    44.2700 
 2292.0000    44.3700 
 2294.0000    44.4200 
 2296.0000    44.5000 
 2298.0000    44.5000 
 2300.0000    44.4400 
 2302.0000    44.3300 
 2304.0000    44.2000 
 2306.0000    44.0300 
 2308.0000    43.8100 
 2310.0000    43.5600 
 2312.0000    43.2900 
 2314.0000    43.0200 
 2316.0000    42.7200 
 2318.0000    42.4100 
 2320.0000    42.0800 
 2322.0000    41.8000 
 2324.0000    41.5200 
 2326.0000    41.2600 
 2328.0000    41.0100 
 2330.0000    40.7300 
 2332.0000    40.3700 
 2334.0000    40.0200 
 2336.0000    39.6600 
 2338.0000    39.3500 
 2340.0000    39.0500 
 2342.0000    38.7500 
 2344.0000    38.3600 
 2346.0000    38.0600 
 2348.0000    37.8300 
 2350.0000    37.6400 
 2352.0000    37.4150 
 2354.0000    37.1800 
 2356.0000    36.9700 
 2358.0000    36.7300 
 2360.0000    36.5000 
 2362.0000    36.2200 
 2364.0000    35.9100 
 2366.0000    35.5900 
 2368.0000    35.2400 
 2370.0000    34.8200 
 2372.0000    34.4300 
 2374.0000    34.1000 
 2376.0000    33.7900 
 2378.0000    33.4500 
 2380.0000    33.1000 
 2382.0000    32.8700 
 2384.0000    32.6400 
 2386.0000    32.3600 
 2388.0000    32.1600 
 2390.0000    31.9900 
 2392.0000    31.7750 
 2394.0000    31.5300 
 2396.0000    31.2200 
 2398.0000    30.7900 
 2400.0000    30.2400 
 2402.0000    29.6700 
 2404.0000    28.9800 
 2406.0000    28.1200 
 2408.0000    27.1400 
 2410.0000    26.2000 
 2412.0000    25.2100 
 2414.0000    24.2300 
 2416.0000    23.2500 
 2418.0000    22.2900 
 2420.0000    21.3300 
 2422.0000    20.4000 
 2424.0000    19.5400 
 2426.0000    18.7950 
 2428.0000    18.2300 
 2430.0000    17.9400 
 2432.0000    17.8500 
 2434.0000    17.9150 
 2436.0000    18.1200 
 2438.0000    18.5100 
 2440.0000    19.0700 
 2442.0000    19.6100 
 2444.0000    20.0800 
 2446.0000    20.4200 
 2448.0000    20.7200 
 2450.0000    20.9500 
 2452.0000    21.0100 
 2454.0000    20.9500 
 2456.0000    20.8000 
 2458.0000    20.6700 
 2460.0000    20.6100 
 2462.0000    20.6400 
 2464.0000    20.7900 
 2466.0000    21.1000 
 2468.0000    21.6100 
 2470.0000    22.2200 
 2472.0000    22.8300 
 2474.0000    23.4800 
 2476.0000    24.2200 
 2478.0000    24.8700 
 2480.0000    25.4800 
 2482.0000    26.1100 
 2484.0000    26.6400 
 2486.0000    27.1200 
 2488.0000    27.5400 
 2490.0000    27.8600 
 2492.0000    28.1000 
 2494.0000    28.3200 
 2496.0000    28.4800 
 2498.0000    28.5000 
 2500.0000    28.4500 
