 1300.0000    70.2100 
 1302.0000    69.9800 
 1304.0000    70.0000 
 1306.0000    69.8600 
 1308.0000    69.7300 
 1310.0000    69.8200 
 1312.0000    70.0600 
 1314.0000    70.1900 
 1316.0000    70.2200 
 1318.0000    70.2800 
 1320.0000    70.3000 
 1322.0000    70.4200 
 1324.0000    70.6100 
 1326.0000    70.7700 
 1328.0000    70.9100 
 1330.0000    70.9700 
 1332.0000    71.0400 
 1334.0000    71.1350 
 1336.0000    71.2500 
 1338.0000    71.3000 
 1340.0000    71.3700 
 1342.0000    71.4100 
 1344.0000    71.4600 
 1346.0000    71.5400 
 1348.0000    71.6400 
 1350.0000    71.6750 
 1352.0000    71.8000 
 1354.0000    71.9100 
 1356.0000    71.9600 
 1358.0000    72.0100 
 1360.0000    72.0600 
 1362.0000    72.1600 
 1364.0000    72.3000 
 1366.0000    72.4200 
 1368.0000    72.5000 
 1370.0000    72.5900 
 1372.0000    72.6700 
 1374.0000    72.7300 
 1376.0000    72.7700 
 1378.0000    72.8250 
 1380.0000    72.9400 
 1382.0000    73.0750 
 1384.0000    73.1900 
 1386.0000    73.2550 
 1388.0000    73.2800 
 1390.0000    73.3250 
 1392.0000    73.4000 
 1394.0000    73.4800 
 1396.0000    73.5600 
 1398.0000    73.6100 
 1400.0000    73.6400 
 1402.0000    73.6700 
 1404.0000    73.7300 
 1406.0000    73.8000 
 1408.0000    73.8500 
 1410.0000    73.9100 
 1412.0000    73.9700 
 1414.0000    73.9900 
 1416.0000    74.0450 
 1418.0000    74.0900 
 1420.0000    74.1400 
 1422.0000    74.1900 
 1424.0000    74.2200 
 1426.0000    74.2600 
 1428.0000    74.2950 
 1430.0000    74.3200 
 1432.0000    74.3400 
 1434.0000    74.3700 
 1436.0000    74.3700 
 1438.0000    74.3800 
 1440.0000    74.4000 
 1442.0000    74.3400 
 1444.0000    74.3100 
 1446.0000    74.3100 
 1448.0000    74.2500 
 1450.0000    74.2100 
 1452.0000    74.1150 
 1454.0000    73.9700 
 1456.0000    73.8400 
 1458.0000    73.6850 
 1460.0000    73.4700 
 1462.0000    73.1700 
 1464.0000    72.7900 
 1466.0000    72.3800 
 1468.0000    71.9700 
 1470.0000    71.5500 
 1472.0000    71.0900 
 1474.0000    70.5800 
 1476.0000    70.0950 
 1478.0000    69.6600 
 1480.0000    69.3500 
 1482.0000    69.2100 
 1484.0000    69.2600 
 1486.0000    69.5400 
 1488.0000    70.0400 
 1490.0000    70.6500 
 1492.0000    71.3500 
 1494.0000    72.0300 
 1496.0000    72.5900 
 1498.0000    72.9800 
 1500.0000    73.2300 
 1502.0000    73.3700 
 1504.0000    73.4900 
 1506.0000    73.6150 
 1508.0000    73.7100 
 1510.0000    73.8100 
 1512.0000    73.8600 
 1514.0000    73.8650 
 1516.0000    73.8800 
 1518.0000    73.8600 
 1520.0000    73.8200 
 1522.0000    73.7600 
 1524.0000    73.7000 
 1526.0000    73.6600 
 1528.0000    73.6600 
 1530.0000    73.6500 
 1532.0000    73.6500 
 1534.0000    73.6500 
 1536.0000    73.6300 
 1538.0000    73.6400 
 1540.0000    73.6600 
 1542.0000    73.6800 
 1544.0000    73.7500 
 1546.0000    73.7800 
 1548.0000    73.8200 
 1550.0000    73.8800 
 1552.0000    73.9800 
 1554.0000    74.0200 
 1556.0000    74.0700 
 1558.0000    74.1300 
 1560.0000    74.2400 
 1562.0000    74.3700 
 1564.0000    74.5100 
 1566.0000    74.6500 
 1568.0000    74.7600 
 1570.0000    74.8600 
 1572.0000    74.9300 
 1574.0000    74.9900 
 1576.0000    75.0850 
 1578.0000    75.2200 
 1580.0000    75.3300 
 1582.0000    75.4700 
 1584.0000    75.6000 
 1586.0000    75.6800 
 1588.0000    75.7400 
 1590.0000    75.8000 
 1592.0000    75.8800 
 1594.0000    75.9700 
 1596.0000    76.0500 
 1598.0000    76.1200 
 1600.0000    76.2100 
 1602.0000    76.2600 
 1604.0000    76.3100 
 1606.0000    76.3450 
 1608.0000    76.4000 
 1610.0000    76.4300 
 1612.0000    76.4600 
 1614.0000    76.5000 
 1616.0000    76.5500 
 1618.0000    76.5800 
 1620.0000    76.6400 
 1622.0000    76.6800 
 1624.0000    76.7300 
 1626.0000    76.7200 
 1628.0000    76.7100 
 1630.0000    76.7750 
 1632.0000    76.8450 
 1634.0000    76.9000 
 1636.0000    76.9500 
 1638.0000    76.9800 
 1640.0000    77.0100 
 1642.0000    77.0200 
 1644.0000    77.0100 
 1646.0000    77.0500 
 1648.0000    77.0700 
 1650.0000    77.1100 
 1652.0000    77.0700 
 1654.0000    77.0800 
 1656.0000    77.0900 
 1658.0000    77.0800 
 1660.0000    77.1000 
 1662.0000    77.1000 
 1664.0000    77.1200 
 1666.0000    77.1900 
 1668.0000    77.2000 
 1670.0000    77.2000 
 1672.0000    77.1800 
 1674.0000    77.1300 
 1676.0000    77.1100 
 1678.0000    77.1000 
 1680.0000    77.1000 
 1682.0000    77.1350 
 1684.0000    77.2200 
 1686.0000    77.2300 
 1688.0000    77.2200 
 1690.0000    77.2300 
 1692.0000    77.2600 
 1694.0000    77.3600 
 1696.0000    77.4400 
 1698.0000    77.4700 
 1700.0000    77.4800 
 1702.0000    77.4800 
 1704.0000    77.5000 
 1706.0000    77.5200 
 1708.0000    77.5100 
 1710.0000    77.4700 
 1712.0000    77.4800 
 1714.0000    77.5100 
 1716.0000    77.5100 
 1718.0000    77.4500 
 1720.0000    77.4100 
 1722.0000    77.3700 
 1724.0000    77.4000 
 1726.0000    77.4400 
 1728.0000    77.4700 
 1730.0000    77.5200 
 1732.0000    77.5300 
 1734.0000    77.5200 
 1736.0000    77.4800 
 1738.0000    77.4600 
 1740.0000    77.4300 
 1742.0000    77.3850 
 1744.0000    77.3800 
 1746.0000    77.3600 
 1748.0000    77.3000 
 1750.0000    77.2800 
 1752.0000    77.2600 
 1754.0000    77.2700 
 1756.0000    77.2800 
 1758.0000    77.2500 
 1760.0000    77.2000 
 1762.0000    77.1500 
 1764.0000    77.1000 
 1766.0000    77.0800 
 1768.0000    77.0500 
 1770.0000    77.0100 
 1772.0000    76.9400 
 1774.0000    76.8800 
 1776.0000    76.8200 
 1778.0000    76.7900 
 1780.0000    76.7750 
 1782.0000    76.7600 
 1784.0000    76.7500 
 1786.0000    76.6700 
 1788.0000    76.6100 
 1790.0000    76.5600 
 1792.0000    76.5200 
 1794.0000    76.4600 
 1796.0000    76.3700 
 1798.0000    76.2600 
 1800.0000    76.1800 
 1802.0000    76.0800 
 1804.0000    75.9700 
 1806.0000    75.8000 
 1808.0000    75.6400 
 1810.0000    75.4800 
 1812.0000    75.3300 
 1814.0000    75.1800 
 1816.0000    74.9800 
 1818.0000    74.7900 
 1820.0000    74.5700 
 1822.0000    74.3300 
 1824.0000    74.0200 
 1826.0000    73.6400 
 1828.0000    73.1600 
 1830.0000    72.6100 
 1832.0000    71.9600 
 1834.0000    71.2100 
 1836.0000    70.4800 
 1838.0000    69.8000 
 1840.0000    69.2500 
 1842.0000    68.9200 
 1844.0000    68.8350 
 1846.0000    68.9900 
 1848.0000    69.2200 
 1850.0000    69.4600 
 1852.0000    69.6800 
 1854.0000    69.8600 
 1856.0000    70.0400 
 1858.0000    70.2400 
 1860.0000    70.5200 
 1862.0000    70.8850 
 1864.0000    71.3400 
 1866.0000    71.8700 
 1868.0000    72.4500 
 1870.0000    73.0000 
 1872.0000    73.4800 
 1874.0000    73.8300 
 1876.0000    74.1000 
 1878.0000    74.2950 
 1880.0000    74.4600 
 1882.0000    74.6100 
 1884.0000    74.7400 
 1886.0000    74.8350 
 1888.0000    74.9100 
 1890.0000    74.9000 
 1892.0000    74.8600 
 1894.0000    74.8000 
 1896.0000    74.7700 
 1898.0000    74.7300 
 1900.0000    74.7200 
 1902.0000    74.7000 
 1904.0000    74.5800 
 1906.0000    74.5000 
 1908.0000    74.4300 
 1910.0000    74.3800 
 1912.0000    74.3600 
 1914.0000    74.2950 
 1916.0000    74.2250 
 1918.0000    74.1150 
 1920.0000    74.0000 
 1922.0000    73.9100 
 1924.0000    73.8300 
 1926.0000    73.7800 
 1928.0000    73.7800 
 1930.0000    73.7300 
 1932.0000    73.6500 
 1934.0000    73.5400 
 1936.0000    73.4600 
 1938.0000    73.4000 
 1940.0000    73.3400 
 1942.0000    73.3100 
 1944.0000    73.3400 
 1946.0000    73.3600 
 1948.0000    73.3250 
 1950.0000    73.2400 
 1952.0000    73.1800 
 1954.0000    73.1500 
 1956.0000    73.1600 
 1958.0000    73.1700 
 1960.0000    73.1400 
 1962.0000    73.1500 
 1964.0000    73.1000 
 1966.0000    73.0200 
 1968.0000    72.9600 
 1970.0000    72.8950 
 1972.0000    72.8700 
 1974.0000    72.8600 
 1976.0000    72.8100 
 1978.0000    72.8200 
 1980.0000    72.8200 
 1982.0000    72.8000 
 1984.0000    72.8000 
 1986.0000    72.7500 
 1988.0000    72.7000 
 1990.0000    72.6100 
 1992.0000    72.5100 
 1994.0000    72.4100 
 1996.0000    72.3300 
 1998.0000    72.2850 
 2000.0000    72.2400 
 2002.0000    72.1300 
 2004.0000    72.0700 
 2006.0000    72.0200 
 2008.0000    71.9800 
 2010.0000    71.9800 
 2012.0000    71.8700 
 2014.0000    71.8400 
 2016.0000    71.8000 
 2018.0000    71.7700 
 2020.0000    71.7800 
 2022.0000    71.7200 
 2024.0000    71.7100 
 2026.0000    71.6700 
 2028.0000    71.6300 
 2030.0000    71.5500 
 2032.0000    71.4100 
 2034.0000    71.2600 
 2036.0000    71.1100 
 2038.0000    71.0100 
 2040.0000    70.9550 
 2042.0000    70.9100 
 2044.0000    70.8200 
 2046.0000    70.7400 
 2048.0000    70.6600 
 2050.0000    70.5950 
 2052.0000    70.5400 
 2054.0000    70.4600 
 2056.0000    70.3700 
 2058.0000    70.2900 
 2060.0000    70.2200 
 2062.0000    70.1800 
 2064.0000    70.0900 
 2066.0000    69.9850 
 2068.0000    69.8800 
 2070.0000    69.8300 
 2072.0000    69.8200 
 2074.0000    69.7800 
 2076.0000    69.7200 
 2078.0000    69.6400 
 2080.0000    69.6500 
 2082.0000    69.6200 
 2084.0000    69.5550 
 2086.0000    69.4700 
 2088.0000    69.3600 
 2090.0000    69.3000 
 2092.0000    69.2400 
 2094.0000    69.1700 
 2096.0000    69.0800 
 2098.0000    69.0100 
 2100.0000    68.9100 
 2102.0000    68.8350 
 2104.0000    68.7600 
 2106.0000    68.7100 
 2108.0000    68.6900 
 2110.0000    68.5850 
 2112.0000    68.5100 
 2114.0000    68.3900 
 2116.0000    68.3300 
 2118.0000    68.3200 
 2120.0000    68.2600 
 2122.0000    68.1800 
 2124.0000    68.0900 
 2126.0000    68.0300 
 2128.0000    67.9400 
 2130.0000    67.8200 
 2132.0000    67.7100 
 2134.0000    67.5900 
 2136.0000    67.5100 
 2138.0000    67.4200 
 2140.0000    67.3300 
 2142.0000    67.2400 
 2144.0000    67.1600 
 2146.0000    67.1000 
 2148.0000    67.0300 
 2150.0000    66.9500 
 2152.0000    66.8250 
 2154.0000    66.7100 
 2156.0000    66.6100 
 2158.0000    66.5400 
 2160.0000    66.4650 
 2162.0000    66.3900 
 2164.0000    66.3400 
 2166.0000    66.2800 
 2168.0000    66.1500 
 2170.0000    66.0100 
 2172.0000    65.9300 
 2174.0000    65.8900 
 2176.0000    65.8200 
 2178.0000    65.6900 
 2180.0000    65.5700 
 2182.0000    65.3900 
 2184.0000    65.1900 
 2186.0000    64.9800 
 2188.0000    64.8100 
 2190.0000    64.6300 
 2192.0000    64.4400 
 2194.0000    64.2000 
 2196.0000    64.0000 
 2198.0000    63.7700 
 2200.0000    63.5300 
 2202.0000    63.3000 
 2204.0000    63.0600 
 2206.0000    62.8500 
 2208.0000    62.5850 
 2210.0000    62.3200 
 2212.0000    62.0600 
 2214.0000    61.7800 
 2216.0000    61.5450 
 2218.0000    61.2600 
 2220.0000    60.9800 
 2222.0000    60.7400 
 2224.0000    60.5750 
 2226.0000    60.3800 
 2228.0000    60.2000 
 2230.0000    60.0350 
 2232.0000    59.9800 
 2234.0000    59.9100 
 2236.0000    59.7800 
 2238.0000    59.6600 
 2240.0000    59.5600 
 2242.0000    59.4400 
 2244.0000    59.2700 
 2246.0000    58.8900 
 2248.0000    58.3700 
 2250.0000    57.7700 
 2252.0000    57.1000 
 2254.0000    56.3500 
 2256.0000    55.5450 
 2258.0000    54.8200 
 2260.0000    54.2800 
 2262.0000    53.9300 
 2264.0000    53.8000 
 2266.0000    53.8950 
 2268.0000    54.0500 
 2270.0000    54.2500 
 2272.0000    54.5050 
 2274.0000    55.0200 
 2276.0000    55.6500 
 2278.0000    56.3300 
 2280.0000    57.0550 
 2282.0000    57.7900 
 2284.0000    58.5300 
 2286.0000    59.2400 
 2288.0000    59.8000 
 2290.0000    60.2100 
 2292.0000    60.5000 
 2294.0000    60.5750 
 2296.0000    60.6700 
 2298.0000    60.7000 
 2300.0000    60.8400 
 2302.0000    61.1100 
 2304.0000    61.5600 
 2306.0000    62.0850 
 2308.0000    62.6100 
 2310.0000    63.1200 
 2312.0000    63.5800 
 2314.0000    63.9800 
 2316.0000    64.2700 
 2318.0000    64.5400 
 2320.0000    64.7600 
 2322.0000    64.9800 
 2324.0000    65.1200 
 2326.0000    65.2600 
 2328.0000    65.3600 
 2330.0000    65.4800 
 2332.0000    65.5600 
 2334.0000    65.6400 
 2336.0000    65.6200 
 2338.0000    65.6200 
 2340.0000    65.6050 
 2342.0000    65.6050 
 2344.0000    65.6050 
 2346.0000    65.5500 
 2348.0000    65.4600 
 2350.0000    65.3800 
 2352.0000    65.2700 
 2354.0000    65.1600 
 2356.0000    65.0500 
 2358.0000    64.9000 
 2360.0000    64.7300 
 2362.0000    64.5600 
 2364.0000    64.4100 
 2366.0000    64.2200 
 2368.0000    64.0100 
 2370.0000    63.7000 
 2372.0000    63.4400 
 2374.0000    63.2400 
 2376.0000    63.0500 
 2378.0000    62.7500 
 2380.0000    62.4000 
 2382.0000    61.9900 
 2384.0000    61.6150 
 2386.0000    61.2800 
 2388.0000    60.8600 
 2390.0000    60.3700 
 2392.0000    59.8800 
 2394.0000    59.4800 
 2396.0000    59.0500 
 2398.0000    58.6500 
 2400.0000    58.1400 
 2402.0000    57.6800 
 2404.0000    57.2350 
 2406.0000    56.8400 
 2408.0000    56.6000 
 2410.0000    56.2800 
 2412.0000    56.1000 
 2414.0000    55.9700 
 2416.0000    55.9200 
 2418.0000    55.8000 
 2420.0000    55.6700 
 2422.0000    55.6200 
 2424.0000    55.7100 
 2426.0000    55.7200 
 2428.0000    55.7500 
 2430.0000    55.7000 
 2432.0000    55.6550 
 2434.0000    55.6200 
 2436.0000    55.5300 
 2438.0000    55.3600 
 2440.0000    55.1100 
 2442.0000    54.8400 
 2444.0000    54.5600 
 2446.0000    54.1450 
 2448.0000    53.7400 
 2450.0000    53.3200 
 2452.0000    52.9800 
 2454.0000    52.5300 
 2456.0000    52.2200 
 2458.0000    51.9900 
 2460.0000    51.9300 
 2462.0000    51.8700 
 2464.0000    51.8800 
 2466.0000    51.9500 
 2468.0000    52.0800 
 2470.0000    52.1100 
 2472.0000    52.1600 
 2474.0000    52.2600 
 2476.0000    52.3600 
 2478.0000    52.3600 
 2480.0000    52.3100 
 2482.0000    52.2700 
 2484.0000    52.2050 
 2486.0000    52.0900 
 2488.0000    51.8700 
 2490.0000    51.5300 
 2492.0000    51.1100 
 2494.0000    50.7000 
 2496.0000    50.3100 
 2498.0000    49.8000 
 2500.0000    49.2600 
