 1300.0000    58.6000 
 1302.0000    58.7800 
 1304.0000    58.7900 
 1306.0000    58.6600 
 1308.0000    58.7200 
 1310.0000    58.6800 
 1312.0000    58.5600 
 1314.0000    58.5900 
 1316.0000    58.5600 
 1318.0000    58.4800 
 1320.0000    58.4800 
 1322.0000    58.4100 
 1324.0000    58.3850 
 1326.0000    58.4900 
 1328.0000    58.5600 
 1330.0000    58.5650 
 1332.0000    58.5100 
 1334.0000    58.4200 
 1336.0000    58.4100 
 1338.0000    58.4400 
 1340.0000    58.4200 
 1342.0000    58.4000 
 1344.0000    58.3850 
 1346.0000    58.3800 
 1348.0000    58.3850 
 1350.0000    58.3500 
 1352.0000    58.3000 
 1354.0000    58.2750 
 1356.0000    58.3000 
 1358.0000    58.3500 
 1360.0000    58.3850 
 1362.0000    58.4000 
 1364.0000    58.4100 
 1366.0000    58.3800 
 1368.0000    58.3600 
 1370.0000    58.3600 
 1372.0000    58.3600 
 1374.0000    58.3500 
 1376.0000    58.3300 
 1378.0000    58.3200 
 1380.0000    58.3000 
 1382.0000    58.2700 
 1384.0000    58.2400 
 1386.0000    58.1900 
 1388.0000    58.1500 
 1390.0000    58.0700 
 1392.0000    57.9900 
 1394.0000    57.8800 
 1396.0000    57.8000 
 1398.0000    57.7300 
 1400.0000    57.6600 
 1402.0000    57.5800 
 1404.0000    57.4700 
 1406.0000    57.3800 
 1408.0000    57.3400 
 1410.0000    57.2900 
 1412.0000    57.2600 
 1414.0000    57.2350 
 1416.0000    57.2100 
 1418.0000    57.1800 
 1420.0000    57.1600 
 1422.0000    57.1400 
 1424.0000    57.1400 
 1426.0000    57.1500 
 1428.0000    57.1600 
 1430.0000    57.1800 
 1432.0000    57.2100 
 1434.0000    57.2300 
 1436.0000    57.2300 
 1438.0000    57.2350 
 1440.0000    57.2350 
 1442.0000    57.3000 
 1444.0000    57.3050 
 1446.0000    57.3600 
 1448.0000    57.3900 
 1450.0000    57.4300 
 1452.0000    57.4500 
 1454.0000    57.4700 
 1456.0000    57.5000 
 1458.0000    57.5300 
 1460.0000    57.5500 
 1462.0000    57.5700 
 1464.0000    57.5800 
 1466.0000    57.6200 
 1468.0000    57.6800 
 1470.0000    57.7000 
 1472.0000    57.7300 
 1474.0000    57.7500 
 1476.0000    57.8100 
 1478.0000    57.8900 
 1480.0000    57.9400 
 1482.0000    58.0000 
 1484.0000    58.0100 
 1486.0000    58.0600 
 1488.0000    58.1300 
 1490.0000    58.1900 
 1492.0000    58.2600 
 1494.0000    58.3500 
 1496.0000    58.4000 
 1498.0000    58.4800 
 1500.0000    58.5400 
 1502.0000    58.5900 
 1504.0000    58.6500 
 1506.0000    58.7300 
 1508.0000    58.8000 
 1510.0000    58.9100 
 1512.0000    58.9600 
 1514.0000    58.9700 
 1516.0000    58.9600 
 1518.0000    59.0200 
 1520.0000    59.1300 
 1522.0000    59.2100 
 1524.0000    59.2700 
 1526.0000    59.3000 
 1528.0000    59.3500 
 1530.0000    59.4200 
 1532.0000    59.4900 
 1534.0000    59.5400 
 1536.0000    59.5700 
 1538.0000    59.5800 
 1540.0000    59.5800 
 1542.0000    59.6000 
 1544.0000    59.6400 
 1546.0000    59.6800 
 1548.0000    59.7400 
 1550.0000    59.7600 
 1552.0000    59.8300 
 1554.0000    59.8900 
 1556.0000    59.9100 
 1558.0000    59.9300 
 1560.0000    59.9100 
 1562.0000    59.9300 
 1564.0000    59.9650 
 1566.0000    60.0000 
 1568.0000    60.0200 
 1570.0000    60.0100 
 1572.0000    60.0350 
 1574.0000    60.0600 
 1576.0000    60.1200 
 1578.0000    60.1600 
 1580.0000    60.2000 
 1582.0000    60.2150 
 1584.0000    60.2400 
 1586.0000    60.3000 
 1588.0000    60.3400 
 1590.0000    60.3900 
 1592.0000    60.4200 
 1594.0000    60.4400 
 1596.0000    60.4800 
 1598.0000    60.5100 
 1600.0000    60.4800 
 1602.0000    60.5000 
 1604.0000    60.5300 
 1606.0000    60.5600 
 1608.0000    60.5750 
 1610.0000    60.5700 
 1612.0000    60.5400 
 1614.0000    60.5600 
 1616.0000    60.5600 
 1618.0000    60.5600 
 1620.0000    60.5900 
 1622.0000    60.5900 
 1624.0000    60.6200 
 1626.0000    60.5900 
 1628.0000    60.5500 
 1630.0000    60.5700 
 1632.0000    60.6000 
 1634.0000    60.5900 
 1636.0000    60.6200 
 1638.0000    60.6000 
 1640.0000    60.5750 
 1642.0000    60.5900 
 1644.0000    60.6200 
 1646.0000    60.6300 
 1648.0000    60.6400 
 1650.0000    60.6000 
 1652.0000    60.5700 
 1654.0000    60.5600 
 1656.0000    60.5500 
 1658.0000    60.5200 
 1660.0000    60.5100 
 1662.0000    60.5100 
 1664.0000    60.5100 
 1666.0000    60.5000 
 1668.0000    60.4700 
 1670.0000    60.4400 
 1672.0000    60.4600 
 1674.0000    60.4500 
 1676.0000    60.4600 
 1678.0000    60.4500 
 1680.0000    60.4200 
 1682.0000    60.4300 
 1684.0000    60.4500 
 1686.0000    60.4800 
 1688.0000    60.4800 
 1690.0000    60.4400 
 1692.0000    60.4100 
 1694.0000    60.4300 
 1696.0000    60.4300 
 1698.0000    60.4700 
 1700.0000    60.4800 
 1702.0000    60.4600 
 1704.0000    60.4400 
 1706.0000    60.4100 
 1708.0000    60.3800 
 1710.0000    60.3250 
 1712.0000    60.3000 
 1714.0000    60.2600 
 1716.0000    60.2500 
 1718.0000    60.2900 
 1720.0000    60.2800 
 1722.0000    60.2600 
 1724.0000    60.2500 
 1726.0000    60.2150 
 1728.0000    60.2100 
 1730.0000    60.1800 
 1732.0000    60.1100 
 1734.0000    60.1100 
 1736.0000    60.1100 
 1738.0000    60.1000 
 1740.0000    60.0800 
 1742.0000    60.0300 
 1744.0000    59.9650 
 1746.0000    59.9400 
 1748.0000    59.8800 
 1750.0000    59.9100 
 1752.0000    59.9400 
 1754.0000    59.9500 
 1756.0000    59.9600 
 1758.0000    59.9500 
 1760.0000    59.9300 
 1762.0000    59.9200 
 1764.0000    59.9000 
 1766.0000    59.8900 
 1768.0000    59.9100 
 1770.0000    59.8800 
 1772.0000    59.8550 
 1774.0000    59.8550 
 1776.0000    59.8550 
 1778.0000    59.8800 
 1780.0000    59.9000 
 1782.0000    59.9200 
 1784.0000    59.9650 
 1786.0000    60.0000 
 1788.0000    60.0300 
 1790.0000    60.0800 
 1792.0000    60.0900 
 1794.0000    60.1000 
 1796.0000    60.1000 
 1798.0000    60.0800 
 1800.0000    60.0700 
 1802.0000    60.0200 
 1804.0000    60.0100 
 1806.0000    59.9650 
 1808.0000    59.9400 
 1810.0000    59.8900 
 1812.0000    59.8400 
 1814.0000    59.8100 
 1816.0000    59.7300 
 1818.0000    59.6800 
 1820.0000    59.6050 
 1822.0000    59.5800 
 1824.0000    59.5500 
 1826.0000    59.4900 
 1828.0000    59.4250 
 1830.0000    59.3400 
 1832.0000    59.2200 
 1834.0000    59.1200 
 1836.0000    59.0200 
 1838.0000    58.9400 
 1840.0000    58.8600 
 1842.0000    58.7600 
 1844.0000    58.6800 
 1846.0000    58.6100 
 1848.0000    58.5200 
 1850.0000    58.4000 
 1852.0000    58.2700 
 1854.0000    58.1200 
 1856.0000    57.9800 
 1858.0000    57.8300 
 1860.0000    57.6900 
 1862.0000    57.5900 
 1864.0000    57.4500 
 1866.0000    57.2600 
 1868.0000    57.0400 
 1870.0000    56.7800 
 1872.0000    56.5150 
 1874.0000    56.2300 
 1876.0000    55.8600 
 1878.0000    55.4900 
 1880.0000    55.0800 
 1882.0000    54.6500 
 1884.0000    54.2000 
 1886.0000    53.7700 
 1888.0000    53.4400 
 1890.0000    53.1500 
 1892.0000    52.9400 
 1894.0000    52.7700 
 1896.0000    52.7300 
 1898.0000    52.8000 
 1900.0000    52.8500 
 1902.0000    52.8150 
 1904.0000    52.7300 
 1906.0000    52.6300 
 1908.0000    52.5400 
 1910.0000    52.4500 
 1912.0000    52.3400 
 1914.0000    52.2500 
 1916.0000    52.2050 
 1918.0000    52.1600 
 1920.0000    52.1000 
 1922.0000    52.0600 
 1924.0000    52.0000 
 1926.0000    51.9500 
 1928.0000    51.9300 
 1930.0000    51.8900 
 1932.0000    51.9100 
 1934.0000    51.9100 
 1936.0000    51.9100 
 1938.0000    51.9200 
 1940.0000    51.9200 
 1942.0000    51.9800 
 1944.0000    52.0100 
 1946.0000    52.0200 
 1948.0000    52.0700 
 1950.0000    52.1100 
 1952.0000    52.1600 
 1954.0000    52.1700 
 1956.0000    52.2000 
 1958.0000    52.2500 
 1960.0000    52.2900 
 1962.0000    52.3150 
 1964.0000    52.3500 
 1966.0000    52.4000 
 1968.0000    52.4300 
 1970.0000    52.4300 
 1972.0000    52.4400 
 1974.0000    52.5200 
 1976.0000    52.6200 
 1978.0000    52.6600 
 1980.0000    52.6700 
 1982.0000    52.6800 
 1984.0000    52.7100 
 1986.0000    52.7800 
 1988.0000    52.8300 
 1990.0000    52.8700 
 1992.0000    52.9250 
 1994.0000    52.9600 
 1996.0000    52.9700 
 1998.0000    52.9700 
 2000.0000    52.9000 
 2002.0000    52.8300 
 2004.0000    52.7200 
 2006.0000    52.6000 
 2008.0000    52.4900 
 2010.0000    52.4300 
 2012.0000    52.4700 
 2014.0000    52.6400 
 2016.0000    52.8900 
 2018.0000    53.1700 
 2020.0000    53.5350 
 2022.0000    53.9400 
 2024.0000    54.3400 
 2026.0000    54.6850 
 2028.0000    54.9000 
 2030.0000    55.1000 
 2032.0000    55.3100 
 2034.0000    55.5100 
 2036.0000    55.7000 
 2038.0000    55.8350 
 2040.0000    55.9900 
 2042.0000    56.1100 
 2044.0000    56.1800 
 2046.0000    56.2300 
 2048.0000    56.3100 
 2050.0000    56.4000 
 2052.0000    56.4900 
 2054.0000    56.5600 
 2056.0000    56.6100 
 2058.0000    56.6700 
 2060.0000    56.6900 
 2062.0000    56.7400 
 2064.0000    56.7900 
 2066.0000    56.8300 
 2068.0000    56.8600 
 2070.0000    56.8700 
 2072.0000    56.9100 
 2074.0000    56.9200 
 2076.0000    56.9600 
 2078.0000    56.9600 
 2080.0000    56.9000 
 2082.0000    56.8700 
 2084.0000    56.8700 
 2086.0000    56.9100 
 2088.0000    56.9400 
 2090.0000    56.9000 
 2092.0000    56.8750 
 2094.0000    56.8400 
 2096.0000    56.7900 
 2098.0000    56.7400 
 2100.0000    56.7300 
 2102.0000    56.7100 
 2104.0000    56.6400 
 2106.0000    56.5700 
 2108.0000    56.5100 
 2110.0000    56.4700 
 2112.0000    56.4600 
 2114.0000    56.4100 
 2116.0000    56.4100 
 2118.0000    56.3300 
 2120.0000    56.2600 
 2122.0000    56.2100 
 2124.0000    56.1600 
 2126.0000    56.1500 
 2128.0000    56.0300 
 2130.0000    55.9200 
 2132.0000    55.8500 
 2134.0000    55.8100 
 2136.0000    55.7600 
 2138.0000    55.6500 
 2140.0000    55.5600 
 2142.0000    55.4500 
 2144.0000    55.3400 
 2146.0000    55.2000 
 2148.0000    55.0300 
 2150.0000    54.8100 
 2152.0000    54.5750 
 2154.0000    54.3500 
 2156.0000    54.1700 
 2158.0000    54.0100 
 2160.0000    53.8800 
 2162.0000    53.7850 
 2164.0000    53.7500 
 2166.0000    53.6900 
 2168.0000    53.6050 
 2170.0000    53.5100 
 2172.0000    53.4500 
 2174.0000    53.4200 
 2176.0000    53.3700 
 2178.0000    53.3900 
 2180.0000    53.4300 
 2182.0000    53.5300 
 2184.0000    53.6200 
 2186.0000    53.7000 
 2188.0000    53.7500 
 2190.0000    53.8000 
 2192.0000    53.8100 
 2194.0000    53.7150 
 2196.0000    53.6300 
 2198.0000    53.5200 
 2200.0000    53.4300 
 2202.0000    53.2800 
 2204.0000    53.1400 
 2206.0000    53.0600 
 2208.0000    53.0100 
 2210.0000    52.9250 
 2212.0000    52.8100 
 2214.0000    52.7450 
 2216.0000    52.7000 
 2218.0000    52.6000 
 2220.0000    52.4700 
 2222.0000    52.3000 
 2224.0000    52.1300 
 2226.0000    51.9500 
 2228.0000    51.7600 
 2230.0000    51.5900 
 2232.0000    51.3800 
 2234.0000    51.1600 
 2236.0000    50.9300 
 2238.0000    50.7000 
 2240.0000    50.4800 
 2242.0000    50.2500 
 2244.0000    49.9700 
 2246.0000    49.6600 
 2248.0000    49.3600 
 2250.0000    49.0900 
 2252.0000    48.7800 
 2254.0000    48.4700 
 2256.0000    48.1100 
 2258.0000    47.7900 
 2260.0000    47.5100 
 2262.0000    47.1600 
 2264.0000    46.8600 
 2266.0000    46.4800 
 2268.0000    46.1700 
 2270.0000    45.8100 
 2272.0000    45.4500 
 2274.0000    45.0900 
 2276.0000    44.7000 
 2278.0000    44.3200 
 2280.0000    43.9100 
 2282.0000    43.4500 
 2284.0000    42.9400 
 2286.0000    42.3800 
 2288.0000    41.8600 
 2290.0000    41.3400 
 2292.0000    40.7900 
 2294.0000    40.3000 
 2296.0000    39.8400 
 2298.0000    39.4300 
 2300.0000    39.0100 
 2302.0000    38.6500 
 2304.0000    38.3300 
 2306.0000    38.0400 
 2308.0000    37.7700 
 2310.0000    37.5000 
 2312.0000    37.2200 
 2314.0000    36.9500 
 2316.0000    36.7700 
 2318.0000    36.5600 
 2320.0000    36.3400 
 2322.0000    36.1300 
 2324.0000    35.9250 
 2326.0000    35.7700 
 2328.0000    35.6100 
 2330.0000    35.4200 
 2332.0000    35.1900 
 2334.0000    34.9700 
 2336.0000    34.8100 
 2338.0000    34.6400 
 2340.0000    34.4500 
 2342.0000    34.2700 
 2344.0000    34.0700 
 2346.0000    33.8000 
 2348.0000    33.5000 
 2350.0000    33.1400 
 2352.0000    32.8800 
 2354.0000    32.5900 
 2356.0000    32.3400 
 2358.0000    32.2100 
 2360.0000    32.1500 
 2362.0000    32.1000 
 2364.0000    32.0900 
 2366.0000    32.2100 
 2368.0000    32.4400 
 2370.0000    32.7600 
 2372.0000    33.1950 
 2374.0000    33.7600 
 2376.0000    34.4600 
 2378.0000    35.3400 
 2380.0000    36.4450 
 2382.0000    37.8600 
 2384.0000    39.3400 
 2386.0000    40.9300 
 2388.0000    42.4200 
 2390.0000    43.7900 
 2392.0000    44.9300 
 2394.0000    45.8700 
 2396.0000    46.5600 
 2398.0000    47.0200 
 2400.0000    47.3900 
 2402.0000    47.6000 
 2404.0000    47.6900 
 2406.0000    47.7100 
 2408.0000    47.6200 
 2410.0000    47.4000 
 2412.0000    47.1200 
 2414.0000    46.8700 
 2416.0000    46.6100 
 2418.0000    46.2500 
 2420.0000    45.8300 
 2422.0000    45.4200 
 2424.0000    45.1000 
 2426.0000    44.9500 
 2428.0000    44.7300 
 2430.0000    44.4200 
 2432.0000    44.1400 
 2434.0000    43.7600 
 2436.0000    43.3500 
 2438.0000    42.9500 
 2440.0000    42.5800 
 2442.0000    42.2000 
 2444.0000    41.7600 
 2446.0000    41.3000 
 2448.0000    40.8600 
 2450.0000    40.4300 
 2452.0000    39.9900 
 2454.0000    39.5500 
 2456.0000    39.0200 
 2458.0000    38.5500 
 2460.0000    37.9100 
 2462.0000    37.2900 
 2464.0000    36.6200 
 2466.0000    35.9600 
 2468.0000    35.2900 
 2470.0000    34.5500 
 2472.0000    33.9400 
 2474.0000    33.2600 
 2476.0000    32.5600 
 2478.0000    31.9000 
 2480.0000    31.2200 
 2482.0000    30.5500 
 2484.0000    29.9700 
 2486.0000    29.5400 
 2488.0000    29.0200 
 2490.0000    28.4800 
 2492.0000    28.0600 
 2494.0000    27.8500 
 2496.0000    27.5550 
 2498.0000    27.3400 
 2500.0000    27.1800 
