 1300.0000    12.2100 
 1302.0000    12.5200 
 1304.0000    12.6500 
 1306.0000    12.8000 
 1308.0000    12.8050 
 1310.0000    12.9400 
 1312.0000    12.9700 
 1314.0000    12.8700 
 1316.0000    12.7900 
 1318.0000    12.7400 
 1320.0000    12.7000 
 1322.0000    12.7000 
 1324.0000    12.6600 
 1326.0000    12.6500 
 1328.0000    12.6800 
 1330.0000    12.7300 
 1332.0000    12.7900 
 1334.0000    12.8500 
 1336.0000    12.8800 
 1338.0000    12.9300 
 1340.0000    12.9600 
 1342.0000    13.0000 
 1344.0000    13.0300 
 1346.0000    13.0500 
 1348.0000    13.0600 
 1350.0000    13.1100 
 1352.0000    13.1700 
 1354.0000    13.2600 
 1356.0000    13.3200 
 1358.0000    13.3800 
 1360.0000    13.4200 
 1362.0000    13.4600 
 1364.0000    13.5100 
 1366.0000    13.5800 
 1368.0000    13.6500 
 1370.0000    13.7300 
 1372.0000    13.7750 
 1374.0000    13.8400 
 1376.0000    13.8900 
 1378.0000    13.9500 
 1380.0000    14.0300 
 1382.0000    14.0800 
 1384.0000    14.1400 
 1386.0000    14.2000 
 1388.0000    14.2800 
 1390.0000    14.3600 
 1392.0000    14.4300 
 1394.0000    14.4800 
 1396.0000    14.5300 
 1398.0000    14.6100 
 1400.0000    14.7000 
 1402.0000    14.7600 
 1404.0000    14.8000 
 1406.0000    14.8900 
 1408.0000    14.9700 
 1410.0000    15.0600 
 1412.0000    15.1400 
 1414.0000    15.2200 
 1416.0000    15.3100 
 1418.0000    15.4000 
 1420.0000    15.4800 
 1422.0000    15.5300 
 1424.0000    15.6200 
 1426.0000    15.7500 
 1428.0000    15.8800 
 1430.0000    16.0000 
 1432.0000    16.1000 
 1434.0000    16.1900 
 1436.0000    16.3000 
 1438.0000    16.3900 
 1440.0000    16.4800 
 1442.0000    16.5900 
 1444.0000    16.7300 
 1446.0000    16.8500 
 1448.0000    16.9900 
 1450.0000    17.1000 
 1452.0000    17.2200 
 1454.0000    17.3400 
 1456.0000    17.4300 
 1458.0000    17.5500 
 1460.0000    17.6900 
 1462.0000    17.8500 
 1464.0000    18.0100 
 1466.0000    18.1500 
 1468.0000    18.2600 
 1470.0000    18.3800 
 1472.0000    18.5200 
 1474.0000    18.6800 
 1476.0000    18.8500 
 1478.0000    18.9900 
 1480.0000    19.1300 
 1482.0000    19.2700 
 1484.0000    19.4300 
 1486.0000    19.6200 
 1488.0000    19.8100 
 1490.0000    19.9800 
 1492.0000    20.1700 
 1494.0000    20.3600 
 1496.0000    20.5800 
 1498.0000    20.7800 
 1500.0000    21.0000 
 1502.0000    21.2300 
 1504.0000    21.4500 
 1506.0000    21.6700 
 1508.0000    21.8500 
 1510.0000    22.0300 
 1512.0000    22.2600 
 1514.0000    22.4600 
 1516.0000    22.7200 
 1518.0000    22.9500 
 1520.0000    23.1800 
 1522.0000    23.4400 
 1524.0000    23.6800 
 1526.0000    23.9200 
 1528.0000    24.1900 
 1530.0000    24.4500 
 1532.0000    24.7000 
 1534.0000    24.9500 
 1536.0000    25.1850 
 1538.0000    25.4500 
 1540.0000    25.7300 
 1542.0000    26.0000 
 1544.0000    26.2900 
 1546.0000    26.5850 
 1548.0000    26.8800 
 1550.0000    27.1400 
 1552.0000    27.3900 
 1554.0000    27.6450 
 1556.0000    27.9300 
 1558.0000    28.2300 
 1560.0000    28.5100 
 1562.0000    28.7900 
 1564.0000    29.1000 
 1566.0000    29.4000 
 1568.0000    29.7100 
 1570.0000    29.9900 
 1572.0000    30.2800 
 1574.0000    30.6100 
 1576.0000    30.9500 
 1578.0000    31.2800 
 1580.0000    31.5700 
 1582.0000    31.8500 
 1584.0000    32.1000 
 1586.0000    32.3700 
 1588.0000    32.6700 
 1590.0000    32.9600 
 1592.0000    33.2400 
 1594.0000    33.5100 
 1596.0000    33.7500 
 1598.0000    34.0400 
 1600.0000    34.3700 
 1602.0000    34.6400 
 1604.0000    34.9100 
 1606.0000    35.1800 
 1608.0000    35.4400 
 1610.0000    35.7400 
 1612.0000    36.0000 
 1614.0000    36.2500 
 1616.0000    36.5200 
 1618.0000    36.7500 
 1620.0000    36.9700 
 1622.0000    37.1700 
 1624.0000    37.4000 
 1626.0000    37.6500 
 1628.0000    37.9100 
 1630.0000    38.1400 
 1632.0000    38.3400 
 1634.0000    38.5200 
 1636.0000    38.7100 
 1638.0000    38.9050 
 1640.0000    39.1200 
 1642.0000    39.3500 
 1644.0000    39.5900 
 1646.0000    39.8200 
 1648.0000    40.0400 
 1650.0000    40.2000 
 1652.0000    40.3500 
 1654.0000    40.5200 
 1656.0000    40.7000 
 1658.0000    40.8800 
 1660.0000    41.0300 
 1662.0000    41.2000 
 1664.0000    41.3800 
 1666.0000    41.5600 
 1668.0000    41.7100 
 1670.0000    41.8500 
 1672.0000    42.0300 
 1674.0000    42.2400 
 1676.0000    42.3900 
 1678.0000    42.5600 
 1680.0000    42.7100 
 1682.0000    42.8500 
 1684.0000    43.0000 
 1686.0000    43.1200 
 1688.0000    43.2700 
 1690.0000    43.4400 
 1692.0000    43.5700 
 1694.0000    43.7100 
 1696.0000    43.8200 
 1698.0000    43.9500 
 1700.0000    44.0900 
 1702.0000    44.2400 
 1704.0000    44.3600 
 1706.0000    44.4900 
 1708.0000    44.5800 
 1710.0000    44.6800 
 1712.0000    44.8100 
 1714.0000    44.9200 
 1716.0000    45.0300 
 1718.0000    45.1500 
 1720.0000    45.2300 
 1722.0000    45.3400 
 1724.0000    45.4300 
 1726.0000    45.5300 
 1728.0000    45.6500 
 1730.0000    45.7300 
 1732.0000    45.8300 
 1734.0000    45.9300 
 1736.0000    46.0800 
 1738.0000    46.2200 
 1740.0000    46.3200 
 1742.0000    46.4200 
 1744.0000    46.5000 
 1746.0000    46.5900 
 1748.0000    46.6800 
 1750.0000    46.7400 
 1752.0000    46.8300 
 1754.0000    46.9200 
 1756.0000    47.0000 
 1758.0000    47.0800 
 1760.0000    47.1600 
 1762.0000    47.2300 
 1764.0000    47.3200 
 1766.0000    47.4100 
 1768.0000    47.4800 
 1770.0000    47.5500 
 1772.0000    47.6100 
 1774.0000    47.6600 
 1776.0000    47.7500 
 1778.0000    47.8400 
 1780.0000    47.9100 
 1782.0000    47.9700 
 1784.0000    48.0400 
 1786.0000    48.0800 
 1788.0000    48.1300 
 1790.0000    48.1800 
 1792.0000    48.2200 
 1794.0000    48.2800 
 1796.0000    48.3300 
 1798.0000    48.3700 
 1800.0000    48.3800 
 1802.0000    48.4000 
 1804.0000    48.4200 
 1806.0000    48.4300 
 1808.0000    48.4700 
 1810.0000    48.5000 
 1812.0000    48.5500 
 1814.0000    48.5900 
 1816.0000    48.5900 
 1818.0000    48.5600 
 1820.0000    48.5500 
 1822.0000    48.5800 
 1824.0000    48.6100 
 1826.0000    48.6000 
 1828.0000    48.5900 
 1830.0000    48.5700 
 1832.0000    48.5600 
 1834.0000    48.5600 
 1836.0000    48.5500 
 1838.0000    48.5500 
 1840.0000    48.5100 
 1842.0000    48.4600 
 1844.0000    48.4400 
 1846.0000    48.4300 
 1848.0000    48.4300 
 1850.0000    48.4200 
 1852.0000    48.4000 
 1854.0000    48.4100 
 1856.0000    48.3900 
 1858.0000    48.3200 
 1860.0000    48.2500 
 1862.0000    48.2100 
 1864.0000    48.1900 
 1866.0000    48.1900 
 1868.0000    48.1500 
 1870.0000    48.0900 
 1872.0000    48.0400 
 1874.0000    47.9700 
 1876.0000    47.9100 
 1878.0000    47.8400 
 1880.0000    47.7600 
 1882.0000    47.6900 
 1884.0000    47.6300 
 1886.0000    47.5400 
 1888.0000    47.4400 
 1890.0000    47.3800 
 1892.0000    47.2300 
 1894.0000    47.1200 
 1896.0000    47.0200 
 1898.0000    46.9100 
 1900.0000    46.8100 
 1902.0000    46.6900 
 1904.0000    46.5800 
 1906.0000    46.4900 
 1908.0000    46.4000 
 1910.0000    46.3500 
 1912.0000    46.3500 
 1914.0000    46.3600 
 1916.0000    46.3200 
 1918.0000    46.2500 
 1920.0000    46.1900 
 1922.0000    46.1600 
 1924.0000    46.1400 
 1926.0000    46.1300 
 1928.0000    46.0900 
 1930.0000    46.0900 
 1932.0000    46.0600 
 1934.0000    46.0600 
 1936.0000    46.0700 
 1938.0000    46.0900 
 1940.0000    46.1100 
 1942.0000    46.1100 
 1944.0000    46.0700 
 1946.0000    46.0600 
 1948.0000    46.1000 
 1950.0000    46.1500 
 1952.0000    46.1800 
 1954.0000    46.1800 
 1956.0000    46.1800 
 1958.0000    46.2000 
 1960.0000    46.2100 
 1962.0000    46.1800 
 1964.0000    46.1800 
 1966.0000    46.2000 
 1968.0000    46.2500 
 1970.0000    46.2900 
 1972.0000    46.3100 
 1974.0000    46.3300 
 1976.0000    46.3400 
 1978.0000    46.3100 
 1980.0000    46.3100 
 1982.0000    46.3300 
 1984.0000    46.3700 
 1986.0000    46.4100 
 1988.0000    46.4000 
 1990.0000    46.4400 
 1992.0000    46.4800 
 1994.0000    46.4900 
 1996.0000    46.5200 
 1998.0000    46.5100 
 2000.0000    46.5300 
 2002.0000    46.5300 
 2004.0000    46.5300 
 2006.0000    46.5900 
 2008.0000    46.6500 
 2010.0000    46.7500 
 2012.0000    46.8300 
 2014.0000    46.9100 
 2016.0000    46.9900 
 2018.0000    47.0100 
 2020.0000    47.0900 
 2022.0000    47.2100 
 2024.0000    47.3600 
 2026.0000    47.4900 
 2028.0000    47.5500 
 2030.0000    47.6100 
 2032.0000    47.6500 
 2034.0000    47.7500 
 2036.0000    47.8400 
 2038.0000    47.8800 
 2040.0000    47.9200 
 2042.0000    47.9600 
 2044.0000    48.0200 
 2046.0000    48.0500 
 2048.0000    48.0300 
 2050.0000    48.0200 
 2052.0000    48.0500 
 2054.0000    48.1100 
 2056.0000    48.1600 
 2058.0000    48.1500 
 2060.0000    48.1100 
 2062.0000    48.1100 
 2064.0000    48.1600 
 2066.0000    48.2100 
 2068.0000    48.2200 
 2070.0000    48.2300 
 2072.0000    48.2300 
 2074.0000    48.2300 
 2076.0000    48.2200 
 2078.0000    48.2000 
 2080.0000    48.1700 
 2082.0000    48.1500 
 2084.0000    48.1300 
 2086.0000    48.1100 
 2088.0000    48.0800 
 2090.0000    48.0400 
 2092.0000    48.0100 
 2094.0000    47.9800 
 2096.0000    47.9300 
 2098.0000    47.9000 
 2100.0000    47.8700 
 2102.0000    47.8500 
 2104.0000    47.8400 
 2106.0000    47.7800 
 2108.0000    47.7300 
 2110.0000    47.6800 
 2112.0000    47.6300 
 2114.0000    47.5900 
 2116.0000    47.5600 
 2118.0000    47.5100 
 2120.0000    47.4400 
 2122.0000    47.3900 
 2124.0000    47.3600 
 2126.0000    47.3700 
 2128.0000    47.2400 
 2130.0000    47.1300 
 2132.0000    47.0500 
 2134.0000    47.0200 
 2136.0000    47.0200 
 2138.0000    46.9700 
 2140.0000    46.8800 
 2142.0000    46.7500 
 2144.0000    46.6200 
 2146.0000    46.5400 
 2148.0000    46.5000 
 2150.0000    46.4600 
 2152.0000    46.3900 
 2154.0000    46.3500 
 2156.0000    46.3100 
 2158.0000    46.2700 
 2160.0000    46.2000 
 2162.0000    46.1400 
 2164.0000    46.1100 
 2166.0000    46.1000 
 2168.0000    46.1000 
 2170.0000    46.0800 
 2172.0000    46.0500 
 2174.0000    46.0600 
 2176.0000    46.0200 
 2178.0000    45.9900 
 2180.0000    45.9100 
 2182.0000    45.8300 
 2184.0000    45.7400 
 2186.0000    45.6600 
 2188.0000    45.6400 
 2190.0000    45.5900 
 2192.0000    45.5000 
 2194.0000    45.4300 
 2196.0000    45.3100 
 2198.0000    45.1700 
 2200.0000    45.0400 
 2202.0000    44.9400 
 2204.0000    44.8600 
 2206.0000    44.7800 
 2208.0000    44.6600 
 2210.0000    44.5100 
 2212.0000    44.3400 
 2214.0000    44.2000 
 2216.0000    44.0700 
 2218.0000    43.9000 
 2220.0000    43.7200 
 2222.0000    43.5900 
 2224.0000    43.4600 
 2226.0000    43.3500 
 2228.0000    43.1900 
 2230.0000    43.0300 
 2232.0000    42.7800 
 2234.0000    42.5900 
 2236.0000    42.4300 
 2238.0000    42.2200 
 2240.0000    41.9900 
 2242.0000    41.7500 
 2244.0000    41.5200 
 2246.0000    41.3100 
 2248.0000    41.1200 
 2250.0000    40.9200 
 2252.0000    40.7000 
 2254.0000    40.4700 
 2256.0000    40.2350 
 2258.0000    40.0300 
 2260.0000    39.7850 
 2262.0000    39.5200 
 2264.0000    39.2300 
 2266.0000    39.0100 
 2268.0000    38.8200 
 2270.0000    38.5900 
 2272.0000    38.2900 
 2274.0000    38.0100 
 2276.0000    37.7900 
 2278.0000    37.5800 
 2280.0000    37.4300 
 2282.0000    37.2200 
 2284.0000    36.9700 
 2286.0000    36.6900 
 2288.0000    36.4700 
 2290.0000    36.3100 
 2292.0000    36.1300 
 2294.0000    35.9500 
 2296.0000    35.7800 
 2298.0000    35.5600 
 2300.0000    35.3700 
 2302.0000    35.2000 
 2304.0000    35.0450 
 2306.0000    34.8800 
 2308.0000    34.7900 
 2310.0000    34.6850 
 2312.0000    34.5900 
 2314.0000    34.4800 
 2316.0000    34.3900 
 2318.0000    34.3000 
 2320.0000    34.1650 
 2322.0000    34.0750 
 2324.0000    34.0000 
 2326.0000    33.9600 
 2328.0000    33.8900 
 2330.0000    33.8700 
 2332.0000    33.9300 
 2334.0000    33.9400 
 2336.0000    33.8950 
 2338.0000    33.9100 
 2340.0000    33.9850 
 2342.0000    34.0900 
 2344.0000    34.1500 
 2346.0000    34.2300 
 2348.0000    34.3500 
 2350.0000    34.5200 
 2352.0000    34.7500 
 2354.0000    34.9100 
 2356.0000    35.1000 
 2358.0000    35.2950 
 2360.0000    35.5200 
 2362.0000    35.7700 
 2364.0000    35.9700 
 2366.0000    36.2500 
 2368.0000    36.5100 
 2370.0000    36.7150 
 2372.0000    36.9400 
 2374.0000    37.1100 
 2376.0000    37.3500 
 2378.0000    37.5700 
 2380.0000    37.7400 
 2382.0000    37.8700 
 2384.0000    37.9700 
 2386.0000    38.1300 
 2388.0000    38.2950 
 2390.0000    38.4700 
 2392.0000    38.5900 
 2394.0000    38.6900 
 2396.0000    38.7600 
 2398.0000    38.7700 
 2400.0000    38.7600 
 2402.0000    38.7200 
 2404.0000    38.7700 
 2406.0000    38.8000 
 2408.0000    38.7200 
 2410.0000    38.6500 
 2412.0000    38.6300 
 2414.0000    38.5500 
 2416.0000    38.4200 
 2418.0000    38.3600 
 2420.0000    38.2300 
 2422.0000    38.0600 
 2424.0000    37.8000 
 2426.0000    37.5300 
 2428.0000    37.2800 
 2430.0000    37.1000 
 2432.0000    36.8700 
 2434.0000    36.5800 
 2436.0000    36.3300 
 2438.0000    36.0300 
 2440.0000    35.7800 
 2442.0000    35.4900 
 2444.0000    35.1200 
 2446.0000    34.6600 
 2448.0000    34.3000 
 2450.0000    34.0300 
 2452.0000    33.7150 
 2454.0000    33.3200 
 2456.0000    32.9500 
 2458.0000    32.5400 
 2460.0000    32.1000 
 2462.0000    31.6400 
 2464.0000    31.2550 
 2466.0000    30.8950 
 2468.0000    30.5000 
 2470.0000    30.1800 
 2472.0000    29.8700 
 2474.0000    29.5600 
 2476.0000    29.1700 
 2478.0000    28.8400 
 2480.0000    28.5500 
 2482.0000    28.3100 
 2484.0000    28.1100 
 2486.0000    27.8700 
 2488.0000    27.5500 
 2490.0000    27.3500 
 2492.0000    27.2300 
 2494.0000    27.1400 
 2496.0000    27.0600 
 2498.0000    26.8400 
 2500.0000    26.5700 
