 1300.0000    68.9400 
 1302.0000    68.7900 
 1304.0000    68.6900 
 1306.0000    68.9200 
 1308.0000    69.2900 
 1310.0000    69.5300 
 1312.0000    69.6700 
 1314.0000    69.6600 
 1316.0000    69.5900 
 1318.0000    69.7100 
 1320.0000    69.8200 
 1322.0000    69.9000 
 1324.0000    70.0100 
 1326.0000    70.1200 
 1328.0000    70.1800 
 1330.0000    70.2300 
 1332.0000    70.3100 
 1334.0000    70.3700 
 1336.0000    70.4700 
 1338.0000    70.5600 
 1340.0000    70.5950 
 1342.0000    70.5400 
 1344.0000    70.5200 
 1346.0000    70.5900 
 1348.0000    70.6800 
 1350.0000    70.7200 
 1352.0000    70.8200 
 1354.0000    70.8800 
 1356.0000    70.9100 
 1358.0000    71.0000 
 1360.0000    71.0100 
 1362.0000    71.0200 
 1364.0000    71.0500 
 1366.0000    71.0900 
 1368.0000    71.1500 
 1370.0000    71.2300 
 1372.0000    71.2800 
 1374.0000    71.3000 
 1376.0000    71.3100 
 1378.0000    71.3300 
 1380.0000    71.3300 
 1382.0000    71.3000 
 1384.0000    71.2900 
 1386.0000    71.2700 
 1388.0000    71.2600 
 1390.0000    71.2500 
 1392.0000    71.2100 
 1394.0000    71.1700 
 1396.0000    71.1000 
 1398.0000    71.0500 
 1400.0000    70.9550 
 1402.0000    70.8800 
 1404.0000    70.7900 
 1406.0000    70.7000 
 1408.0000    70.5950 
 1410.0000    70.5200 
 1412.0000    70.4100 
 1414.0000    70.3400 
 1416.0000    70.3100 
 1418.0000    70.2800 
 1420.0000    70.3000 
 1422.0000    70.3200 
 1424.0000    70.3200 
 1426.0000    70.3200 
 1428.0000    70.3000 
 1430.0000    70.2800 
 1432.0000    70.2900 
 1434.0000    70.3400 
 1436.0000    70.3600 
 1438.0000    70.3900 
 1440.0000    70.3700 
 1442.0000    70.3450 
 1444.0000    70.3600 
 1446.0000    70.3600 
 1448.0000    70.3600 
 1450.0000    70.3600 
 1452.0000    70.3600 
 1454.0000    70.3800 
 1456.0000    70.3900 
 1458.0000    70.3900 
 1460.0000    70.4100 
 1462.0000    70.4200 
 1464.0000    70.4500 
 1466.0000    70.4400 
 1468.0000    70.4100 
 1470.0000    70.3700 
 1472.0000    70.3450 
 1474.0000    70.3600 
 1476.0000    70.3800 
 1478.0000    70.3800 
 1480.0000    70.4000 
 1482.0000    70.4000 
 1484.0000    70.4300 
 1486.0000    70.4800 
 1488.0000    70.5100 
 1490.0000    70.5000 
 1492.0000    70.5000 
 1494.0000    70.5000 
 1496.0000    70.5200 
 1498.0000    70.5400 
 1500.0000    70.5250 
 1502.0000    70.5700 
 1504.0000    70.6300 
 1506.0000    70.6800 
 1508.0000    70.6900 
 1510.0000    70.6700 
 1512.0000    70.6400 
 1514.0000    70.6400 
 1516.0000    70.6600 
 1518.0000    70.6600 
 1520.0000    70.6800 
 1522.0000    70.7050 
 1524.0000    70.7400 
 1526.0000    70.7500 
 1528.0000    70.7400 
 1530.0000    70.7200 
 1532.0000    70.7200 
 1534.0000    70.7000 
 1536.0000    70.6900 
 1538.0000    70.6900 
 1540.0000    70.6900 
 1542.0000    70.7050 
 1544.0000    70.6900 
 1546.0000    70.6600 
 1548.0000    70.6800 
 1550.0000    70.6700 
 1552.0000    70.6600 
 1554.0000    70.6200 
 1556.0000    70.6200 
 1558.0000    70.6500 
 1560.0000    70.6800 
 1562.0000    70.6700 
 1564.0000    70.6500 
 1566.0000    70.6400 
 1568.0000    70.6200 
 1570.0000    70.5950 
 1572.0000    70.5900 
 1574.0000    70.5600 
 1576.0000    70.5500 
 1578.0000    70.5200 
 1580.0000    70.5400 
 1582.0000    70.5900 
 1584.0000    70.6500 
 1586.0000    70.6600 
 1588.0000    70.6700 
 1590.0000    70.6700 
 1592.0000    70.6800 
 1594.0000    70.7000 
 1596.0000    70.7050 
 1598.0000    70.7000 
 1600.0000    70.7050 
 1602.0000    70.6900 
 1604.0000    70.6800 
 1606.0000    70.7000 
 1608.0000    70.6300 
 1610.0000    70.5500 
 1612.0000    70.5200 
 1614.0000    70.5250 
 1616.0000    70.5800 
 1618.0000    70.5800 
 1620.0000    70.5250 
 1622.0000    70.4600 
 1624.0000    70.4100 
 1626.0000    70.3900 
 1628.0000    70.4300 
 1630.0000    70.4200 
 1632.0000    70.3900 
 1634.0000    70.3450 
 1636.0000    70.3100 
 1638.0000    70.3000 
 1640.0000    70.3100 
 1642.0000    70.3100 
 1644.0000    70.3000 
 1646.0000    70.2900 
 1648.0000    70.2200 
 1650.0000    70.1600 
 1652.0000    70.0950 
 1654.0000    70.0500 
 1656.0000    70.0100 
 1658.0000    70.0000 
 1660.0000    69.9850 
 1662.0000    69.9700 
 1664.0000    69.9500 
 1666.0000    69.9100 
 1668.0000    69.8700 
 1670.0000    69.8400 
 1672.0000    69.7600 
 1674.0000    69.7300 
 1676.0000    69.7100 
 1678.0000    69.7100 
 1680.0000    69.7000 
 1682.0000    69.6900 
 1684.0000    69.6700 
 1686.0000    69.6600 
 1688.0000    69.6800 
 1690.0000    69.6500 
 1692.0000    69.6100 
 1694.0000    69.5900 
 1696.0000    69.5550 
 1698.0000    69.5550 
 1700.0000    69.5100 
 1702.0000    69.4600 
 1704.0000    69.4300 
 1706.0000    69.4200 
 1708.0000    69.4000 
 1710.0000    69.3750 
 1712.0000    69.3400 
 1714.0000    69.3100 
 1716.0000    69.2500 
 1718.0000    69.1900 
 1720.0000    69.1200 
 1722.0000    69.0500 
 1724.0000    69.0150 
 1726.0000    69.0100 
 1728.0000    69.0000 
 1730.0000    68.9800 
 1732.0000    68.9400 
 1734.0000    68.9000 
 1736.0000    68.8600 
 1738.0000    68.8200 
 1740.0000    68.7650 
 1742.0000    68.7200 
 1744.0000    68.7000 
 1746.0000    68.6800 
 1748.0000    68.6700 
 1750.0000    68.6600 
 1752.0000    68.6100 
 1754.0000    68.5600 
 1756.0000    68.5300 
 1758.0000    68.5100 
 1760.0000    68.4800 
 1762.0000    68.4500 
 1764.0000    68.4300 
 1766.0000    68.4050 
 1768.0000    68.4000 
 1770.0000    68.3600 
 1772.0000    68.3500 
 1774.0000    68.3350 
 1776.0000    68.3300 
 1778.0000    68.3350 
 1780.0000    68.3350 
 1782.0000    68.3350 
 1784.0000    68.3300 
 1786.0000    68.2900 
 1788.0000    68.2700 
 1790.0000    68.2600 
 1792.0000    68.2400 
 1794.0000    68.2400 
 1796.0000    68.2100 
 1798.0000    68.1500 
 1800.0000    68.1100 
 1802.0000    68.0700 
 1804.0000    68.0400 
 1806.0000    68.0200 
 1808.0000    67.9750 
 1810.0000    67.9200 
 1812.0000    67.8500 
 1814.0000    67.7700 
 1816.0000    67.7400 
 1818.0000    67.6500 
 1820.0000    67.5500 
 1822.0000    67.4500 
 1824.0000    67.3500 
 1826.0000    67.2800 
 1828.0000    67.2100 
 1830.0000    67.1100 
 1832.0000    67.0200 
 1834.0000    66.9100 
 1836.0000    66.8250 
 1838.0000    66.7700 
 1840.0000    66.6900 
 1842.0000    66.5900 
 1844.0000    66.4400 
 1846.0000    66.3600 
 1848.0000    66.3000 
 1850.0000    66.2150 
 1852.0000    66.1200 
 1854.0000    66.0000 
 1856.0000    65.8700 
 1858.0000    65.7500 
 1860.0000    65.6750 
 1862.0000    65.6050 
 1864.0000    65.5400 
 1866.0000    65.4250 
 1868.0000    65.3000 
 1870.0000    65.1400 
 1872.0000    64.9600 
 1874.0000    64.7400 
 1876.0000    64.5500 
 1878.0000    64.3300 
 1880.0000    64.1100 
 1882.0000    63.8800 
 1884.0000    63.6200 
 1886.0000    63.3900 
 1888.0000    63.1700 
 1890.0000    63.0100 
 1892.0000    62.8900 
 1894.0000    62.8200 
 1896.0000    62.8100 
 1898.0000    62.8750 
 1900.0000    62.9450 
 1902.0000    63.0300 
 1904.0000    63.0300 
 1906.0000    63.0200 
 1908.0000    62.9450 
 1910.0000    62.8300 
 1912.0000    62.6900 
 1914.0000    62.5500 
 1916.0000    62.4200 
 1918.0000    62.2800 
 1920.0000    62.1200 
 1922.0000    62.0000 
 1924.0000    61.9000 
 1926.0000    61.7900 
 1928.0000    61.6700 
 1930.0000    61.5700 
 1932.0000    61.4700 
 1934.0000    61.3600 
 1936.0000    61.2900 
 1938.0000    61.2500 
 1940.0000    61.2000 
 1942.0000    61.1150 
 1944.0000    61.0600 
 1946.0000    61.0050 
 1948.0000    60.9700 
 1950.0000    60.9100 
 1952.0000    60.8200 
 1954.0000    60.7100 
 1956.0000    60.6500 
 1958.0000    60.6000 
 1960.0000    60.5500 
 1962.0000    60.4800 
 1964.0000    60.3900 
 1966.0000    60.3400 
 1968.0000    60.3250 
 1970.0000    60.2600 
 1972.0000    60.1800 
 1974.0000    60.0600 
 1976.0000    59.9650 
 1978.0000    59.9400 
 1980.0000    59.9000 
 1982.0000    59.8500 
 1984.0000    59.7600 
 1986.0000    59.6600 
 1988.0000    59.6300 
 1990.0000    59.6400 
 1992.0000    59.6200 
 1994.0000    59.5600 
 1996.0000    59.4500 
 1998.0000    59.3400 
 2000.0000    59.2000 
 2002.0000    59.0800 
 2004.0000    58.9950 
 2006.0000    58.9100 
 2008.0000    58.8400 
 2010.0000    58.8100 
 2012.0000    58.8000 
 2014.0000    58.8800 
 2016.0000    58.9300 
 2018.0000    59.0300 
 2020.0000    59.1900 
 2022.0000    59.3500 
 2024.0000    59.5300 
 2026.0000    59.6700 
 2028.0000    59.7800 
 2030.0000    59.8900 
 2032.0000    59.9300 
 2034.0000    59.9600 
 2036.0000    60.0200 
 2038.0000    60.0800 
 2040.0000    60.1100 
 2042.0000    60.1300 
 2044.0000    60.1600 
 2046.0000    60.2150 
 2048.0000    60.2500 
 2050.0000    60.2400 
 2052.0000    60.2600 
 2054.0000    60.2900 
 2056.0000    60.3200 
 2058.0000    60.3200 
 2060.0000    60.3100 
 2062.0000    60.2900 
 2064.0000    60.3000 
 2066.0000    60.3400 
 2068.0000    60.3800 
 2070.0000    60.3900 
 2072.0000    60.3600 
 2074.0000    60.3600 
 2076.0000    60.3700 
 2078.0000    60.3900 
 2080.0000    60.3700 
 2082.0000    60.3700 
 2084.0000    60.3900 
 2086.0000    60.4600 
 2088.0000    60.5000 
 2090.0000    60.4600 
 2092.0000    60.4400 
 2094.0000    60.3950 
 2096.0000    60.3700 
 2098.0000    60.3500 
 2100.0000    60.3400 
 2102.0000    60.3250 
 2104.0000    60.2800 
 2106.0000    60.2700 
 2108.0000    60.2600 
 2110.0000    60.2800 
 2112.0000    60.2300 
 2114.0000    60.1800 
 2116.0000    60.1600 
 2118.0000    60.1400 
 2120.0000    60.1300 
 2122.0000    60.1300 
 2124.0000    60.1300 
 2126.0000    60.1000 
 2128.0000    60.0000 
 2130.0000    59.9300 
 2132.0000    59.9200 
 2134.0000    59.8900 
 2136.0000    59.8200 
 2138.0000    59.6900 
 2140.0000    59.6000 
 2142.0000    59.5300 
 2144.0000    59.4200 
 2146.0000    59.3300 
 2148.0000    59.1900 
 2150.0000    59.1100 
 2152.0000    59.0300 
 2154.0000    58.9900 
 2156.0000    58.9400 
 2158.0000    58.8500 
 2160.0000    58.7700 
 2162.0000    58.6900 
 2164.0000    58.6350 
 2166.0000    58.6200 
 2168.0000    58.5800 
 2170.0000    58.5650 
 2172.0000    58.5600 
 2174.0000    58.5650 
 2176.0000    58.6200 
 2178.0000    58.6700 
 2180.0000    58.7200 
 2182.0000    58.7300 
 2184.0000    58.7200 
 2186.0000    58.7200 
 2188.0000    58.7300 
 2190.0000    58.6900 
 2192.0000    58.6500 
 2194.0000    58.5200 
 2196.0000    58.3850 
 2198.0000    58.3000 
 2200.0000    58.1900 
 2202.0000    58.0700 
 2204.0000    57.9600 
 2206.0000    57.8700 
 2208.0000    57.8200 
 2210.0000    57.7500 
 2212.0000    57.6500 
 2214.0000    57.5300 
 2216.0000    57.3700 
 2218.0000    57.2200 
 2220.0000    57.0550 
 2222.0000    56.8700 
 2224.0000    56.6800 
 2226.0000    56.5400 
 2228.0000    56.3300 
 2230.0000    56.1100 
 2232.0000    55.8900 
 2234.0000    55.7200 
 2236.0000    55.5200 
 2238.0000    55.3400 
 2240.0000    55.1000 
 2242.0000    54.8600 
 2244.0000    54.6100 
 2246.0000    54.3800 
 2248.0000    54.0700 
 2250.0000    53.7600 
 2252.0000    53.5100 
 2254.0000    53.2800 
 2256.0000    53.0100 
 2258.0000    52.6700 
 2260.0000    52.3800 
 2262.0000    52.1200 
 2264.0000    51.8900 
 2266.0000    51.5800 
 2268.0000    51.2700 
 2270.0000    51.0400 
 2272.0000    50.8300 
 2274.0000    50.5300 
 2276.0000    50.1100 
 2278.0000    49.7400 
 2280.0000    49.4400 
 2282.0000    49.1600 
 2284.0000    48.8500 
 2286.0000    48.4500 
 2288.0000    48.0900 
 2290.0000    47.7200 
 2292.0000    47.3500 
 2294.0000    47.0000 
 2296.0000    46.6700 
 2298.0000    46.3800 
 2300.0000    46.1200 
 2302.0000    45.8800 
 2304.0000    45.6200 
 2306.0000    45.3400 
 2308.0000    45.0200 
 2310.0000    44.7400 
 2312.0000    44.5400 
 2314.0000    44.3600 
 2316.0000    44.1700 
 2318.0000    43.9700 
 2320.0000    43.7700 
 2322.0000    43.6100 
 2324.0000    43.4700 
 2326.0000    43.3200 
 2328.0000    43.1900 
 2330.0000    43.1700 
 2332.0000    43.1000 
 2334.0000    43.0200 
 2336.0000    42.8900 
 2338.0000    42.7400 
 2340.0000    42.6500 
 2342.0000    42.4900 
 2344.0000    42.3500 
 2346.0000    42.1700 
 2348.0000    42.0500 
 2350.0000    41.8800 
 2352.0000    41.6800 
 2354.0000    41.4600 
 2356.0000    41.2800 
 2358.0000    41.1300 
 2360.0000    40.9800 
 2362.0000    40.8800 
 2364.0000    40.8200 
 2366.0000    40.7700 
 2368.0000    40.7500 
 2370.0000    40.7700 
 2372.0000    40.9000 
 2374.0000    41.1100 
 2376.0000    41.4300 
 2378.0000    41.7800 
 2380.0000    42.1800 
 2382.0000    42.7200 
 2384.0000    43.3700 
 2386.0000    44.1900 
 2388.0000    45.0200 
 2390.0000    45.9300 
 2392.0000    46.7500 
 2394.0000    47.4600 
 2396.0000    48.0700 
 2398.0000    48.6200 
 2400.0000    48.9700 
 2402.0000    49.1600 
 2404.0000    49.3300 
 2406.0000    49.3700 
 2408.0000    49.3700 
 2410.0000    49.2300 
 2412.0000    49.0900 
 2414.0000    48.9100 
 2416.0000    48.8000 
 2418.0000    48.6600 
 2420.0000    48.4100 
 2422.0000    48.1200 
 2424.0000    47.8500 
 2426.0000    47.5800 
 2428.0000    47.3200 
 2430.0000    47.0900 
 2432.0000    46.9200 
 2434.0000    46.6500 
 2436.0000    46.3500 
 2438.0000    46.0800 
 2440.0000    45.8600 
 2442.0000    45.5300 
 2444.0000    45.1500 
 2446.0000    44.7400 
 2448.0000    44.3800 
 2450.0000    44.0900 
 2452.0000    43.8000 
 2454.0000    43.3800 
 2456.0000    42.8900 
 2458.0000    42.5000 
 2460.0000    42.0700 
 2462.0000    41.5500 
 2464.0000    41.0400 
 2466.0000    40.6100 
 2468.0000    40.0550 
 2470.0000    39.4700 
 2472.0000    38.8900 
 2474.0000    38.4400 
 2476.0000    38.0200 
 2478.0000    37.6500 
 2480.0000    37.3000 
 2482.0000    36.8800 
 2484.0000    36.5000 
 2486.0000    36.1300 
 2488.0000    35.8600 
 2490.0000    35.6000 
 2492.0000    35.2950 
 2494.0000    34.9700 
 2496.0000    34.7400 
 2498.0000    34.5300 
 2500.0000    34.3000 
