 1300.0000    72.8400 
 1302.0000    72.8100 
 1304.0000    73.0200 
 1306.0000    73.2700 
 1308.0000    73.3250 
 1310.0000    73.2300 
 1312.0000    73.0750 
 1314.0000    72.7900 
 1316.0000    72.6300 
 1318.0000    72.2500 
 1320.0000    71.9250 
 1322.0000    71.8000 
 1324.0000    71.7450 
 1326.0000    71.6700 
 1328.0000    71.6750 
 1330.0000    71.4500 
 1332.0000    71.1100 
 1334.0000    70.7750 
 1336.0000    70.5500 
 1338.0000    70.4400 
 1340.0000    70.3200 
 1342.0000    70.2000 
 1344.0000    70.0400 
 1346.0000    69.8700 
 1348.0000    69.6800 
 1350.0000    69.4800 
 1352.0000    69.2800 
 1354.0000    69.1000 
 1356.0000    68.9000 
 1358.0000    68.6700 
 1360.0000    68.4000 
 1362.0000    68.1500 
 1364.0000    67.9400 
 1366.0000    67.7100 
 1368.0000    67.4700 
 1370.0000    67.2200 
 1372.0000    66.9200 
 1374.0000    66.5900 
 1376.0000    66.2400 
 1378.0000    65.8200 
 1380.0000    65.3700 
 1382.0000    64.8500 
 1384.0000    64.3000 
 1386.0000    63.7000 
 1388.0000    63.0900 
 1390.0000    62.3700 
 1392.0000    61.5700 
 1394.0000    60.6900 
 1396.0000    59.7700 
 1398.0000    58.8150 
 1400.0000    57.8450 
 1402.0000    56.9200 
 1404.0000    56.0100 
 1406.0000    55.1150 
 1408.0000    54.2700 
 1410.0000    53.4800 
 1412.0000    52.8000 
 1414.0000    52.2600 
 1416.0000    51.8400 
 1418.0000    51.5400 
 1420.0000    51.3400 
 1422.0000    51.2500 
 1424.0000    51.2800 
 1426.0000    51.4000 
 1428.0000    51.5800 
 1430.0000    51.8300 
 1432.0000    52.1100 
 1434.0000    52.4600 
 1436.0000    52.8400 
 1438.0000    53.2200 
 1440.0000    53.6400 
 1442.0000    54.0600 
 1444.0000    54.5000 
 1446.0000    54.9200 
 1448.0000    55.3200 
 1450.0000    55.7500 
 1452.0000    56.1100 
 1454.0000    56.4700 
 1456.0000    56.7900 
 1458.0000    57.0400 
 1460.0000    57.2500 
 1462.0000    57.4100 
 1464.0000    57.5000 
 1466.0000    57.5300 
 1468.0000    57.5200 
 1470.0000    57.5100 
 1472.0000    57.5500 
 1474.0000    57.6800 
 1476.0000    57.8800 
 1478.0000    58.1700 
 1480.0000    58.5100 
 1482.0000    58.9000 
 1484.0000    59.3700 
 1486.0000    59.8400 
 1488.0000    60.3100 
 1490.0000    60.7550 
 1492.0000    61.1600 
 1494.0000    61.5400 
 1496.0000    61.9000 
 1498.0000    62.2200 
 1500.0000    62.5600 
 1502.0000    62.8700 
 1504.0000    63.1600 
 1506.0000    63.4200 
 1508.0000    63.6650 
 1510.0000    63.9300 
 1512.0000    64.1500 
 1514.0000    64.3700 
 1516.0000    64.5600 
 1518.0000    64.7200 
 1520.0000    64.8800 
 1522.0000    65.0500 
 1524.0000    65.2300 
 1526.0000    65.4100 
 1528.0000    65.5400 
 1530.0000    65.6300 
 1532.0000    65.7100 
 1534.0000    65.7800 
 1536.0000    65.8500 
 1538.0000    65.9100 
 1540.0000    65.9900 
 1542.0000    66.0900 
 1544.0000    66.1800 
 1546.0000    66.2500 
 1548.0000    66.3300 
 1550.0000    66.3800 
 1552.0000    66.4500 
 1554.0000    66.4900 
 1556.0000    66.5500 
 1558.0000    66.6100 
 1560.0000    66.6450 
 1562.0000    66.6800 
 1564.0000    66.7100 
 1566.0000    66.7600 
 1568.0000    66.8000 
 1570.0000    66.8250 
 1572.0000    66.8700 
 1574.0000    66.9100 
 1576.0000    66.9400 
 1578.0000    66.9800 
 1580.0000    66.9800 
 1582.0000    67.0000 
 1584.0000    67.0300 
 1586.0000    67.0300 
 1588.0000    67.0300 
 1590.0000    67.0500 
 1592.0000    67.0900 
 1594.0000    67.1500 
 1596.0000    67.1600 
 1598.0000    67.1500 
 1600.0000    67.1300 
 1602.0000    67.1700 
 1604.0000    67.2300 
 1606.0000    67.2900 
 1608.0000    67.3300 
 1610.0000    67.3500 
 1612.0000    67.3800 
 1614.0000    67.3900 
 1616.0000    67.3900 
 1618.0000    67.3900 
 1620.0000    67.4200 
 1622.0000    67.4300 
 1624.0000    67.4600 
 1626.0000    67.5200 
 1628.0000    67.5500 
 1630.0000    67.5700 
 1632.0000    67.6100 
 1634.0000    67.6400 
 1636.0000    67.6500 
 1638.0000    67.6500 
 1640.0000    67.6400 
 1642.0000    67.6300 
 1644.0000    67.7100 
 1646.0000    67.7800 
 1648.0000    67.8100 
 1650.0000    67.8100 
 1652.0000    67.7900 
 1654.0000    67.7800 
 1656.0000    67.8300 
 1658.0000    67.8300 
 1660.0000    67.8500 
 1662.0000    67.8500 
 1664.0000    67.8400 
 1666.0000    67.8500 
 1668.0000    67.8300 
 1670.0000    67.8200 
 1672.0000    67.7900 
 1674.0000    67.7900 
 1676.0000    67.8100 
 1678.0000    67.8400 
 1680.0000    67.8400 
 1682.0000    67.8500 
 1684.0000    67.8400 
 1686.0000    67.8200 
 1688.0000    67.7800 
 1690.0000    67.7200 
 1692.0000    67.7200 
 1694.0000    67.7400 
 1696.0000    67.7400 
 1698.0000    67.7200 
 1700.0000    67.6900 
 1702.0000    67.6400 
 1704.0000    67.5800 
 1706.0000    67.5400 
 1708.0000    67.5100 
 1710.0000    67.4350 
 1712.0000    67.3300 
 1714.0000    67.2300 
 1716.0000    67.1000 
 1718.0000    67.0050 
 1720.0000    66.8800 
 1722.0000    66.7300 
 1724.0000    66.6200 
 1726.0000    66.5200 
 1728.0000    66.4300 
 1730.0000    66.3400 
 1732.0000    66.1900 
 1734.0000    66.0100 
 1736.0000    65.8500 
 1738.0000    65.7200 
 1740.0000    65.6050 
 1742.0000    65.5300 
 1744.0000    65.4000 
 1746.0000    65.1900 
 1748.0000    65.0650 
 1750.0000    64.9700 
 1752.0000    64.9200 
 1754.0000    64.9100 
 1756.0000    64.8400 
 1758.0000    64.7900 
 1760.0000    64.7400 
 1762.0000    64.6700 
 1764.0000    64.6100 
 1766.0000    64.5600 
 1768.0000    64.5100 
 1770.0000    64.4400 
 1772.0000    64.3600 
 1774.0000    64.3300 
 1776.0000    64.3100 
 1778.0000    64.3000 
 1780.0000    64.2750 
 1782.0000    64.2400 
 1784.0000    64.2100 
 1786.0000    64.1400 
 1788.0000    64.0800 
 1790.0000    64.0400 
 1792.0000    63.9900 
 1794.0000    63.9300 
 1796.0000    63.8600 
 1798.0000    63.8100 
 1800.0000    63.7350 
 1802.0000    63.6900 
 1804.0000    63.6100 
 1806.0000    63.5400 
 1808.0000    63.5100 
 1810.0000    63.4800 
 1812.0000    63.4300 
 1814.0000    63.3400 
 1816.0000    63.2600 
 1818.0000    63.1250 
 1820.0000    63.0500 
 1822.0000    62.9450 
 1824.0000    62.8750 
 1826.0000    62.8100 
 1828.0000    62.7300 
 1830.0000    62.6300 
 1832.0000    62.4800 
 1834.0000    62.3350 
 1836.0000    62.2000 
 1838.0000    62.0400 
 1840.0000    61.8500 
 1842.0000    61.6100 
 1844.0000    61.3500 
 1846.0000    61.0700 
 1848.0000    60.7550 
 1850.0000    60.5000 
 1852.0000    60.2000 
 1854.0000    59.8700 
 1856.0000    59.4900 
 1858.0000    59.0400 
 1860.0000    58.6000 
 1862.0000    58.1100 
 1864.0000    57.5800 
 1866.0000    57.0000 
 1868.0000    56.3200 
 1870.0000    55.5450 
 1872.0000    54.7100 
 1874.0000    53.8100 
 1876.0000    52.8150 
 1878.0000    51.7100 
 1880.0000    50.5100 
 1882.0000    49.2400 
 1884.0000    47.9000 
 1886.0000    46.4400 
 1888.0000    44.8400 
 1890.0000    43.1300 
 1892.0000    41.3500 
 1894.0000    39.4900 
 1896.0000    37.6100 
 1898.0000    35.7400 
 1900.0000    33.9400 
 1902.0000    32.2900 
 1904.0000    30.8600 
 1906.0000    29.6700 
 1908.0000    28.7500 
 1910.0000    28.0700 
 1912.0000    27.6300 
 1914.0000    27.4100 
 1916.0000    27.3400 
 1918.0000    27.4300 
 1920.0000    27.6800 
 1922.0000    28.0700 
 1924.0000    28.5700 
 1926.0000    29.0800 
 1928.0000    29.6200 
 1930.0000    30.2200 
 1932.0000    30.8300 
 1934.0000    31.4900 
 1936.0000    32.1300 
 1938.0000    32.7450 
 1940.0000    33.3800 
 1942.0000    33.9400 
 1944.0000    34.5000 
 1946.0000    35.0100 
 1948.0000    35.4700 
 1950.0000    35.9100 
 1952.0000    36.2800 
 1954.0000    36.6600 
 1956.0000    37.0000 
 1958.0000    37.3700 
 1960.0000    37.7300 
 1962.0000    38.0600 
 1964.0000    38.3700 
 1966.0000    38.6200 
 1968.0000    38.8900 
 1970.0000    39.1500 
 1972.0000    39.4400 
 1974.0000    39.7300 
 1976.0000    40.0000 
 1978.0000    40.3100 
 1980.0000    40.6100 
 1982.0000    40.9000 
 1984.0000    41.1900 
 1986.0000    41.4800 
 1988.0000    41.8300 
 1990.0000    42.1600 
 1992.0000    42.5200 
 1994.0000    42.8500 
 1996.0000    43.2100 
 1998.0000    43.5900 
 2000.0000    44.0100 
 2002.0000    44.4600 
 2004.0000    44.9000 
 2006.0000    45.3200 
 2008.0000    45.7300 
 2010.0000    46.1500 
 2012.0000    46.5600 
 2014.0000    47.0100 
 2016.0000    47.4600 
 2018.0000    47.9100 
 2020.0000    48.3200 
 2022.0000    48.6900 
 2024.0000    49.0600 
 2026.0000    49.4100 
 2028.0000    49.7500 
 2030.0000    50.0600 
 2032.0000    50.3500 
 2034.0000    50.6700 
 2036.0000    50.9700 
 2038.0000    51.2500 
 2040.0000    51.5400 
 2042.0000    51.7500 
 2044.0000    51.9700 
 2046.0000    52.1600 
 2048.0000    52.3300 
 2050.0000    52.4900 
 2052.0000    52.6200 
 2054.0000    52.7700 
 2056.0000    52.9100 
 2058.0000    53.0100 
 2060.0000    53.0900 
 2062.0000    53.1750 
 2064.0000    53.2800 
 2066.0000    53.3800 
 2068.0000    53.4600 
 2070.0000    53.5000 
 2072.0000    53.5100 
 2074.0000    53.5300 
 2076.0000    53.5700 
 2078.0000    53.6300 
 2080.0000    53.7150 
 2082.0000    53.7700 
 2084.0000    53.8600 
 2086.0000    53.9100 
 2088.0000    53.9400 
 2090.0000    54.0100 
 2092.0000    54.0900 
 2094.0000    54.1450 
 2096.0000    54.1900 
 2098.0000    54.2400 
 2100.0000    54.3100 
 2102.0000    54.3800 
 2104.0000    54.4200 
 2106.0000    54.4800 
 2108.0000    54.5750 
 2110.0000    54.6300 
 2112.0000    54.6700 
 2114.0000    54.7300 
 2116.0000    54.8300 
 2118.0000    54.9000 
 2120.0000    54.9200 
 2122.0000    54.8900 
 2124.0000    54.9100 
 2126.0000    54.9800 
 2128.0000    55.0600 
 2130.0000    55.1100 
 2132.0000    55.1300 
 2134.0000    55.1100 
 2136.0000    55.1000 
 2138.0000    55.1150 
 2140.0000    55.1700 
 2142.0000    55.2300 
 2144.0000    55.2700 
 2146.0000    55.3100 
 2148.0000    55.3100 
 2150.0000    55.3100 
 2152.0000    55.3100 
 2154.0000    55.2800 
 2156.0000    55.2950 
 2158.0000    55.3100 
 2160.0000    55.3200 
 2162.0000    55.3300 
 2164.0000    55.3200 
 2166.0000    55.3400 
 2168.0000    55.3650 
 2170.0000    55.3900 
 2172.0000    55.3500 
 2174.0000    55.2900 
 2176.0000    55.2700 
 2178.0000    55.2800 
 2180.0000    55.2300 
 2182.0000    55.1500 
 2184.0000    55.0900 
 2186.0000    55.0700 
 2188.0000    55.0400 
 2190.0000    55.0100 
 2192.0000    54.9600 
 2194.0000    54.9100 
 2196.0000    54.8300 
 2198.0000    54.7800 
 2200.0000    54.7300 
 2202.0000    54.6800 
 2204.0000    54.6500 
 2206.0000    54.5700 
 2208.0000    54.5000 
 2210.0000    54.4300 
 2212.0000    54.4200 
 2214.0000    54.4200 
 2216.0000    54.3700 
 2218.0000    54.3400 
 2220.0000    54.2700 
 2222.0000    54.2600 
 2224.0000    54.2100 
 2226.0000    54.1700 
 2228.0000    54.1200 
 2230.0000    54.0700 
 2232.0000    54.0500 
 2234.0000    54.0300 
 2236.0000    54.0200 
 2238.0000    54.0400 
 2240.0000    53.9900 
 2242.0000    53.9300 
 2244.0000    53.8700 
 2246.0000    53.8200 
 2248.0000    53.7700 
 2250.0000    53.7000 
 2252.0000    53.6400 
 2254.0000    53.5500 
 2256.0000    53.4100 
 2258.0000    53.2800 
 2260.0000    53.2100 
 2262.0000    53.1900 
 2264.0000    53.1200 
 2266.0000    53.0700 
 2268.0000    52.9800 
 2270.0000    52.8400 
 2272.0000    52.6700 
 2274.0000    52.5650 
 2276.0000    52.5100 
 2278.0000    52.4200 
 2280.0000    52.2500 
 2282.0000    52.1100 
 2284.0000    51.9900 
 2286.0000    51.9200 
 2288.0000    51.7700 
 2290.0000    51.6200 
 2292.0000    51.4400 
 2294.0000    51.2900 
 2296.0000    51.1300 
 2298.0000    50.9300 
 2300.0000    50.7000 
 2302.0000    50.5300 
 2304.0000    50.3700 
 2306.0000    50.2300 
 2308.0000    50.0700 
 2310.0000    49.8900 
 2312.0000    49.7000 
 2314.0000    49.5100 
 2316.0000    49.2900 
 2318.0000    49.0500 
 2320.0000    48.7800 
 2322.0000    48.5400 
 2324.0000    48.3400 
 2326.0000    48.1500 
 2328.0000    47.8900 
 2330.0000    47.6200 
 2332.0000    47.3400 
 2334.0000    47.0600 
 2336.0000    46.7900 
 2338.0000    46.5300 
 2340.0000    46.2700 
 2342.0000    45.9400 
 2344.0000    45.5800 
 2346.0000    45.3000 
 2348.0000    45.0000 
 2350.0000    44.7300 
 2352.0000    44.3900 
 2354.0000    44.0100 
 2356.0000    43.6400 
 2358.0000    43.2600 
 2360.0000    42.8800 
 2362.0000    42.5800 
 2364.0000    42.2000 
 2366.0000    41.8800 
 2368.0000    41.4600 
 2370.0000    41.0600 
 2372.0000    40.6100 
 2374.0000    40.2000 
 2376.0000    39.8000 
 2378.0000    39.4400 
 2380.0000    38.9950 
 2382.0000    38.5400 
 2384.0000    38.0000 
 2386.0000    37.5300 
 2388.0000    37.1600 
 2390.0000    36.7100 
 2392.0000    36.2300 
 2394.0000    35.7300 
 2396.0000    35.3700 
 2398.0000    35.0200 
 2400.0000    34.6200 
 2402.0000    34.1400 
 2404.0000    33.7300 
 2406.0000    33.2850 
 2408.0000    32.8300 
 2410.0000    32.3800 
 2412.0000    31.9700 
 2414.0000    31.6100 
 2416.0000    31.3450 
 2418.0000    31.1000 
 2420.0000    30.8200 
 2422.0000    30.5200 
 2424.0000    30.1900 
 2426.0000    29.8900 
 2428.0000    29.6100 
 2430.0000    29.3400 
 2432.0000    29.0200 
 2434.0000    28.7400 
 2436.0000    28.5250 
 2438.0000    28.3700 
 2440.0000    28.2200 
 2442.0000    27.9900 
 2444.0000    27.7900 
 2446.0000    27.6000 
 2448.0000    27.3750 
 2450.0000    27.1700 
 2452.0000    27.0500 
 2454.0000    27.0000 
 2456.0000    26.8900 
 2458.0000    26.7400 
 2460.0000    26.6400 
 2462.0000    26.4500 
 2464.0000    26.2700 
 2466.0000    26.1100 
 2468.0000    26.0100 
 2470.0000    25.8200 
 2472.0000    25.6900 
 2474.0000    25.5400 
 2476.0000    25.4100 
 2478.0000    25.2800 
 2480.0000    25.1300 
 2482.0000    25.0300 
 2484.0000    24.9500 
 2486.0000    24.7400 
 2488.0000    24.5900 
 2490.0000    24.4500 
 2492.0000    24.4800 
 2494.0000    24.3800 
 2496.0000    24.2600 
 2498.0000    24.0700 
 2500.0000    23.8600 
