 1300.0000    88.7500 
 1302.0000    89.0600 
 1304.0000    89.2500 
 1306.0000    89.1000 
 1308.0000    89.0100 
 1310.0000    88.9100 
 1312.0000    88.8800 
 1314.0000    88.8500 
 1316.0000    88.7800 
 1318.0000    88.6300 
 1320.0000    88.5200 
 1322.0000    88.4600 
 1324.0000    88.5700 
 1326.0000    88.6700 
 1328.0000    88.7600 
 1330.0000    88.7700 
 1332.0000    88.6900 
 1334.0000    88.7100 
 1336.0000    88.8300 
 1338.0000    88.7700 
 1340.0000    88.7600 
 1342.0000    88.6200 
 1344.0000    88.5400 
 1346.0000    88.5600 
 1348.0000    88.6300 
 1350.0000    88.6500 
 1352.0000    88.6900 
 1354.0000    88.6100 
 1356.0000    88.5300 
 1358.0000    88.4300 
 1360.0000    88.4000 
 1362.0000    88.4500 
 1364.0000    88.5600 
 1366.0000    88.6100 
 1368.0000    88.5700 
 1370.0000    88.4900 
 1372.0000    88.3600 
 1374.0000    88.2100 
 1376.0000    87.9400 
 1378.0000    87.4100 
 1380.0000    86.2900 
 1382.0000    84.1000 
 1384.0000    80.4400 
 1386.0000    75.6900 
 1388.0000    70.8200 
 1390.0000    67.3600 
 1392.0000    66.3400 
 1394.0000    67.8650 
 1396.0000    71.0300 
 1398.0000    74.8100 
 1400.0000    78.2500 
 1402.0000    80.9400 
 1404.0000    82.7900 
 1406.0000    84.0100 
 1408.0000    84.7600 
 1410.0000    85.2300 
 1412.0000    85.5000 
 1414.0000    85.6200 
 1416.0000    85.6800 
 1418.0000    85.7300 
 1420.0000    85.8000 
 1422.0000    85.8500 
 1424.0000    85.8700 
 1426.0000    85.8600 
 1428.0000    85.8100 
 1430.0000    85.8100 
 1432.0000    85.8000 
 1434.0000    85.7200 
 1436.0000    85.6500 
 1438.0000    85.5900 
 1440.0000    85.5800 
 1442.0000    85.5700 
 1444.0000    85.5600 
 1446.0000    85.6300 
 1448.0000    85.7200 
 1450.0000    85.8200 
 1452.0000    85.9400 
 1454.0000    86.0000 
 1456.0000    86.0700 
 1458.0000    86.1900 
 1460.0000    86.2700 
 1462.0000    86.3500 
 1464.0000    86.4100 
 1466.0000    86.4100 
 1468.0000    86.4300 
 1470.0000    86.4900 
 1472.0000    86.5400 
 1474.0000    86.6100 
 1476.0000    86.6900 
 1478.0000    86.7600 
 1480.0000    86.7900 
 1482.0000    86.8300 
 1484.0000    86.8800 
 1486.0000    86.9200 
 1488.0000    86.9900 
 1490.0000    87.0200 
 1492.0000    87.0200 
 1494.0000    86.9800 
 1496.0000    86.9200 
 1498.0000    86.8600 
 1500.0000    86.8100 
 1502.0000    86.7900 
 1504.0000    86.7900 
 1506.0000    86.7900 
 1508.0000    86.8400 
 1510.0000    86.8800 
 1512.0000    86.9200 
 1514.0000    86.9400 
 1516.0000    86.9300 
 1518.0000    86.8700 
 1520.0000    86.7900 
 1522.0000    86.7000 
 1524.0000    86.6300 
 1526.0000    86.5200 
 1528.0000    86.3900 
 1530.0000    86.2800 
 1532.0000    86.2300 
 1534.0000    86.2700 
 1536.0000    86.3300 
 1538.0000    86.3900 
 1540.0000    86.4500 
 1542.0000    86.4800 
 1544.0000    86.5500 
 1546.0000    86.6600 
 1548.0000    86.7600 
 1550.0000    86.8400 
 1552.0000    86.9100 
 1554.0000    86.9800 
 1556.0000    87.0700 
 1558.0000    87.1400 
 1560.0000    87.2000 
 1562.0000    87.2500 
 1564.0000    87.2800 
 1566.0000    87.3100 
 1568.0000    87.3300 
 1570.0000    87.3400 
 1572.0000    87.3800 
 1574.0000    87.4400 
 1576.0000    87.5200 
 1578.0000    87.5900 
 1580.0000    87.6300 
 1582.0000    87.6600 
 1584.0000    87.6800 
 1586.0000    87.7100 
 1588.0000    87.7400 
 1590.0000    87.8000 
 1592.0000    87.8400 
 1594.0000    87.8900 
 1596.0000    87.9500 
 1598.0000    87.9700 
 1600.0000    88.0000 
 1602.0000    88.0200 
 1604.0000    88.0200 
 1606.0000    88.0900 
 1608.0000    88.1400 
 1610.0000    88.1900 
 1612.0000    88.2400 
 1614.0000    88.2500 
 1616.0000    88.2800 
 1618.0000    88.3200 
 1620.0000    88.3200 
 1622.0000    88.3300 
 1624.0000    88.3300 
 1626.0000    88.3700 
 1628.0000    88.4500 
 1630.0000    88.5000 
 1632.0000    88.5200 
 1634.0000    88.5400 
 1636.0000    88.5700 
 1638.0000    88.6300 
 1640.0000    88.6700 
 1642.0000    88.6100 
 1644.0000    88.5900 
 1646.0000    88.5900 
 1648.0000    88.6200 
 1650.0000    88.6700 
 1652.0000    88.6700 
 1654.0000    88.6600 
 1656.0000    88.6700 
 1658.0000    88.6800 
 1660.0000    88.7000 
 1662.0000    88.7000 
 1664.0000    88.7000 
 1666.0000    88.7000 
 1668.0000    88.6900 
 1670.0000    88.7200 
 1672.0000    88.7100 
 1674.0000    88.7000 
 1676.0000    88.6800 
 1678.0000    88.6500 
 1680.0000    88.6200 
 1682.0000    88.6000 
 1684.0000    88.5900 
 1686.0000    88.5900 
 1688.0000    88.5900 
 1690.0000    88.5500 
 1692.0000    88.5500 
 1694.0000    88.5800 
 1696.0000    88.5700 
 1698.0000    88.5300 
 1700.0000    88.5000 
 1702.0000    88.5100 
 1704.0000    88.5300 
 1706.0000    88.5200 
 1708.0000    88.4900 
 1710.0000    88.4600 
 1712.0000    88.4400 
 1714.0000    88.4500 
 1716.0000    88.4100 
 1718.0000    88.3600 
 1720.0000    88.3700 
 1722.0000    88.3600 
 1724.0000    88.3600 
 1726.0000    88.3600 
 1728.0000    88.3200 
 1730.0000    88.3200 
 1732.0000    88.3200 
 1734.0000    88.2900 
 1736.0000    88.3000 
 1738.0000    88.3400 
 1740.0000    88.3600 
 1742.0000    88.3300 
 1744.0000    88.2700 
 1746.0000    88.2200 
 1748.0000    88.2100 
 1750.0000    88.1900 
 1752.0000    88.1200 
 1754.0000    88.0200 
 1756.0000    87.9500 
 1758.0000    87.9600 
 1760.0000    87.9600 
 1762.0000    87.9500 
 1764.0000    87.9300 
 1766.0000    87.9100 
 1768.0000    87.9500 
 1770.0000    87.9300 
 1772.0000    87.8700 
 1774.0000    87.8200 
 1776.0000    87.7800 
 1778.0000    87.7700 
 1780.0000    87.7400 
 1782.0000    87.7100 
 1784.0000    87.7000 
 1786.0000    87.6400 
 1788.0000    87.6000 
 1790.0000    87.5600 
 1792.0000    87.5400 
 1794.0000    87.5400 
 1796.0000    87.5200 
 1798.0000    87.4500 
 1800.0000    87.3800 
 1802.0000    87.2600 
 1804.0000    87.1800 
 1806.0000    87.1100 
 1808.0000    87.0300 
 1810.0000    86.8700 
 1812.0000    86.6900 
 1814.0000    86.5100 
 1816.0000    86.4000 
 1818.0000    86.3100 
 1820.0000    86.2200 
 1822.0000    86.1000 
 1824.0000    85.9700 
 1826.0000    85.8400 
 1828.0000    85.7100 
 1830.0000    85.6000 
 1832.0000    85.5400 
 1834.0000    85.4700 
 1836.0000    85.4600 
 1838.0000    85.4400 
 1840.0000    85.4100 
 1842.0000    85.3900 
 1844.0000    85.3600 
 1846.0000    85.3100 
 1848.0000    85.2200 
 1850.0000    85.1300 
 1852.0000    85.0300 
 1854.0000    84.9400 
 1856.0000    84.8600 
 1858.0000    84.7800 
 1860.0000    84.6900 
 1862.0000    84.6000 
 1864.0000    84.4600 
 1866.0000    84.3300 
 1868.0000    84.1900 
 1870.0000    84.0000 
 1872.0000    83.8400 
 1874.0000    83.6600 
 1876.0000    83.5000 
 1878.0000    83.3700 
 1880.0000    83.2700 
 1882.0000    83.2000 
 1884.0000    83.1600 
 1886.0000    83.1000 
 1888.0000    82.9900 
 1890.0000    82.7700 
 1892.0000    82.5600 
 1894.0000    82.3800 
 1896.0000    82.2000 
 1898.0000    81.9700 
 1900.0000    81.7400 
 1902.0000    81.4800 
 1904.0000    81.3100 
 1906.0000    81.2300 
 1908.0000    81.1400 
 1910.0000    81.0850 
 1912.0000    81.0400 
 1914.0000    81.0200 
 1916.0000    81.0850 
 1918.0000    81.1200 
 1920.0000    81.1700 
 1922.0000    81.1700 
 1924.0000    81.1600 
 1926.0000    81.1900 
 1928.0000    81.1500 
 1930.0000    81.1000 
 1932.0000    81.0800 
 1934.0000    81.0850 
 1936.0000    81.1500 
 1938.0000    81.1300 
 1940.0000    81.0600 
 1942.0000    80.9700 
 1944.0000    80.8500 
 1946.0000    80.7800 
 1948.0000    80.7400 
 1950.0000    80.7100 
 1952.0000    80.6500 
 1954.0000    80.5700 
 1956.0000    80.5800 
 1958.0000    80.5900 
 1960.0000    80.5900 
 1962.0000    80.5700 
 1964.0000    80.5200 
 1966.0000    80.5700 
 1968.0000    80.6400 
 1970.0000    80.6300 
 1972.0000    80.5600 
 1974.0000    80.4600 
 1976.0000    80.2900 
 1978.0000    80.2100 
 1980.0000    80.0800 
 1982.0000    79.9600 
 1984.0000    79.9200 
 1986.0000    79.8200 
 1988.0000    79.8000 
 1990.0000    79.7000 
 1992.0000    79.5750 
 1994.0000    79.4800 
 1996.0000    79.3700 
 1998.0000    79.3000 
 2000.0000    79.2800 
 2002.0000    79.2500 
 2004.0000    79.1600 
 2006.0000    78.9650 
 2008.0000    78.7300 
 2010.0000    78.5350 
 2012.0000    78.4700 
 2014.0000    78.5000 
 2016.0000    78.6050 
 2018.0000    78.8200 
 2020.0000    79.1000 
 2022.0000    79.5300 
 2024.0000    80.0000 
 2026.0000    80.3900 
 2028.0000    80.6300 
 2030.0000    80.7400 
 2032.0000    80.8800 
 2034.0000    81.0000 
 2036.0000    81.0200 
 2038.0000    80.9300 
 2040.0000    80.8000 
 2042.0000    80.6300 
 2044.0000    80.4600 
 2046.0000    80.3100 
 2048.0000    80.1900 
 2050.0000    80.0600 
 2052.0000    79.9000 
 2054.0000    79.6850 
 2056.0000    79.5500 
 2058.0000    79.4100 
 2060.0000    79.2400 
 2062.0000    79.0200 
 2064.0000    78.6600 
 2066.0000    78.1700 
 2068.0000    77.4700 
 2070.0000    76.5950 
 2072.0000    75.5800 
 2074.0000    74.6300 
 2076.0000    74.0000 
 2078.0000    73.8300 
 2080.0000    74.1000 
 2082.0000    74.6100 
 2084.0000    75.0100 
 2086.0000    75.3000 
 2088.0000    75.5000 
 2090.0000    75.6400 
 2092.0000    75.8400 
 2094.0000    75.9200 
 2096.0000    76.0700 
 2098.0000    76.2200 
 2100.0000    76.3400 
 2102.0000    76.4300 
 2104.0000    76.4300 
 2106.0000    76.4600 
 2108.0000    76.3800 
 2110.0000    76.1000 
 2112.0000    75.7100 
 2114.0000    75.3200 
 2116.0000    75.1500 
 2118.0000    75.1900 
 2120.0000    75.1800 
 2122.0000    74.9500 
 2124.0000    74.4700 
 2126.0000    73.9400 
 2128.0000    73.6000 
 2130.0000    73.4500 
 2132.0000    73.4900 
 2134.0000    73.6300 
 2136.0000    73.7400 
 2138.0000    73.8600 
 2140.0000    74.0100 
 2142.0000    74.1700 
 2144.0000    74.3400 
 2146.0000    74.5850 
 2148.0000    74.9500 
 2150.0000    75.4000 
 2152.0000    75.6600 
 2154.0000    75.6900 
 2156.0000    75.6400 
 2158.0000    75.6500 
 2160.0000    75.6100 
 2162.0000    75.4300 
 2164.0000    75.1200 
 2166.0000    74.8300 
 2168.0000    74.5400 
 2170.0000    74.2800 
 2172.0000    74.0300 
 2174.0000    73.8650 
 2176.0000    73.8800 
 2178.0000    73.9800 
 2180.0000    74.1500 
 2182.0000    74.4900 
 2184.0000    74.9400 
 2186.0000    75.3750 
 2188.0000    75.6400 
 2190.0000    75.7700 
 2192.0000    75.8300 
 2194.0000    75.8700 
 2196.0000    75.9300 
 2198.0000    75.9500 
 2200.0000    75.9300 
 2202.0000    75.8300 
 2204.0000    75.7000 
 2206.0000    75.6000 
 2208.0000    75.5200 
 2210.0000    75.3900 
 2212.0000    75.2200 
 2214.0000    74.9700 
 2216.0000    74.7500 
 2218.0000    74.3900 
 2220.0000    73.8200 
 2222.0000    73.0200 
 2224.0000    71.7600 
 2226.0000    70.3000 
 2228.0000    68.9300 
 2230.0000    67.9750 
 2232.0000    67.7200 
 2234.0000    67.9600 
 2236.0000    68.5200 
 2238.0000    69.0700 
 2240.0000    69.3600 
 2242.0000    69.4200 
 2244.0000    69.2600 
 2246.0000    69.0400 
 2248.0000    68.7600 
 2250.0000    68.4900 
 2252.0000    68.1500 
 2254.0000    67.6700 
 2256.0000    67.2000 
 2258.0000    66.6200 
 2260.0000    66.0000 
 2262.0000    65.2400 
 2264.0000    64.4700 
 2266.0000    63.6600 
 2268.0000    62.6950 
 2270.0000    61.5700 
 2272.0000    60.1800 
 2274.0000    58.7400 
 2276.0000    57.1600 
 2278.0000    55.3500 
 2280.0000    53.2500 
 2282.0000    50.7500 
 2284.0000    48.1000 
 2286.0000    45.5700 
 2288.0000    43.8100 
 2290.0000    43.2700 
 2292.0000    44.0300 
 2294.0000    45.5300 
 2296.0000    46.8000 
 2298.0000    47.1400 
 2300.0000    46.3500 
 2302.0000    44.7000 
 2304.0000    42.5100 
 2306.0000    40.1450 
 2308.0000    38.0250 
 2310.0000    36.5800 
 2312.0000    36.1000 
 2314.0000    36.9800 
 2316.0000    38.8300 
 2318.0000    41.1900 
 2320.0000    43.5500 
 2322.0000    45.6800 
 2324.0000    47.6800 
 2326.0000    49.9400 
 2328.0000    52.4800 
 2330.0000    55.1600 
 2332.0000    57.4800 
 2334.0000    59.2300 
 2336.0000    60.6400 
 2338.0000    61.7200 
 2340.0000    62.4600 
 2342.0000    62.8200 
 2344.0000    62.7900 
 2346.0000    62.4900 
 2348.0000    61.9900 
 2350.0000    61.4800 
 2352.0000    60.8600 
 2354.0000    60.2700 
 2356.0000    59.8800 
 2358.0000    59.7500 
 2360.0000    59.7100 
 2362.0000    59.5200 
 2364.0000    59.1900 
 2366.0000    58.6300 
 2368.0000    57.7200 
 2370.0000    56.5400 
 2372.0000    55.2800 
 2374.0000    54.0700 
 2376.0000    52.9250 
 2378.0000    51.9700 
 2380.0000    51.1500 
 2382.0000    50.4700 
 2384.0000    49.8400 
 2386.0000    49.2800 
 2388.0000    48.8000 
 2390.0000    48.3200 
 2392.0000    48.1500 
 2394.0000    48.3900 
 2396.0000    49.2100 
 2398.0000    50.8600 
 2400.0000    53.0700 
 2402.0000    55.5400 
 2404.0000    57.7100 
 2406.0000    59.4900 
 2408.0000    60.6500 
 2410.0000    61.3300 
 2412.0000    61.5600 
 2414.0000    61.4600 
 2416.0000    61.1500 
 2418.0000    60.6500 
 2420.0000    59.9800 
 2422.0000    59.0200 
 2424.0000    57.9300 
 2426.0000    57.0400 
 2428.0000    56.7100 
 2430.0000    56.8200 
 2432.0000    56.9400 
 2434.0000    56.8600 
 2436.0000    56.6600 
 2438.0000    56.5000 
 2440.0000    56.5300 
 2442.0000    56.5600 
 2444.0000    56.5700 
 2446.0000    56.5700 
 2448.0000    56.4000 
 2450.0000    56.0200 
 2452.0000    55.4750 
 2454.0000    55.0000 
 2456.0000    54.5200 
 2458.0000    54.0000 
 2460.0000    53.3000 
 2462.0000    52.5400 
 2464.0000    51.9550 
 2466.0000    51.7400 
 2468.0000    51.9900 
 2470.0000    52.7000 
 2472.0000    53.7300 
 2474.0000    54.9600 
 2476.0000    56.3300 
 2478.0000    57.6600 
 2480.0000    58.4900 
 2482.0000    58.9100 
 2484.0000    58.9600 
 2486.0000    58.7200 
 2488.0000    58.3800 
 2490.0000    58.0000 
 2492.0000    57.5600 
 2494.0000    56.9200 
 2496.0000    56.5000 
 2498.0000    56.3600 
 2500.0000    56.3700 
