 1300.0000    43.3500 
 1302.0000    43.4500 
 1304.0000    43.2600 
 1306.0000    43.1000 
 1308.0000    43.0700 
 1310.0000    43.0700 
 1312.0000    43.0500 
 1314.0000    43.0500 
 1316.0000    42.9400 
 1318.0000    43.0300 
 1320.0000    43.0100 
 1322.0000    42.7800 
 1324.0000    42.7100 
 1326.0000    42.7800 
 1328.0000    42.7600 
 1330.0000    42.7900 
 1332.0000    42.6400 
 1334.0000    42.5600 
 1336.0000    42.5100 
 1338.0000    42.4600 
 1340.0000    42.4100 
 1342.0000    42.3200 
 1344.0000    42.3000 
 1346.0000    42.3100 
 1348.0000    42.3200 
 1350.0000    42.3600 
 1352.0000    42.4000 
 1354.0000    42.4400 
 1356.0000    42.4800 
 1358.0000    42.4700 
 1360.0000    42.4500 
 1362.0000    42.4400 
 1364.0000    42.4000 
 1366.0000    42.3400 
 1368.0000    42.3100 
 1370.0000    42.3100 
 1372.0000    42.3400 
 1374.0000    42.3800 
 1376.0000    42.4200 
 1378.0000    42.4300 
 1380.0000    42.4400 
 1382.0000    42.4200 
 1384.0000    42.3900 
 1386.0000    42.3300 
 1388.0000    42.2500 
 1390.0000    42.0900 
 1392.0000    41.6900 
 1394.0000    40.7550 
 1396.0000    39.1200 
 1398.0000    36.8000 
 1400.0000    34.3200 
 1402.0000    32.5400 
 1404.0000    32.1100 
 1406.0000    33.1400 
 1408.0000    35.1500 
 1410.0000    37.3800 
 1412.0000    39.2500 
 1414.0000    40.5700 
 1416.0000    41.3900 
 1418.0000    41.8800 
 1420.0000    42.1700 
 1422.0000    42.3300 
 1424.0000    42.4300 
 1426.0000    42.5200 
 1428.0000    42.5400 
 1430.0000    42.5700 
 1432.0000    42.5600 
 1434.0000    42.5900 
 1436.0000    42.6300 
 1438.0000    42.7000 
 1440.0000    42.7100 
 1442.0000    42.7100 
 1444.0000    42.7200 
 1446.0000    42.7300 
 1448.0000    42.7300 
 1450.0000    42.7600 
 1452.0000    42.7800 
 1454.0000    42.7900 
 1456.0000    42.8100 
 1458.0000    42.7900 
 1460.0000    42.7600 
 1462.0000    42.7500 
 1464.0000    42.7500 
 1466.0000    42.7500 
 1468.0000    42.7600 
 1470.0000    42.7900 
 1472.0000    42.8000 
 1474.0000    42.8300 
 1476.0000    42.8600 
 1478.0000    42.8700 
 1480.0000    42.8800 
 1482.0000    42.8900 
 1484.0000    42.8700 
 1486.0000    42.8800 
 1488.0000    42.9100 
 1490.0000    42.9400 
 1492.0000    42.9400 
 1494.0000    42.9100 
 1496.0000    42.9100 
 1498.0000    42.9200 
 1500.0000    42.9400 
 1502.0000    42.9700 
 1504.0000    42.9800 
 1506.0000    43.0300 
 1508.0000    43.0500 
 1510.0000    43.0700 
 1512.0000    43.0700 
 1514.0000    43.0500 
 1516.0000    43.0500 
 1518.0000    43.0800 
 1520.0000    43.1000 
 1522.0000    43.1100 
 1524.0000    43.0800 
 1526.0000    43.0600 
 1528.0000    43.0700 
 1530.0000    43.0800 
 1532.0000    43.0900 
 1534.0000    43.0800 
 1536.0000    43.0600 
 1538.0000    43.0600 
 1540.0000    43.0800 
 1542.0000    43.0900 
 1544.0000    43.1000 
 1546.0000    43.0900 
 1548.0000    43.0900 
 1550.0000    43.0900 
 1552.0000    43.1000 
 1554.0000    43.1000 
 1556.0000    43.1000 
 1558.0000    43.1100 
 1560.0000    43.1100 
 1562.0000    43.1200 
 1564.0000    43.1400 
 1566.0000    43.1300 
 1568.0000    43.1500 
 1570.0000    43.2000 
 1572.0000    43.1800 
 1574.0000    43.1500 
 1576.0000    43.1500 
 1578.0000    43.1200 
 1580.0000    43.1100 
 1582.0000    43.1000 
 1584.0000    43.0700 
 1586.0000    43.0700 
 1588.0000    43.0700 
 1590.0000    43.0800 
 1592.0000    43.0800 
 1594.0000    43.0800 
 1596.0000    43.0500 
 1598.0000    43.0400 
 1600.0000    43.0400 
 1602.0000    43.0900 
 1604.0000    43.1200 
 1606.0000    43.1400 
 1608.0000    43.1400 
 1610.0000    43.1400 
 1612.0000    43.1400 
 1614.0000    43.1600 
 1616.0000    43.1600 
 1618.0000    43.1600 
 1620.0000    43.1700 
 1622.0000    43.1900 
 1624.0000    43.2200 
 1626.0000    43.2200 
 1628.0000    43.2000 
 1630.0000    43.1900 
 1632.0000    43.2000 
 1634.0000    43.2300 
 1636.0000    43.2500 
 1638.0000    43.2600 
 1640.0000    43.2300 
 1642.0000    43.1900 
 1644.0000    43.1600 
 1646.0000    43.1400 
 1648.0000    43.2000 
 1650.0000    43.2100 
 1652.0000    43.2200 
 1654.0000    43.1600 
 1656.0000    43.1200 
 1658.0000    43.1100 
 1660.0000    43.1300 
 1662.0000    43.1600 
 1664.0000    43.1500 
 1666.0000    43.1100 
 1668.0000    43.1000 
 1670.0000    43.0400 
 1672.0000    42.9800 
 1674.0000    42.8800 
 1676.0000    42.7300 
 1678.0000    42.5000 
 1680.0000    42.2400 
 1682.0000    42.0100 
 1684.0000    41.9000 
 1686.0000    41.9200 
 1688.0000    42.0900 
 1690.0000    42.3200 
 1692.0000    42.5600 
 1694.0000    42.7700 
 1696.0000    42.9100 
 1698.0000    43.0100 
 1700.0000    43.0800 
 1702.0000    43.1300 
 1704.0000    43.1500 
 1706.0000    43.1600 
 1708.0000    43.1700 
 1710.0000    43.1800 
 1712.0000    43.1600 
 1714.0000    43.1400 
 1716.0000    43.1100 
 1718.0000    43.1000 
 1720.0000    43.0700 
 1722.0000    43.0300 
 1724.0000    42.9900 
 1726.0000    43.0000 
 1728.0000    43.0200 
 1730.0000    43.0200 
 1732.0000    43.0300 
 1734.0000    43.0400 
 1736.0000    43.0500 
 1738.0000    43.0700 
 1740.0000    43.1100 
 1742.0000    43.1500 
 1744.0000    43.1700 
 1746.0000    43.1800 
 1748.0000    43.1500 
 1750.0000    43.1600 
 1752.0000    43.1700 
 1754.0000    43.1800 
 1756.0000    43.1600 
 1758.0000    43.1400 
 1760.0000    43.1300 
 1762.0000    43.1200 
 1764.0000    43.1200 
 1766.0000    43.1300 
 1768.0000    43.1300 
 1770.0000    43.1400 
 1772.0000    43.1200 
 1774.0000    43.1300 
 1776.0000    43.1600 
 1778.0000    43.1800 
 1780.0000    43.2200 
 1782.0000    43.2100 
 1784.0000    43.2000 
 1786.0000    43.1700 
 1788.0000    43.1600 
 1790.0000    43.1500 
 1792.0000    43.1600 
 1794.0000    43.1600 
 1796.0000    43.1500 
 1798.0000    43.1300 
 1800.0000    43.1400 
 1802.0000    43.1700 
 1804.0000    43.2000 
 1806.0000    43.2100 
 1808.0000    43.2000 
 1810.0000    43.2000 
 1812.0000    43.1900 
 1814.0000    43.1700 
 1816.0000    43.1600 
 1818.0000    43.1500 
 1820.0000    43.1100 
 1822.0000    43.0900 
 1824.0000    43.0800 
 1826.0000    43.1000 
 1828.0000    43.1100 
 1830.0000    43.1000 
 1832.0000    43.0800 
 1834.0000    43.0700 
 1836.0000    43.0500 
 1838.0000    43.0100 
 1840.0000    43.0100 
 1842.0000    42.9900 
 1844.0000    42.9700 
 1846.0000    42.9500 
 1848.0000    42.9300 
 1850.0000    42.9400 
 1852.0000    42.9900 
 1854.0000    43.0200 
 1856.0000    43.0200 
 1858.0000    43.0000 
 1860.0000    42.9400 
 1862.0000    42.9400 
 1864.0000    42.9200 
 1866.0000    42.9200 
 1868.0000    42.8800 
 1870.0000    42.8600 
 1872.0000    42.8600 
 1874.0000    42.8500 
 1876.0000    42.8200 
 1878.0000    42.8000 
 1880.0000    42.7500 
 1882.0000    42.7300 
 1884.0000    42.7300 
 1886.0000    42.6900 
 1888.0000    42.6500 
 1890.0000    42.5700 
 1892.0000    42.5000 
 1894.0000    42.4400 
 1896.0000    42.3800 
 1898.0000    42.3100 
 1900.0000    42.2400 
 1902.0000    42.2100 
 1904.0000    42.1500 
 1906.0000    42.1300 
 1908.0000    42.0800 
 1910.0000    42.0300 
 1912.0000    42.0400 
 1914.0000    42.0300 
 1916.0000    42.0400 
 1918.0000    42.0300 
 1920.0000    42.0500 
 1922.0000    42.0500 
 1924.0000    42.0400 
 1926.0000    41.9700 
 1928.0000    41.9400 
 1930.0000    41.9600 
 1932.0000    41.9400 
 1934.0000    41.9500 
 1936.0000    41.9400 
 1938.0000    41.9400 
 1940.0000    41.9600 
 1942.0000    41.9700 
 1944.0000    41.9700 
 1946.0000    41.9500 
 1948.0000    41.9500 
 1950.0000    41.9500 
 1952.0000    41.9900 
 1954.0000    41.9800 
 1956.0000    41.9600 
 1958.0000    41.9300 
 1960.0000    41.9500 
 1962.0000    41.9800 
 1964.0000    41.9900 
 1966.0000    42.0000 
 1968.0000    42.0000 
 1970.0000    42.0200 
 1972.0000    42.0000 
 1974.0000    41.9900 
 1976.0000    42.0100 
 1978.0000    42.0200 
 1980.0000    42.0500 
 1982.0000    42.0900 
 1984.0000    42.1400 
 1986.0000    42.1900 
 1988.0000    42.2100 
 1990.0000    42.2100 
 1992.0000    42.1900 
 1994.0000    42.1500 
 1996.0000    42.1100 
 1998.0000    42.1000 
 2000.0000    42.1000 
 2002.0000    42.0600 
 2004.0000    42.0000 
 2006.0000    41.9500 
 2008.0000    41.9500 
 2010.0000    41.9700 
 2012.0000    41.9700 
 2014.0000    41.9400 
 2016.0000    41.9100 
 2018.0000    41.9100 
 2020.0000    41.9500 
 2022.0000    41.9600 
 2024.0000    41.9400 
 2026.0000    41.9600 
 2028.0000    41.9700 
 2030.0000    41.9700 
 2032.0000    41.9500 
 2034.0000    41.8700 
 2036.0000    41.7800 
 2038.0000    41.6800 
 2040.0000    41.5800 
 2042.0000    41.5100 
 2044.0000    41.4000 
 2046.0000    41.2200 
 2048.0000    41.0100 
 2050.0000    40.7700 
 2052.0000    40.5100 
 2054.0000    40.1800 
 2056.0000    39.7200 
 2058.0000    39.1300 
 2060.0000    38.3600 
 2062.0000    37.3600 
 2064.0000    35.9400 
 2066.0000    33.9800 
 2068.0000    31.3450 
 2070.0000    28.0000 
 2072.0000    24.0400 
 2074.0000    19.7900 
 2076.0000    15.9300 
 2078.0000    13.0750 
 2080.0000    11.7800 
 2082.0000    12.3500 
 2084.0000    14.4700 
 2086.0000    17.5700 
 2088.0000    21.0700 
 2090.0000    24.5500 
 2092.0000    27.6200 
 2094.0000    30.1500 
 2096.0000    32.1300 
 2098.0000    33.6400 
 2100.0000    34.8000 
 2102.0000    35.6900 
 2104.0000    36.3900 
 2106.0000    36.9600 
 2108.0000    37.4900 
 2110.0000    37.9600 
 2112.0000    38.2950 
 2114.0000    38.5400 
 2116.0000    38.6550 
 2118.0000    38.7700 
 2120.0000    38.8100 
 2122.0000    38.8500 
 2124.0000    38.8100 
 2126.0000    38.6000 
 2128.0000    38.2500 
 2130.0000    37.7900 
 2132.0000    37.2700 
 2134.0000    36.6600 
 2136.0000    35.9900 
 2138.0000    35.3400 
 2140.0000    34.8000 
 2142.0000    34.3800 
 2144.0000    34.0300 
 2146.0000    33.7400 
 2148.0000    33.4500 
 2150.0000    33.1700 
 2152.0000    32.9000 
 2154.0000    32.7200 
 2156.0000    32.7100 
 2158.0000    32.9000 
 2160.0000    33.2850 
 2162.0000    33.8500 
 2164.0000    34.4150 
 2166.0000    34.8900 
 2168.0000    35.2000 
 2170.0000    35.3700 
 2172.0000    35.4600 
 2174.0000    35.5200 
 2176.0000    35.5650 
 2178.0000    35.6800 
 2180.0000    35.8350 
 2182.0000    36.0600 
 2184.0000    36.2600 
 2186.0000    36.4600 
 2188.0000    36.6600 
 2190.0000    36.8800 
 2192.0000    37.0500 
 2194.0000    37.0550 
 2196.0000    36.9900 
 2198.0000    36.8000 
 2200.0000    36.5500 
 2202.0000    36.2800 
 2204.0000    36.0700 
 2206.0000    35.9500 
 2208.0000    35.8700 
 2210.0000    35.8200 
 2212.0000    35.7600 
 2214.0000    35.7200 
 2216.0000    35.8000 
 2218.0000    36.0200 
 2220.0000    36.4100 
 2222.0000    36.8600 
 2224.0000    37.3600 
 2226.0000    37.8500 
 2228.0000    38.2500 
 2230.0000    38.5800 
 2232.0000    38.8300 
 2234.0000    39.0300 
 2236.0000    39.1300 
 2238.0000    39.1500 
 2240.0000    39.1100 
 2242.0000    39.1500 
 2244.0000    39.1900 
 2246.0000    39.1750 
 2248.0000    39.0200 
 2250.0000    38.7900 
 2252.0000    38.4100 
 2254.0000    37.7300 
 2256.0000    36.7000 
 2258.0000    35.6550 
 2260.0000    34.9800 
 2262.0000    35.1200 
 2264.0000    35.7200 
 2266.0000    36.5500 
 2268.0000    37.2100 
 2270.0000    37.7300 
 2272.0000    38.0900 
 2274.0000    38.3400 
 2276.0000    38.4750 
 2278.0000    38.5600 
 2280.0000    38.6200 
 2282.0000    38.5300 
 2284.0000    38.3850 
 2286.0000    38.1400 
 2288.0000    37.8500 
 2290.0000    37.4800 
 2292.0000    37.0800 
 2294.0000    36.6600 
 2296.0000    36.2500 
 2298.0000    35.9200 
 2300.0000    35.6550 
 2302.0000    35.5400 
 2304.0000    35.4100 
 2306.0000    35.2700 
 2308.0000    35.1500 
 2310.0000    34.9500 
 2312.0000    34.7200 
 2314.0000    34.4600 
 2316.0000    34.1800 
 2318.0000    33.8700 
 2320.0000    33.5350 
 2322.0000    33.2850 
 2324.0000    33.1200 
 2326.0000    33.0400 
 2328.0000    32.9800 
 2330.0000    32.9250 
 2332.0000    32.8350 
 2334.0000    32.8700 
 2336.0000    32.8800 
 2338.0000    32.8700 
 2340.0000    32.7450 
 2342.0000    32.7100 
 2344.0000    32.6900 
 2346.0000    32.7000 
 2348.0000    32.7400 
 2350.0000    32.8600 
 2352.0000    33.0400 
 2354.0000    33.0800 
 2356.0000    33.0100 
 2358.0000    32.9250 
 2360.0000    32.8300 
 2362.0000    32.6300 
 2364.0000    32.3900 
 2366.0000    32.2500 
 2368.0000    32.1800 
 2370.0000    32.0400 
 2372.0000    31.7750 
 2374.0000    31.5200 
 2376.0000    31.4300 
 2378.0000    31.3300 
 2380.0000    31.3300 
 2382.0000    31.3700 
 2384.0000    31.4500 
 2386.0000    31.5000 
 2388.0000    31.4900 
 2390.0000    31.4000 
 2392.0000    31.2200 
 2394.0000    31.0900 
 2396.0000    30.9600 
 2398.0000    30.7400 
 2400.0000    30.5500 
 2402.0000    30.3750 
 2404.0000    30.2850 
 2406.0000    30.1900 
 2408.0000    29.9800 
 2410.0000    29.7000 
 2412.0000    29.2500 
 2414.0000    28.7800 
 2416.0000    28.3800 
 2418.0000    28.0200 
 2420.0000    27.7800 
 2422.0000    27.6000 
 2424.0000    27.5400 
 2426.0000    27.4900 
 2428.0000    27.4900 
 2430.0000    27.4650 
 2432.0000    27.4900 
 2434.0000    27.5500 
 2436.0000    27.6700 
 2438.0000    27.8500 
 2440.0000    27.9700 
 2442.0000    27.9000 
 2444.0000    27.5700 
 2446.0000    27.1500 
 2448.0000    26.8200 
 2450.0000    26.4300 
 2452.0000    25.9900 
 2454.0000    25.4000 
 2456.0000    24.8200 
 2458.0000    24.1400 
 2460.0000    23.5300 
 2462.0000    23.0500 
 2464.0000    22.6900 
 2466.0000    22.3100 
 2468.0000    21.9200 
 2470.0000    21.7100 
 2472.0000    21.6500 
 2474.0000    21.6500 
 2476.0000    21.4800 
 2478.0000    21.2700 
 2480.0000    21.0200 
 2482.0000    20.6200 
 2484.0000    20.1900 
 2486.0000    19.8400 
 2488.0000    19.4700 
 2490.0000    18.9000 
 2492.0000    18.1100 
 2494.0000    17.4300 
 2496.0000    16.9400 
 2498.0000    16.5400 
 2500.0000    16.2700 
