 1300.0000     8.1400 
 1302.0000     8.1400 
 1304.0000     8.1000 
 1306.0000     8.0900 
 1308.0000     8.1500 
 1310.0000     8.2500 
 1312.0000     8.2950 
 1314.0000     8.2950 
 1316.0000     8.2000 
 1318.0000     8.1500 
 1320.0000     8.0750 
 1322.0000     8.0300 
 1324.0000     8.0000 
 1326.0000     8.0100 
 1328.0000     8.0000 
 1330.0000     8.0000 
 1332.0000     8.0400 
 1334.0000     8.0500 
 1336.0000     8.0100 
 1338.0000     8.0100 
 1340.0000     8.0200 
 1342.0000     8.0700 
 1344.0000     8.0900 
 1346.0000     8.0750 
 1348.0000     8.0700 
 1350.0000     8.0700 
 1352.0000     8.0750 
 1354.0000     8.0750 
 1356.0000     8.0700 
 1358.0000     8.0700 
 1360.0000     8.0750 
 1362.0000     8.0750 
 1364.0000     8.0750 
 1366.0000     8.0900 
 1368.0000     8.0750 
 1370.0000     8.0750 
 1372.0000     8.0900 
 1374.0000     8.1000 
 1376.0000     8.1000 
 1378.0000     8.1000 
 1380.0000     8.0900 
 1382.0000     8.0750 
 1384.0000     8.0750 
 1386.0000     8.0750 
 1388.0000     8.0700 
 1390.0000     8.0700 
 1392.0000     8.0500 
 1394.0000     8.0300 
 1396.0000     8.0300 
 1398.0000     8.0200 
 1400.0000     8.0400 
 1402.0000     8.0500 
 1404.0000     8.0500 
 1406.0000     8.0400 
 1408.0000     8.0200 
 1410.0000     8.0200 
 1412.0000     8.0100 
 1414.0000     8.0100 
 1416.0000     8.0100 
 1418.0000     8.0100 
 1420.0000     8.0100 
 1422.0000     8.0100 
 1424.0000     8.0000 
 1426.0000     8.0200 
 1428.0000     8.0200 
 1430.0000     8.0300 
 1432.0000     8.0300 
 1434.0000     8.0200 
 1436.0000     8.0100 
 1438.0000     8.0200 
 1440.0000     8.0200 
 1442.0000     8.0000 
 1444.0000     7.9800 
 1446.0000     7.9700 
 1448.0000     7.9800 
 1450.0000     8.0000 
 1452.0000     8.0100 
 1454.0000     8.0000 
 1456.0000     8.0000 
 1458.0000     7.9850 
 1460.0000     7.9800 
 1462.0000     7.9800 
 1464.0000     7.9700 
 1466.0000     7.9800 
 1468.0000     7.9800 
 1470.0000     7.9600 
 1472.0000     7.9600 
 1474.0000     7.9500 
 1476.0000     7.9400 
 1478.0000     7.9500 
 1480.0000     7.9500 
 1482.0000     7.9500 
 1484.0000     7.9500 
 1486.0000     7.9500 
 1488.0000     7.9500 
 1490.0000     7.9400 
 1492.0000     7.9100 
 1494.0000     7.8900 
 1496.0000     7.9000 
 1498.0000     7.9200 
 1500.0000     7.9200 
 1502.0000     7.9100 
 1504.0000     7.9300 
 1506.0000     7.9500 
 1508.0000     7.9700 
 1510.0000     7.9700 
 1512.0000     7.9600 
 1514.0000     7.9500 
 1516.0000     7.9700 
 1518.0000     7.9600 
 1520.0000     7.9400 
 1522.0000     7.9300 
 1524.0000     7.9400 
 1526.0000     7.9500 
 1528.0000     7.9700 
 1530.0000     7.9600 
 1532.0000     7.9700 
 1534.0000     8.0000 
 1536.0000     7.9850 
 1538.0000     8.0000 
 1540.0000     8.0100 
 1542.0000     7.9800 
 1544.0000     8.0000 
 1546.0000     8.0100 
 1548.0000     8.0200 
 1550.0000     8.0400 
 1552.0000     8.0500 
 1554.0000     8.0400 
 1556.0000     8.0400 
 1558.0000     8.0500 
 1560.0000     8.0600 
 1562.0000     8.0700 
 1564.0000     8.0750 
 1566.0000     8.0700 
 1568.0000     8.0900 
 1570.0000     8.0900 
 1572.0000     8.1200 
 1574.0000     8.1200 
 1576.0000     8.1300 
 1578.0000     8.1300 
 1580.0000     8.1200 
 1582.0000     8.1300 
 1584.0000     8.1500 
 1586.0000     8.1800 
 1588.0000     8.2050 
 1590.0000     8.2300 
 1592.0000     8.2400 
 1594.0000     8.2500 
 1596.0000     8.2600 
 1598.0000     8.2600 
 1600.0000     8.2900 
 1602.0000     8.2950 
 1604.0000     8.3300 
 1606.0000     8.3400 
 1608.0000     8.3500 
 1610.0000     8.3600 
 1612.0000     8.3800 
 1614.0000     8.4000 
 1616.0000     8.4100 
 1618.0000     8.4250 
 1620.0000     8.4500 
 1622.0000     8.4800 
 1624.0000     8.5100 
 1626.0000     8.5100 
 1628.0000     8.5100 
 1630.0000     8.5400 
 1632.0000     8.5500 
 1634.0000     8.5600 
 1636.0000     8.5800 
 1638.0000     8.5900 
 1640.0000     8.6100 
 1642.0000     8.6200 
 1644.0000     8.6400 
 1646.0000     8.6600 
 1648.0000     8.6700 
 1650.0000     8.6600 
 1652.0000     8.6800 
 1654.0000     8.7100 
 1656.0000     8.7500 
 1658.0000     8.7800 
 1660.0000     8.7800 
 1662.0000     8.7900 
 1664.0000     8.8000 
 1666.0000     8.8200 
 1668.0000     8.8600 
 1670.0000     8.8900 
 1672.0000     8.9000 
 1674.0000     8.9300 
 1676.0000     8.9400 
 1678.0000     8.9550 
 1680.0000     8.9900 
 1682.0000     9.0300 
 1684.0000     9.0700 
 1686.0000     9.1000 
 1688.0000     9.0800 
 1690.0000     9.0700 
 1692.0000     9.0800 
 1694.0000     9.1000 
 1696.0000     9.1400 
 1698.0000     9.1500 
 1700.0000     9.1600 
 1702.0000     9.1900 
 1704.0000     9.2200 
 1706.0000     9.2600 
 1708.0000     9.2700 
 1710.0000     9.2900 
 1712.0000     9.3200 
 1714.0000     9.3600 
 1716.0000     9.3800 
 1718.0000     9.3800 
 1720.0000     9.3900 
 1722.0000     9.4200 
 1724.0000     9.4500 
 1726.0000     9.4800 
 1728.0000     9.5000 
 1730.0000     9.5200 
 1732.0000     9.5500 
 1734.0000     9.5600 
 1736.0000     9.5700 
 1738.0000     9.5800 
 1740.0000     9.6000 
 1742.0000     9.6150 
 1744.0000     9.6600 
 1746.0000     9.6900 
 1748.0000     9.7200 
 1750.0000     9.7600 
 1752.0000     9.8000 
 1754.0000     9.8300 
 1756.0000     9.8800 
 1758.0000     9.9100 
 1760.0000     9.9500 
 1762.0000     9.9800 
 1764.0000     9.9900 
 1766.0000     9.9900 
 1768.0000    10.0100 
 1770.0000    10.0500 
 1772.0000    10.0900 
 1774.0000    10.1200 
 1776.0000    10.1300 
 1778.0000    10.1400 
 1780.0000    10.1700 
 1782.0000    10.2100 
 1784.0000    10.2500 
 1786.0000    10.2800 
 1788.0000    10.3100 
 1790.0000    10.3600 
 1792.0000    10.3800 
 1794.0000    10.4100 
 1796.0000    10.4300 
 1798.0000    10.4700 
 1800.0000    10.5000 
 1802.0000    10.5300 
 1804.0000    10.5500 
 1806.0000    10.5800 
 1808.0000    10.5900 
 1810.0000    10.6000 
 1812.0000    10.6200 
 1814.0000    10.6700 
 1816.0000    10.7300 
 1818.0000    10.7500 
 1820.0000    10.7700 
 1822.0000    10.7900 
 1824.0000    10.8000 
 1826.0000    10.8300 
 1828.0000    10.8700 
 1830.0000    10.8900 
 1832.0000    10.9200 
 1834.0000    10.9200 
 1836.0000    10.9500 
 1838.0000    11.0000 
 1840.0000    11.0600 
 1842.0000    11.0900 
 1844.0000    11.1100 
 1846.0000    11.1300 
 1848.0000    11.1700 
 1850.0000    11.2100 
 1852.0000    11.2400 
 1854.0000    11.2800 
 1856.0000    11.3100 
 1858.0000    11.3400 
 1860.0000    11.3400 
 1862.0000    11.3600 
 1864.0000    11.3800 
 1866.0000    11.4000 
 1868.0000    11.4400 
 1870.0000    11.4700 
 1872.0000    11.5100 
 1874.0000    11.5400 
 1876.0000    11.5700 
 1878.0000    11.6200 
 1880.0000    11.6400 
 1882.0000    11.6600 
 1884.0000    11.6800 
 1886.0000    11.7300 
 1888.0000    11.7600 
 1890.0000    11.8000 
 1892.0000    11.8300 
 1894.0000    11.8700 
 1896.0000    11.8900 
 1898.0000    11.9200 
 1900.0000    11.9300 
 1902.0000    11.9400 
 1904.0000    11.9600 
 1906.0000    11.9700 
 1908.0000    11.9900 
 1910.0000    12.0300 
 1912.0000    12.0900 
 1914.0000    12.1200 
 1916.0000    12.1600 
 1918.0000    12.1800 
 1920.0000    12.2000 
 1922.0000    12.2300 
 1924.0000    12.2500 
 1926.0000    12.2600 
 1928.0000    12.2800 
 1930.0000    12.3100 
 1932.0000    12.3200 
 1934.0000    12.3400 
 1936.0000    12.3600 
 1938.0000    12.3800 
 1940.0000    12.4400 
 1942.0000    12.4800 
 1944.0000    12.5200 
 1946.0000    12.5300 
 1948.0000    12.5200 
 1950.0000    12.5200 
 1952.0000    12.5400 
 1954.0000    12.5700 
 1956.0000    12.6100 
 1958.0000    12.6400 
 1960.0000    12.6900 
 1962.0000    12.7200 
 1964.0000    12.7400 
 1966.0000    12.7400 
 1968.0000    12.7600 
 1970.0000    12.7800 
 1972.0000    12.7900 
 1974.0000    12.8300 
 1976.0000    12.8600 
 1978.0000    12.8950 
 1980.0000    12.9200 
 1982.0000    12.9800 
 1984.0000    13.0300 
 1986.0000    13.0750 
 1988.0000    13.1200 
 1990.0000    13.1500 
 1992.0000    13.1600 
 1994.0000    13.1800 
 1996.0000    13.2100 
 1998.0000    13.2450 
 2000.0000    13.2900 
 2002.0000    13.3100 
 2004.0000    13.3500 
 2006.0000    13.3800 
 2008.0000    13.4200 
 2010.0000    13.4600 
 2012.0000    13.4900 
 2014.0000    13.5150 
 2016.0000    13.5300 
 2018.0000    13.5500 
 2020.0000    13.6000 
 2022.0000    13.6300 
 2024.0000    13.6600 
 2026.0000    13.6800 
 2028.0000    13.7200 
 2030.0000    13.7750 
 2032.0000    13.8200 
 2034.0000    13.8600 
 2036.0000    13.8800 
 2038.0000    13.9100 
 2040.0000    13.9550 
 2042.0000    13.9800 
 2044.0000    14.0300 
 2046.0000    14.0300 
 2048.0000    14.0600 
 2050.0000    14.0900 
 2052.0000    14.1250 
 2054.0000    14.1800 
 2056.0000    14.2000 
 2058.0000    14.2500 
 2060.0000    14.2900 
 2062.0000    14.3200 
 2064.0000    14.3400 
 2066.0000    14.3700 
 2068.0000    14.4100 
 2070.0000    14.4600 
 2072.0000    14.4600 
 2074.0000    14.4900 
 2076.0000    14.5300 
 2078.0000    14.5600 
 2080.0000    14.6100 
 2082.0000    14.6300 
 2084.0000    14.6700 
 2086.0000    14.7000 
 2088.0000    14.7100 
 2090.0000    14.7300 
 2092.0000    14.7450 
 2094.0000    14.8100 
 2096.0000    14.8500 
 2098.0000    14.8700 
 2100.0000    14.9000 
 2102.0000    14.9100 
 2104.0000    14.9500 
 2106.0000    14.9900 
 2108.0000    14.9900 
 2110.0000    15.0400 
 2112.0000    15.0900 
 2114.0000    15.1300 
 2116.0000    15.1800 
 2118.0000    15.1800 
 2120.0000    15.2000 
 2122.0000    15.2000 
 2124.0000    15.2100 
 2126.0000    15.2400 
 2128.0000    15.2300 
 2130.0000    15.2600 
 2132.0000    15.2900 
 2134.0000    15.3300 
 2136.0000    15.3600 
 2138.0000    15.3500 
 2140.0000    15.3600 
 2142.0000    15.3900 
 2144.0000    15.4000 
 2146.0000    15.4200 
 2148.0000    15.4400 
 2150.0000    15.4450 
 2152.0000    15.4800 
 2154.0000    15.4700 
 2156.0000    15.4900 
 2158.0000    15.5300 
 2160.0000    15.5500 
 2162.0000    15.5900 
 2164.0000    15.6400 
 2166.0000    15.6500 
 2168.0000    15.6600 
 2170.0000    15.6400 
 2172.0000    15.6500 
 2174.0000    15.6900 
 2176.0000    15.7100 
 2178.0000    15.7500 
 2180.0000    15.7500 
 2182.0000    15.7800 
 2184.0000    15.7800 
 2186.0000    15.7600 
 2188.0000    15.7100 
 2190.0000    15.6800 
 2192.0000    15.6700 
 2194.0000    15.6250 
 2196.0000    15.5800 
 2198.0000    15.4600 
 2200.0000    15.3000 
 2202.0000    15.1200 
 2204.0000    14.9500 
 2206.0000    14.7900 
 2208.0000    14.6100 
 2210.0000    14.5100 
 2212.0000    14.4900 
 2214.0000    14.5650 
 2216.0000    14.7100 
 2218.0000    14.9100 
 2220.0000    15.1100 
 2222.0000    15.2900 
 2224.0000    15.5000 
 2226.0000    15.6250 
 2228.0000    15.7400 
 2230.0000    15.8000 
 2232.0000    15.8100 
 2234.0000    15.7800 
 2236.0000    15.6800 
 2238.0000    15.5500 
 2240.0000    15.4200 
 2242.0000    15.2700 
 2244.0000    15.1500 
 2246.0000    15.1800 
 2248.0000    15.3400 
 2250.0000    15.5800 
 2252.0000    15.8100 
 2254.0000    16.0300 
 2256.0000    16.2300 
 2258.0000    16.3800 
 2260.0000    16.5400 
 2262.0000    16.6700 
 2264.0000    16.7800 
 2266.0000    16.8700 
 2268.0000    16.9600 
 2270.0000    17.0200 
 2272.0000    17.0700 
 2274.0000    17.0700 
 2276.0000    17.0800 
 2278.0000    17.0600 
 2280.0000    16.9800 
 2282.0000    16.9450 
 2284.0000    16.8800 
 2286.0000    16.8000 
 2288.0000    16.6400 
 2290.0000    16.5500 
 2292.0000    16.5050 
 2294.0000    16.5600 
 2296.0000    16.6400 
 2298.0000    16.7100 
 2300.0000    16.7800 
 2302.0000    16.8100 
 2304.0000    16.8550 
 2306.0000    16.8550 
 2308.0000    16.8300 
 2310.0000    16.8000 
 2312.0000    16.8000 
 2314.0000    16.8100 
 2316.0000    16.7800 
 2318.0000    16.7200 
 2320.0000    16.7000 
 2322.0000    16.6800 
 2324.0000    16.6800 
 2326.0000    16.6700 
 2328.0000    16.6200 
 2330.0000    16.5800 
 2332.0000    16.5500 
 2334.0000    16.5000 
 2336.0000    16.5300 
 2338.0000    16.5200 
 2340.0000    16.4500 
 2342.0000    16.3250 
 2344.0000    16.2300 
 2346.0000    16.1300 
 2348.0000    16.0200 
 2350.0000    15.9000 
 2352.0000    15.7400 
 2354.0000    15.5700 
 2356.0000    15.4450 
 2358.0000    15.3800 
 2360.0000    15.3300 
 2362.0000    15.3100 
 2364.0000    15.2700 
 2366.0000    15.2900 
 2368.0000    15.3200 
 2370.0000    15.4300 
 2372.0000    15.5100 
 2374.0000    15.5700 
 2376.0000    15.6800 
 2378.0000    15.8400 
 2380.0000    16.0100 
 2382.0000    16.1800 
 2384.0000    16.3800 
 2386.0000    16.6100 
 2388.0000    16.7800 
 2390.0000    16.9450 
 2392.0000    17.1600 
 2394.0000    17.3500 
 2396.0000    17.4000 
 2398.0000    17.4600 
 2400.0000    17.5700 
 2402.0000    17.7000 
 2404.0000    17.7800 
 2406.0000    17.8100 
 2408.0000    17.8200 
 2410.0000    17.8700 
 2412.0000    17.9500 
 2414.0000    17.9400 
 2416.0000    17.9400 
 2418.0000    17.9300 
 2420.0000    17.9700 
 2422.0000    17.9900 
 2424.0000    18.0200 
 2426.0000    18.0500 
 2428.0000    18.0100 
 2430.0000    17.9700 
 2432.0000    17.9150 
 2434.0000    17.8700 
 2436.0000    17.8100 
 2438.0000    17.7700 
 2440.0000    17.7700 
 2442.0000    17.8100 
 2444.0000    17.8200 
 2446.0000    17.8400 
 2448.0000    17.8250 
 2450.0000    17.7600 
 2452.0000    17.6450 
 2454.0000    17.5800 
 2456.0000    17.5500 
 2458.0000    17.5300 
 2460.0000    17.4500 
 2462.0000    17.4500 
 2464.0000    17.4600 
 2466.0000    17.4300 
 2468.0000    17.3700 
 2470.0000    17.4000 
 2472.0000    17.3850 
 2474.0000    17.4000 
 2476.0000    17.3500 
 2478.0000    17.3600 
 2480.0000    17.3400 
 2482.0000    17.3100 
 2484.0000    17.3100 
 2486.0000    17.3200 
 2488.0000    17.3500 
 2490.0000    17.2950 
 2492.0000    17.2900 
 2494.0000    17.2800 
 2496.0000    17.2400 
 2498.0000    17.2000 
 2500.0000    17.2700 
