 1300.0000    72.6800 
 1302.0000    72.3100 
 1304.0000    72.4900 
 1306.0000    72.6100 
 1308.0000    72.6700 
 1310.0000    72.4500 
 1312.0000    72.2850 
 1314.0000    72.1200 
 1316.0000    71.9000 
 1318.0000    71.8300 
 1320.0000    71.7800 
 1322.0000    71.6700 
 1324.0000    71.6400 
 1326.0000    71.5500 
 1328.0000    71.4300 
 1330.0000    71.3700 
 1332.0000    71.2900 
 1334.0000    71.2600 
 1336.0000    71.2500 
 1338.0000    71.1800 
 1340.0000    71.0900 
 1342.0000    71.0600 
 1344.0000    70.9400 
 1346.0000    70.8850 
 1348.0000    70.9000 
 1350.0000    70.8300 
 1352.0000    70.7500 
 1354.0000    70.7500 
 1356.0000    70.7000 
 1358.0000    70.6700 
 1360.0000    70.6800 
 1362.0000    70.6400 
 1364.0000    70.5800 
 1366.0000    70.5500 
 1368.0000    70.5000 
 1370.0000    70.4900 
 1372.0000    70.5000 
 1374.0000    70.4900 
 1376.0000    70.4500 
 1378.0000    70.4100 
 1380.0000    70.3450 
 1382.0000    70.2800 
 1384.0000    70.2200 
 1386.0000    70.1300 
 1388.0000    70.0400 
 1390.0000    69.9400 
 1392.0000    69.8300 
 1394.0000    69.7200 
 1396.0000    69.6100 
 1398.0000    69.4900 
 1400.0000    69.3300 
 1402.0000    69.1800 
 1404.0000    69.0150 
 1406.0000    68.8700 
 1408.0000    68.6800 
 1410.0000    68.5000 
 1412.0000    68.3300 
 1414.0000    68.1000 
 1416.0000    67.9000 
 1418.0000    67.6500 
 1420.0000    67.3650 
 1422.0000    67.0750 
 1424.0000    66.7900 
 1426.0000    66.4900 
 1428.0000    66.1700 
 1430.0000    65.8400 
 1432.0000    65.4900 
 1434.0000    65.1300 
 1436.0000    64.7700 
 1438.0000    64.4100 
 1440.0000    63.9900 
 1442.0000    63.5900 
 1444.0000    63.2100 
 1446.0000    62.8400 
 1448.0000    62.5000 
 1450.0000    62.2000 
 1452.0000    61.8400 
 1454.0000    61.5100 
 1456.0000    61.1850 
 1458.0000    60.8600 
 1460.0000    60.5700 
 1462.0000    60.2900 
 1464.0000    59.9900 
 1466.0000    59.6900 
 1468.0000    59.3900 
 1470.0000    59.0650 
 1472.0000    58.7400 
 1474.0000    58.4100 
 1476.0000    58.1100 
 1478.0000    57.8300 
 1480.0000    57.5700 
 1482.0000    57.3200 
 1484.0000    57.0400 
 1486.0000    56.7300 
 1488.0000    56.4700 
 1490.0000    56.2000 
 1492.0000    55.9500 
 1494.0000    55.7400 
 1496.0000    55.5200 
 1498.0000    55.3200 
 1500.0000    55.1500 
 1502.0000    54.9600 
 1504.0000    54.7800 
 1506.0000    54.6700 
 1508.0000    54.5750 
 1510.0000    54.4800 
 1512.0000    54.4000 
 1514.0000    54.2500 
 1516.0000    54.1600 
 1518.0000    54.1100 
 1520.0000    54.0700 
 1522.0000    54.0100 
 1524.0000    53.9900 
 1526.0000    53.9200 
 1528.0000    53.8700 
 1530.0000    53.8200 
 1532.0000    53.8000 
 1534.0000    53.8600 
 1536.0000    53.9600 
 1538.0000    54.1100 
 1540.0000    54.3000 
 1542.0000    54.5300 
 1544.0000    54.8200 
 1546.0000    55.1000 
 1548.0000    55.3800 
 1550.0000    55.6000 
 1552.0000    55.8200 
 1554.0000    56.0000 
 1556.0000    56.2100 
 1558.0000    56.4000 
 1560.0000    56.5900 
 1562.0000    56.7600 
 1564.0000    56.9100 
 1566.0000    57.0400 
 1568.0000    57.1400 
 1570.0000    57.2350 
 1572.0000    57.2900 
 1574.0000    57.2900 
 1576.0000    57.2900 
 1578.0000    57.3200 
 1580.0000    57.3300 
 1582.0000    57.3000 
 1584.0000    57.2500 
 1586.0000    57.2000 
 1588.0000    57.1400 
 1590.0000    57.0550 
 1592.0000    56.9700 
 1594.0000    56.9100 
 1596.0000    56.8750 
 1598.0000    56.8200 
 1600.0000    56.7100 
 1602.0000    56.5900 
 1604.0000    56.4800 
 1606.0000    56.3800 
 1608.0000    56.2500 
 1610.0000    56.1400 
 1612.0000    56.0700 
 1614.0000    55.9700 
 1616.0000    55.8600 
 1618.0000    55.7600 
 1620.0000    55.6700 
 1622.0000    55.5900 
 1624.0000    55.4600 
 1626.0000    55.3100 
 1628.0000    55.1900 
 1630.0000    55.0700 
 1632.0000    54.9300 
 1634.0000    54.8400 
 1636.0000    54.7300 
 1638.0000    54.6100 
 1640.0000    54.4200 
 1642.0000    54.2400 
 1644.0000    54.0900 
 1646.0000    53.9500 
 1648.0000    53.7800 
 1650.0000    53.6200 
 1652.0000    53.5000 
 1654.0000    53.3900 
 1656.0000    53.2300 
 1658.0000    53.0600 
 1660.0000    52.8900 
 1662.0000    52.7700 
 1664.0000    52.6100 
 1666.0000    52.4000 
 1668.0000    52.1700 
 1670.0000    52.0000 
 1672.0000    51.8450 
 1674.0000    51.6700 
 1676.0000    51.5000 
 1678.0000    51.3700 
 1680.0000    51.2500 
 1682.0000    51.1400 
 1684.0000    50.9850 
 1686.0000    50.8600 
 1688.0000    50.7500 
 1690.0000    50.6100 
 1692.0000    50.4700 
 1694.0000    50.3200 
 1696.0000    50.2400 
 1698.0000    50.1400 
 1700.0000    50.0150 
 1702.0000    49.8900 
 1704.0000    49.7800 
 1706.0000    49.6600 
 1708.0000    49.5200 
 1710.0000    49.3500 
 1712.0000    49.2100 
 1714.0000    49.0800 
 1716.0000    48.9600 
 1718.0000    48.8100 
 1720.0000    48.6700 
 1722.0000    48.5500 
 1724.0000    48.4200 
 1726.0000    48.2800 
 1728.0000    48.1400 
 1730.0000    48.0000 
 1732.0000    47.8600 
 1734.0000    47.6700 
 1736.0000    47.5400 
 1738.0000    47.4400 
 1740.0000    47.3600 
 1742.0000    47.2500 
 1744.0000    47.1200 
 1746.0000    47.0500 
 1748.0000    47.0400 
 1750.0000    47.0100 
 1752.0000    46.9700 
 1754.0000    46.9400 
 1756.0000    46.9000 
 1758.0000    46.9000 
 1760.0000    46.9000 
 1762.0000    46.9200 
 1764.0000    46.9600 
 1766.0000    46.9400 
 1768.0000    46.8900 
 1770.0000    46.8600 
 1772.0000    46.8600 
 1774.0000    46.8500 
 1776.0000    46.8200 
 1778.0000    46.8100 
 1780.0000    46.7800 
 1782.0000    46.7700 
 1784.0000    46.7400 
 1786.0000    46.6800 
 1788.0000    46.6500 
 1790.0000    46.6500 
 1792.0000    46.6100 
 1794.0000    46.5900 
 1796.0000    46.5600 
 1798.0000    46.5100 
 1800.0000    46.4900 
 1802.0000    46.4500 
 1804.0000    46.4100 
 1806.0000    46.4100 
 1808.0000    46.4000 
 1810.0000    46.3800 
 1812.0000    46.3400 
 1814.0000    46.2800 
 1816.0000    46.2600 
 1818.0000    46.2200 
 1820.0000    46.1300 
 1822.0000    46.0800 
 1824.0000    46.0500 
 1826.0000    46.0200 
 1828.0000    46.0000 
 1830.0000    45.9300 
 1832.0000    45.8500 
 1834.0000    45.7700 
 1836.0000    45.6900 
 1838.0000    45.6000 
 1840.0000    45.5200 
 1842.0000    45.4400 
 1844.0000    45.3400 
 1846.0000    45.2300 
 1848.0000    45.0900 
 1850.0000    44.9700 
 1852.0000    44.8400 
 1854.0000    44.6800 
 1856.0000    44.5100 
 1858.0000    44.3300 
 1860.0000    44.1300 
 1862.0000    43.9700 
 1864.0000    43.7500 
 1866.0000    43.5500 
 1868.0000    43.3800 
 1870.0000    43.1800 
 1872.0000    42.9500 
 1874.0000    42.6800 
 1876.0000    42.4500 
 1878.0000    42.1800 
 1880.0000    41.9200 
 1882.0000    41.6100 
 1884.0000    41.2800 
 1886.0000    40.9500 
 1888.0000    40.6000 
 1890.0000    40.2300 
 1892.0000    39.8700 
 1894.0000    39.4700 
 1896.0000    39.0300 
 1898.0000    38.5400 
 1900.0000    38.0400 
 1902.0000    37.5700 
 1904.0000    37.0500 
 1906.0000    36.4900 
 1908.0000    35.9200 
 1910.0000    35.3200 
 1912.0000    34.7500 
 1914.0000    34.1650 
 1916.0000    33.5800 
 1918.0000    32.9800 
 1920.0000    32.3600 
 1922.0000    31.7200 
 1924.0000    31.0700 
 1926.0000    30.4400 
 1928.0000    29.7900 
 1930.0000    29.1800 
 1932.0000    28.5800 
 1934.0000    28.0000 
 1936.0000    27.5300 
 1938.0000    27.1400 
 1940.0000    26.8200 
 1942.0000    26.5600 
 1944.0000    26.3400 
 1946.0000    26.1900 
 1948.0000    26.1300 
 1950.0000    26.1200 
 1952.0000    26.1800 
 1954.0000    26.3000 
 1956.0000    26.4500 
 1958.0000    26.6500 
 1960.0000    26.9000 
 1962.0000    27.1700 
 1964.0000    27.5100 
 1966.0000    27.8100 
 1968.0000    28.1300 
 1970.0000    28.4300 
 1972.0000    28.7200 
 1974.0000    28.9400 
 1976.0000    29.1300 
 1978.0000    29.3150 
 1980.0000    29.5100 
 1982.0000    29.6700 
 1984.0000    29.7900 
 1986.0000    29.9000 
 1988.0000    29.9600 
 1990.0000    30.0100 
 1992.0000    30.0300 
 1994.0000    30.0150 
 1996.0000    30.0300 
 1998.0000    30.0000 
 2000.0000    29.9600 
 2002.0000    29.9400 
 2004.0000    29.9100 
 2006.0000    29.8400 
 2008.0000    29.7600 
 2010.0000    29.6500 
 2012.0000    29.5200 
 2014.0000    29.4000 
 2016.0000    29.2400 
 2018.0000    29.1000 
 2020.0000    28.9400 
 2022.0000    28.7600 
 2024.0000    28.5800 
 2026.0000    28.3600 
 2028.0000    28.1300 
 2030.0000    27.9600 
 2032.0000    27.8250 
 2034.0000    27.7200 
 2036.0000    27.6100 
 2038.0000    27.4800 
 2040.0000    27.4100 
 2042.0000    27.3900 
 2044.0000    27.4000 
 2046.0000    27.4200 
 2048.0000    27.4500 
 2050.0000    27.5200 
 2052.0000    27.5800 
 2054.0000    27.6400 
 2056.0000    27.7200 
 2058.0000    27.7800 
 2060.0000    27.8400 
 2062.0000    27.9100 
 2064.0000    28.0100 
 2066.0000    28.1600 
 2068.0000    28.2800 
 2070.0000    28.3700 
 2072.0000    28.4300 
 2074.0000    28.5400 
 2076.0000    28.6100 
 2078.0000    28.6800 
 2080.0000    28.7700 
 2082.0000    28.8400 
 2084.0000    28.9700 
 2086.0000    29.1200 
 2088.0000    29.2500 
 2090.0000    29.3400 
 2092.0000    29.3700 
 2094.0000    29.3900 
 2096.0000    29.4900 
 2098.0000    29.6100 
 2100.0000    29.7200 
 2102.0000    29.8300 
 2104.0000    29.9100 
 2106.0000    30.0150 
 2108.0000    30.0900 
 2110.0000    30.1400 
 2112.0000    30.1800 
 2114.0000    30.2300 
 2116.0000    30.2800 
 2118.0000    30.3100 
 2120.0000    30.3300 
 2122.0000    30.3600 
 2124.0000    30.4100 
 2126.0000    30.4500 
 2128.0000    30.5200 
 2130.0000    30.5550 
 2132.0000    30.5550 
 2134.0000    30.5200 
 2136.0000    30.5100 
 2138.0000    30.5200 
 2140.0000    30.5200 
 2142.0000    30.5200 
 2144.0000    30.5400 
 2146.0000    30.5700 
 2148.0000    30.6200 
 2150.0000    30.6500 
 2152.0000    30.6700 
 2154.0000    30.7200 
 2156.0000    30.7300 
 2158.0000    30.7300 
 2160.0000    30.7300 
 2162.0000    30.7100 
 2164.0000    30.7100 
 2166.0000    30.7100 
 2168.0000    30.7100 
 2170.0000    30.7200 
 2172.0000    30.7200 
 2174.0000    30.7100 
 2176.0000    30.7000 
 2178.0000    30.6700 
 2180.0000    30.6200 
 2182.0000    30.5550 
 2184.0000    30.4900 
 2186.0000    30.4650 
 2188.0000    30.4000 
 2190.0000    30.3400 
 2192.0000    30.2800 
 2194.0000    30.2400 
 2196.0000    30.2100 
 2198.0000    30.1700 
 2200.0000    30.1600 
 2202.0000    30.1000 
 2204.0000    30.0300 
 2206.0000    29.9600 
 2208.0000    29.8600 
 2210.0000    29.7600 
 2212.0000    29.7300 
 2214.0000    29.6900 
 2216.0000    29.6200 
 2218.0000    29.4800 
 2220.0000    29.3500 
 2222.0000    29.3100 
 2224.0000    29.3000 
 2226.0000    29.3000 
 2228.0000    29.3100 
 2230.0000    29.3300 
 2232.0000    29.4400 
 2234.0000    29.5500 
 2236.0000    29.6900 
 2238.0000    29.8200 
 2240.0000    29.8700 
 2242.0000    29.9000 
 2244.0000    29.8700 
 2246.0000    29.8800 
 2248.0000    29.8600 
 2250.0000    29.8600 
 2252.0000    29.8800 
 2254.0000    29.8800 
 2256.0000    29.7900 
 2258.0000    29.6700 
 2260.0000    29.6100 
 2262.0000    29.6100 
 2264.0000    29.5850 
 2266.0000    29.4950 
 2268.0000    29.4300 
 2270.0000    29.4000 
 2272.0000    29.3700 
 2274.0000    29.3500 
 2276.0000    29.2200 
 2278.0000    29.0900 
 2280.0000    29.0450 
 2282.0000    29.0200 
 2284.0000    28.9300 
 2286.0000    28.7950 
 2288.0000    28.7400 
 2290.0000    28.6900 
 2292.0000    28.5800 
 2294.0000    28.5100 
 2296.0000    28.3900 
 2298.0000    28.3000 
 2300.0000    28.1650 
 2302.0000    28.0800 
 2304.0000    27.9800 
 2306.0000    27.9150 
 2308.0000    27.8250 
 2310.0000    27.7500 
 2312.0000    27.6900 
 2314.0000    27.6100 
 2316.0000    27.5000 
 2318.0000    27.3900 
 2320.0000    27.2850 
 2322.0000    27.2300 
 2324.0000    27.1900 
 2326.0000    27.1100 
 2328.0000    27.0200 
 2330.0000    26.9400 
 2332.0000    26.8500 
 2334.0000    26.7300 
 2336.0000    26.6400 
 2338.0000    26.5500 
 2340.0000    26.4500 
 2342.0000    26.3400 
 2344.0000    26.3000 
 2346.0000    26.2400 
 2348.0000    26.1300 
 2350.0000    26.0300 
 2352.0000    25.9400 
 2354.0000    25.8300 
 2356.0000    25.6800 
 2358.0000    25.5400 
 2360.0000    25.4500 
 2362.0000    25.3800 
 2364.0000    25.2700 
 2366.0000    25.1300 
 2368.0000    24.9800 
 2370.0000    24.9000 
 2372.0000    24.8200 
 2374.0000    24.6800 
 2376.0000    24.5300 
 2378.0000    24.3900 
 2380.0000    24.1800 
 2382.0000    23.9700 
 2384.0000    23.8300 
 2386.0000    23.6900 
 2388.0000    23.5400 
 2390.0000    23.4200 
 2392.0000    23.3100 
 2394.0000    23.2600 
 2396.0000    23.1900 
 2398.0000    23.1200 
 2400.0000    23.0600 
 2402.0000    23.0300 
 2404.0000    22.9700 
 2406.0000    22.9100 
 2408.0000    22.8500 
 2410.0000    22.8200 
 2412.0000    22.8000 
 2414.0000    22.8000 
 2416.0000    22.7700 
 2418.0000    22.7400 
 2420.0000    22.6700 
 2422.0000    22.6800 
 2424.0000    22.6800 
 2426.0000    22.6400 
 2428.0000    22.5100 
 2430.0000    22.4600 
 2432.0000    22.4700 
 2434.0000    22.4000 
 2436.0000    22.3000 
 2438.0000    22.1800 
 2440.0000    22.1700 
 2442.0000    22.0800 
 2444.0000    22.0200 
 2446.0000    21.9600 
 2448.0000    21.9200 
 2450.0000    21.9200 
 2452.0000    21.9100 
 2454.0000    21.8900 
 2456.0000    21.7700 
 2458.0000    21.7200 
 2460.0000    21.6600 
 2462.0000    21.6400 
 2464.0000    21.6400 
 2466.0000    21.6900 
 2468.0000    21.6400 
 2470.0000    21.5800 
 2472.0000    21.5200 
 2474.0000    21.5200 
 2476.0000    21.4800 
 2478.0000    21.4200 
 2480.0000    21.3600 
 2482.0000    21.2900 
 2484.0000    21.2900 
 2486.0000    21.2600 
 2488.0000    21.1900 
 2490.0000    21.1000 
 2492.0000    21.0700 
 2494.0000    20.9900 
 2496.0000    21.0100 
 2498.0000    21.0300 
 2500.0000    20.9600 
