 1300.0000    69.8050 
 1302.0000    69.6900 
 1304.0000    69.5000 
 1306.0000    69.4200 
 1308.0000    69.2600 
 1310.0000    69.0400 
 1312.0000    69.0600 
 1314.0000    69.0150 
 1316.0000    68.8900 
 1318.0000    68.8300 
 1320.0000    68.6700 
 1322.0000    68.4600 
 1324.0000    68.3000 
 1326.0000    68.1400 
 1328.0000    68.0600 
 1330.0000    68.0200 
 1332.0000    67.8900 
 1334.0000    67.8100 
 1336.0000    67.6500 
 1338.0000    67.4350 
 1340.0000    67.2200 
 1342.0000    67.0200 
 1344.0000    66.8700 
 1346.0000    66.6900 
 1348.0000    66.5000 
 1350.0000    66.3700 
 1352.0000    66.2400 
 1354.0000    66.1400 
 1356.0000    66.0500 
 1358.0000    65.9000 
 1360.0000    65.8200 
 1362.0000    65.7800 
 1364.0000    65.7300 
 1366.0000    65.6600 
 1368.0000    65.5900 
 1370.0000    65.4950 
 1372.0000    65.4100 
 1374.0000    65.3150 
 1376.0000    65.2450 
 1378.0000    65.2000 
 1380.0000    65.1300 
 1382.0000    65.0500 
 1384.0000    64.9200 
 1386.0000    64.7700 
 1388.0000    64.6200 
 1390.0000    64.4400 
 1392.0000    64.2300 
 1394.0000    64.0200 
 1396.0000    63.7900 
 1398.0000    63.5300 
 1400.0000    63.2500 
 1402.0000    62.9450 
 1404.0000    62.5800 
 1406.0000    62.2400 
 1408.0000    61.8500 
 1410.0000    61.4300 
 1412.0000    61.0000 
 1414.0000    60.5500 
 1416.0000    60.0700 
 1418.0000    59.5900 
 1420.0000    59.0650 
 1422.0000    58.5300 
 1424.0000    57.9900 
 1426.0000    57.4400 
 1428.0000    56.8700 
 1430.0000    56.3000 
 1432.0000    55.7200 
 1434.0000    55.1500 
 1436.0000    54.5500 
 1438.0000    54.0100 
 1440.0000    53.4400 
 1442.0000    52.8800 
 1444.0000    52.3150 
 1446.0000    51.7700 
 1448.0000    51.2200 
 1450.0000    50.7200 
 1452.0000    50.2650 
 1454.0000    49.8800 
 1456.0000    49.4700 
 1458.0000    49.0900 
 1460.0000    48.7400 
 1462.0000    48.4100 
 1464.0000    48.1200 
 1466.0000    47.8800 
 1468.0000    47.6400 
 1470.0000    47.4400 
 1472.0000    47.2900 
 1474.0000    47.1100 
 1476.0000    46.9500 
 1478.0000    46.7500 
 1480.0000    46.5700 
 1482.0000    46.4400 
 1484.0000    46.3800 
 1486.0000    46.3400 
 1488.0000    46.3300 
 1490.0000    46.3100 
 1492.0000    46.3400 
 1494.0000    46.3800 
 1496.0000    46.4100 
 1498.0000    46.4400 
 1500.0000    46.4700 
 1502.0000    46.5100 
 1504.0000    46.5400 
 1506.0000    46.5500 
 1508.0000    46.5600 
 1510.0000    46.5800 
 1512.0000    46.5700 
 1514.0000    46.5200 
 1516.0000    46.4500 
 1518.0000    46.3200 
 1520.0000    46.1900 
 1522.0000    46.0700 
 1524.0000    45.9500 
 1526.0000    45.8300 
 1528.0000    45.7400 
 1530.0000    45.5900 
 1532.0000    45.4400 
 1534.0000    45.3000 
 1536.0000    45.1300 
 1538.0000    44.9800 
 1540.0000    44.8200 
 1542.0000    44.6900 
 1544.0000    44.5900 
 1546.0000    44.4800 
 1548.0000    44.3400 
 1550.0000    44.2300 
 1552.0000    44.1400 
 1554.0000    44.0500 
 1556.0000    43.9600 
 1558.0000    43.8700 
 1560.0000    43.7700 
 1562.0000    43.7000 
 1564.0000    43.6300 
 1566.0000    43.5700 
 1568.0000    43.5200 
 1570.0000    43.5000 
 1572.0000    43.5000 
 1574.0000    43.5000 
 1576.0000    43.4600 
 1578.0000    43.4500 
 1580.0000    43.4400 
 1582.0000    43.4100 
 1584.0000    43.4000 
 1586.0000    43.3800 
 1588.0000    43.3600 
 1590.0000    43.3400 
 1592.0000    43.3100 
 1594.0000    43.2900 
 1596.0000    43.2900 
 1598.0000    43.2700 
 1600.0000    43.2300 
 1602.0000    43.1400 
 1604.0000    43.1400 
 1606.0000    43.1100 
 1608.0000    43.0900 
 1610.0000    43.0500 
 1612.0000    43.0000 
 1614.0000    42.9800 
 1616.0000    42.9500 
 1618.0000    42.8800 
 1620.0000    42.8200 
 1622.0000    42.7700 
 1624.0000    42.7300 
 1626.0000    42.6700 
 1628.0000    42.6000 
 1630.0000    42.5300 
 1632.0000    42.4600 
 1634.0000    42.3800 
 1636.0000    42.2900 
 1638.0000    42.2200 
 1640.0000    42.1400 
 1642.0000    42.0600 
 1644.0000    42.0000 
 1646.0000    41.9300 
 1648.0000    41.8700 
 1650.0000    41.8200 
 1652.0000    41.7300 
 1654.0000    41.6400 
 1656.0000    41.5500 
 1658.0000    41.4700 
 1660.0000    41.3600 
 1662.0000    41.2300 
 1664.0000    41.1100 
 1666.0000    41.0100 
 1668.0000    40.9100 
 1670.0000    40.8000 
 1672.0000    40.6600 
 1674.0000    40.5300 
 1676.0000    40.3900 
 1678.0000    40.3000 
 1680.0000    40.2100 
 1682.0000    40.1200 
 1684.0000    40.0100 
 1686.0000    39.8900 
 1688.0000    39.7800 
 1690.0000    39.6600 
 1692.0000    39.5200 
 1694.0000    39.4000 
 1696.0000    39.2900 
 1698.0000    39.1600 
 1700.0000    39.0300 
 1702.0000    38.8800 
 1704.0000    38.7700 
 1706.0000    38.6400 
 1708.0000    38.4750 
 1710.0000    38.3400 
 1712.0000    38.2050 
 1714.0000    38.1100 
 1716.0000    38.0000 
 1718.0000    37.8500 
 1720.0000    37.6850 
 1722.0000    37.5500 
 1724.0000    37.4100 
 1726.0000    37.2900 
 1728.0000    37.1700 
 1730.0000    37.0500 
 1732.0000    36.9300 
 1734.0000    36.8300 
 1736.0000    36.7150 
 1738.0000    36.6100 
 1740.0000    36.4800 
 1742.0000    36.3500 
 1744.0000    36.2400 
 1746.0000    36.1100 
 1748.0000    36.0000 
 1750.0000    35.8600 
 1752.0000    35.7700 
 1754.0000    35.6550 
 1756.0000    35.5800 
 1758.0000    35.4600 
 1760.0000    35.3400 
 1762.0000    35.2100 
 1764.0000    35.0800 
 1766.0000    34.9500 
 1768.0000    34.8400 
 1770.0000    34.7300 
 1772.0000    34.5950 
 1774.0000    34.4800 
 1776.0000    34.3600 
 1778.0000    34.2400 
 1780.0000    34.1400 
 1782.0000    34.0300 
 1784.0000    33.9400 
 1786.0000    33.8400 
 1788.0000    33.7600 
 1790.0000    33.6600 
 1792.0000    33.5800 
 1794.0000    33.5000 
 1796.0000    33.4300 
 1798.0000    33.3700 
 1800.0000    33.3100 
 1802.0000    33.2800 
 1804.0000    33.2300 
 1806.0000    33.1900 
 1808.0000    33.1500 
 1810.0000    33.1050 
 1812.0000    33.0800 
 1814.0000    33.0600 
 1816.0000    33.0500 
 1818.0000    33.0500 
 1820.0000    33.0300 
 1822.0000    33.0000 
 1824.0000    32.9600 
 1826.0000    32.9200 
 1828.0000    32.8900 
 1830.0000    32.8600 
 1832.0000    32.8200 
 1834.0000    32.7800 
 1836.0000    32.7400 
 1838.0000    32.6900 
 1840.0000    32.6300 
 1842.0000    32.5600 
 1844.0000    32.5100 
 1846.0000    32.4900 
 1848.0000    32.4400 
 1850.0000    32.3700 
 1852.0000    32.2900 
 1854.0000    32.1800 
 1856.0000    32.0700 
 1858.0000    31.9400 
 1860.0000    31.8500 
 1862.0000    31.7600 
 1864.0000    31.6800 
 1866.0000    31.5800 
 1868.0000    31.4300 
 1870.0000    31.2800 
 1872.0000    31.1300 
 1874.0000    31.0000 
 1876.0000    30.8700 
 1878.0000    30.7500 
 1880.0000    30.6000 
 1882.0000    30.4400 
 1884.0000    30.2400 
 1886.0000    30.0500 
 1888.0000    29.8700 
 1890.0000    29.6700 
 1892.0000    29.4700 
 1894.0000    29.2250 
 1896.0000    28.9700 
 1898.0000    28.7000 
 1900.0000    28.4200 
 1902.0000    28.1100 
 1904.0000    27.8400 
 1906.0000    27.5700 
 1908.0000    27.2850 
 1910.0000    26.9900 
 1912.0000    26.6750 
 1914.0000    26.3800 
 1916.0000    26.0650 
 1918.0000    25.7700 
 1920.0000    25.4900 
 1922.0000    25.1850 
 1924.0000    24.9000 
 1926.0000    24.6300 
 1928.0000    24.3900 
 1930.0000    24.1600 
 1932.0000    23.9200 
 1934.0000    23.6500 
 1936.0000    23.3900 
 1938.0000    23.1900 
 1940.0000    22.9900 
 1942.0000    22.8400 
 1944.0000    22.6800 
 1946.0000    22.5100 
 1948.0000    22.3500 
 1950.0000    22.2100 
 1952.0000    22.0700 
 1954.0000    21.9300 
 1956.0000    21.8100 
 1958.0000    21.6900 
 1960.0000    21.6000 
 1962.0000    21.5100 
 1964.0000    21.4200 
 1966.0000    21.3600 
 1968.0000    21.3000 
 1970.0000    21.2300 
 1972.0000    21.1300 
 1974.0000    21.0400 
 1976.0000    20.9700 
 1978.0000    20.9000 
 1980.0000    20.8500 
 1982.0000    20.8000 
 1984.0000    20.7900 
 1986.0000    20.8100 
 1988.0000    20.8200 
 1990.0000    20.8200 
 1992.0000    20.8400 
 1994.0000    20.8700 
 1996.0000    20.9200 
 1998.0000    20.9600 
 2000.0000    21.0600 
 2002.0000    21.1700 
 2004.0000    21.3200 
 2006.0000    21.4600 
 2008.0000    21.6200 
 2010.0000    21.7800 
 2012.0000    21.9600 
 2014.0000    22.1400 
 2016.0000    22.3600 
 2018.0000    22.5800 
 2020.0000    22.7800 
 2022.0000    23.0100 
 2024.0000    23.2100 
 2026.0000    23.4200 
 2028.0000    23.6100 
 2030.0000    23.7800 
 2032.0000    23.9100 
 2034.0000    24.0400 
 2036.0000    24.1700 
 2038.0000    24.2900 
 2040.0000    24.4000 
 2042.0000    24.4800 
 2044.0000    24.5700 
 2046.0000    24.6300 
 2048.0000    24.7000 
 2050.0000    24.7400 
 2052.0000    24.7700 
 2054.0000    24.8100 
 2056.0000    24.8300 
 2058.0000    24.8500 
 2060.0000    24.8400 
 2062.0000    24.8300 
 2064.0000    24.8200 
 2066.0000    24.8300 
 2068.0000    24.8300 
 2070.0000    24.8300 
 2072.0000    24.8200 
 2074.0000    24.7900 
 2076.0000    24.7800 
 2078.0000    24.7500 
 2080.0000    24.7200 
 2082.0000    24.6800 
 2084.0000    24.6500 
 2086.0000    24.6100 
 2088.0000    24.5900 
 2090.0000    24.5800 
 2092.0000    24.5400 
 2094.0000    24.4700 
 2096.0000    24.3800 
 2098.0000    24.3500 
 2100.0000    24.3400 
 2102.0000    24.3400 
 2104.0000    24.2700 
 2106.0000    24.1700 
 2108.0000    24.0900 
 2110.0000    24.0700 
 2112.0000    24.0600 
 2114.0000    24.0500 
 2116.0000    23.9800 
 2118.0000    23.9400 
 2120.0000    23.8700 
 2122.0000    23.8100 
 2124.0000    23.7700 
 2126.0000    23.6400 
 2128.0000    23.5700 
 2130.0000    23.5400 
 2132.0000    23.5300 
 2134.0000    23.5000 
 2136.0000    23.4600 
 2138.0000    23.4000 
 2140.0000    23.3300 
 2142.0000    23.2700 
 2144.0000    23.2500 
 2146.0000    23.2700 
 2148.0000    23.2600 
 2150.0000    23.2200 
 2152.0000    23.1600 
 2154.0000    23.1300 
 2156.0000    23.0900 
 2158.0000    23.0900 
 2160.0000    23.0700 
 2162.0000    23.0600 
 2164.0000    23.0700 
 2166.0000    23.0800 
 2168.0000    23.0700 
 2170.0000    23.0500 
 2172.0000    23.0600 
 2174.0000    23.0600 
 2176.0000    23.0600 
 2178.0000    23.0200 
 2180.0000    23.0100 
 2182.0000    22.9900 
 2184.0000    22.9800 
 2186.0000    22.9600 
 2188.0000    22.9400 
 2190.0000    22.9400 
 2192.0000    22.9200 
 2194.0000    22.9200 
 2196.0000    22.9200 
 2198.0000    22.8900 
 2200.0000    22.8600 
 2202.0000    22.8300 
 2204.0000    22.8400 
 2206.0000    22.8600 
 2208.0000    22.8700 
 2210.0000    22.8700 
 2212.0000    22.8300 
 2214.0000    22.8000 
 2216.0000    22.8100 
 2218.0000    22.8300 
 2220.0000    22.8200 
 2222.0000    22.7700 
 2224.0000    22.7900 
 2226.0000    22.8400 
 2228.0000    22.8500 
 2230.0000    22.8100 
 2232.0000    22.7700 
 2234.0000    22.7800 
 2236.0000    22.7800 
 2238.0000    22.8300 
 2240.0000    22.8800 
 2242.0000    22.9100 
 2244.0000    22.8800 
 2246.0000    22.8600 
 2248.0000    22.8400 
 2250.0000    22.8700 
 2252.0000    22.9000 
 2254.0000    22.8900 
 2256.0000    22.8400 
 2258.0000    22.8000 
 2260.0000    22.7900 
 2262.0000    22.7700 
 2264.0000    22.7400 
 2266.0000    22.7000 
 2268.0000    22.6500 
 2270.0000    22.6200 
 2272.0000    22.6300 
 2274.0000    22.6400 
 2276.0000    22.6300 
 2278.0000    22.6000 
 2280.0000    22.5900 
 2282.0000    22.5700 
 2284.0000    22.5600 
 2286.0000    22.5200 
 2288.0000    22.5000 
 2290.0000    22.4700 
 2292.0000    22.4400 
 2294.0000    22.4100 
 2296.0000    22.4100 
 2298.0000    22.3500 
 2300.0000    22.3400 
 2302.0000    22.3300 
 2304.0000    22.3400 
 2306.0000    22.3700 
 2308.0000    22.3800 
 2310.0000    22.3900 
 2312.0000    22.4200 
 2314.0000    22.4400 
 2316.0000    22.4300 
 2318.0000    22.4100 
 2320.0000    22.4500 
 2322.0000    22.4400 
 2324.0000    22.4000 
 2326.0000    22.4100 
 2328.0000    22.4400 
 2330.0000    22.4500 
 2332.0000    22.4400 
 2334.0000    22.4400 
 2336.0000    22.4400 
 2338.0000    22.4200 
 2340.0000    22.4300 
 2342.0000    22.4500 
 2344.0000    22.4600 
 2346.0000    22.4200 
 2348.0000    22.4300 
 2350.0000    22.4400 
 2352.0000    22.4000 
 2354.0000    22.3700 
 2356.0000    22.3500 
 2358.0000    22.3700 
 2360.0000    22.3000 
 2362.0000    22.2300 
 2364.0000    22.1800 
 2366.0000    22.1900 
 2368.0000    22.1400 
 2370.0000    22.0600 
 2372.0000    22.0200 
 2374.0000    22.0100 
 2376.0000    22.0000 
 2378.0000    21.9300 
 2380.0000    21.8800 
 2382.0000    21.8300 
 2384.0000    21.7800 
 2386.0000    21.7000 
 2388.0000    21.6100 
 2390.0000    21.5200 
 2392.0000    21.4300 
 2394.0000    21.3400 
 2396.0000    21.2100 
 2398.0000    21.0500 
 2400.0000    20.9100 
 2402.0000    20.7900 
 2404.0000    20.7400 
 2406.0000    20.5800 
 2408.0000    20.4100 
 2410.0000    20.2300 
 2412.0000    20.1300 
 2414.0000    20.0100 
 2416.0000    19.8000 
 2418.0000    19.6600 
 2420.0000    19.4950 
 2422.0000    19.3250 
 2424.0000    19.1450 
 2426.0000    18.9900 
 2428.0000    18.8700 
 2430.0000    18.6800 
 2432.0000    18.4900 
 2434.0000    18.3000 
 2436.0000    18.1400 
 2438.0000    17.9400 
 2440.0000    17.7900 
 2442.0000    17.6600 
 2444.0000    17.6000 
 2446.0000    17.4600 
 2448.0000    17.2500 
 2450.0000    17.0000 
 2452.0000    16.8800 
 2454.0000    16.7650 
 2456.0000    16.6900 
 2458.0000    16.5700 
 2460.0000    16.4800 
 2462.0000    16.3600 
 2464.0000    16.2600 
 2466.0000    16.1100 
 2468.0000    15.9200 
 2470.0000    15.8400 
 2472.0000    15.7100 
 2474.0000    15.6600 
 2476.0000    15.5700 
 2478.0000    15.5600 
 2480.0000    15.4000 
 2482.0000    15.2700 
 2484.0000    15.1200 
 2486.0000    15.0200 
 2488.0000    14.8800 
 2490.0000    14.8300 
 2492.0000    14.8000 
 2494.0000    14.7200 
 2496.0000    14.5800 
 2498.0000    14.4200 
 2500.0000    14.3900 
