 1300.0000    64.2300 
 1302.0000    63.9800 
 1304.0000    64.1100 
 1306.0000    64.6100 
 1308.0000    64.5500 
 1310.0000    64.3000 
 1312.0000    64.2200 
 1314.0000    64.2200 
 1316.0000    64.2500 
 1318.0000    64.4900 
 1320.0000    64.6200 
 1322.0000    64.5200 
 1324.0000    64.3400 
 1326.0000    64.3600 
 1328.0000    64.3100 
 1330.0000    64.2400 
 1332.0000    64.2300 
 1334.0000    64.2200 
 1336.0000    64.0900 
 1338.0000    63.9300 
 1340.0000    63.8300 
 1342.0000    63.7100 
 1344.0000    63.6400 
 1346.0000    63.6400 
 1348.0000    63.6300 
 1350.0000    63.5200 
 1352.0000    63.4300 
 1354.0000    63.4200 
 1356.0000    63.3000 
 1358.0000    63.2000 
 1360.0000    63.2200 
 1362.0000    63.2000 
 1364.0000    63.1600 
 1366.0000    63.1500 
 1368.0000    63.0300 
 1370.0000    62.8300 
 1372.0000    62.5800 
 1374.0000    62.3500 
 1376.0000    62.0100 
 1378.0000    61.6100 
 1380.0000    61.2200 
 1382.0000    60.7000 
 1384.0000    60.0300 
 1386.0000    59.3200 
 1388.0000    58.4700 
 1390.0000    57.4100 
 1392.0000    56.2000 
 1394.0000    54.8500 
 1396.0000    53.4100 
 1398.0000    51.9700 
 1400.0000    50.5900 
 1402.0000    49.2700 
 1404.0000    48.0000 
 1406.0000    46.8500 
 1408.0000    45.8200 
 1410.0000    44.8500 
 1412.0000    43.9600 
 1414.0000    43.1600 
 1416.0000    42.4200 
 1418.0000    41.7300 
 1420.0000    41.1300 
 1422.0000    40.6600 
 1424.0000    40.2500 
 1426.0000    39.9000 
 1428.0000    39.6500 
 1430.0000    39.4100 
 1432.0000    39.1700 
 1434.0000    39.0100 
 1436.0000    38.8400 
 1438.0000    38.6700 
 1440.0000    38.5100 
 1442.0000    38.4000 
 1444.0000    38.2700 
 1446.0000    38.1500 
 1448.0000    38.1300 
 1450.0000    38.1500 
 1452.0000    38.1600 
 1454.0000    38.2000 
 1456.0000    38.2900 
 1458.0000    38.3500 
 1460.0000    38.4100 
 1462.0000    38.5300 
 1464.0000    38.6400 
 1466.0000    38.7800 
 1468.0000    38.9700 
 1470.0000    39.2600 
 1472.0000    39.5700 
 1474.0000    39.9400 
 1476.0000    40.3500 
 1478.0000    40.7500 
 1480.0000    41.1700 
 1482.0000    41.6200 
 1484.0000    42.0600 
 1486.0000    42.4400 
 1488.0000    42.8200 
 1490.0000    43.2600 
 1492.0000    43.6600 
 1494.0000    44.1400 
 1496.0000    44.6400 
 1498.0000    45.1100 
 1500.0000    45.5500 
 1502.0000    46.0400 
 1504.0000    46.4900 
 1506.0000    46.9700 
 1508.0000    47.4200 
 1510.0000    47.8900 
 1512.0000    48.3200 
 1514.0000    48.7400 
 1516.0000    49.2400 
 1518.0000    49.7300 
 1520.0000    50.1900 
 1522.0000    50.6800 
 1524.0000    51.1500 
 1526.0000    51.5800 
 1528.0000    52.0400 
 1530.0000    52.4900 
 1532.0000    52.8700 
 1534.0000    53.2500 
 1536.0000    53.6500 
 1538.0000    54.0400 
 1540.0000    54.4400 
 1542.0000    54.8800 
 1544.0000    55.2600 
 1546.0000    55.5900 
 1548.0000    55.9400 
 1550.0000    56.2800 
 1552.0000    56.5700 
 1554.0000    56.8700 
 1556.0000    57.1900 
 1558.0000    57.4800 
 1560.0000    57.7500 
 1562.0000    58.1100 
 1564.0000    58.4300 
 1566.0000    58.7300 
 1568.0000    59.0200 
 1570.0000    59.3100 
 1572.0000    59.5500 
 1574.0000    59.8200 
 1576.0000    60.1000 
 1578.0000    60.3100 
 1580.0000    60.4900 
 1582.0000    60.7300 
 1584.0000    60.9600 
 1586.0000    61.2200 
 1588.0000    61.4800 
 1590.0000    61.6600 
 1592.0000    61.7900 
 1594.0000    62.0000 
 1596.0000    62.1900 
 1598.0000    62.3800 
 1600.0000    62.5800 
 1602.0000    62.8300 
 1604.0000    63.0200 
 1606.0000    63.2500 
 1608.0000    63.4400 
 1610.0000    63.5800 
 1612.0000    63.7100 
 1614.0000    63.8400 
 1616.0000    63.9400 
 1618.0000    64.0800 
 1620.0000    64.2700 
 1622.0000    64.4800 
 1624.0000    64.6600 
 1626.0000    64.8100 
 1628.0000    64.9300 
 1630.0000    65.0400 
 1632.0000    65.1500 
 1634.0000    65.2600 
 1636.0000    65.3600 
 1638.0000    65.4100 
 1640.0000    65.5500 
 1642.0000    65.6400 
 1644.0000    65.7300 
 1646.0000    65.8700 
 1648.0000    65.9700 
 1650.0000    66.0700 
 1652.0000    66.1900 
 1654.0000    66.2800 
 1656.0000    66.3400 
 1658.0000    66.3900 
 1660.0000    66.4600 
 1662.0000    66.4600 
 1664.0000    66.5700 
 1666.0000    66.7000 
 1668.0000    66.7800 
 1670.0000    66.8700 
 1672.0000    67.0000 
 1674.0000    67.0300 
 1676.0000    67.0700 
 1678.0000    67.1100 
 1680.0000    67.1200 
 1682.0000    67.1000 
 1684.0000    67.1100 
 1686.0000    67.1400 
 1688.0000    67.1700 
 1690.0000    67.2800 
 1692.0000    67.3500 
 1694.0000    67.3600 
 1696.0000    67.4200 
 1698.0000    67.4800 
 1700.0000    67.4300 
 1702.0000    67.3800 
 1704.0000    67.3600 
 1706.0000    67.3300 
 1708.0000    67.3400 
 1710.0000    67.4100 
 1712.0000    67.4000 
 1714.0000    67.4000 
 1716.0000    67.4500 
 1718.0000    67.4100 
 1720.0000    67.4000 
 1722.0000    67.4000 
 1724.0000    67.3100 
 1726.0000    67.2100 
 1728.0000    67.1100 
 1730.0000    67.0600 
 1732.0000    66.9300 
 1734.0000    66.8600 
 1736.0000    66.8000 
 1738.0000    66.6800 
 1740.0000    66.5900 
 1742.0000    66.4500 
 1744.0000    66.2800 
 1746.0000    66.1500 
 1748.0000    66.0600 
 1750.0000    65.8900 
 1752.0000    65.7000 
 1754.0000    65.5700 
 1756.0000    65.4200 
 1758.0000    65.3100 
 1760.0000    65.2200 
 1762.0000    65.1100 
 1764.0000    65.0100 
 1766.0000    64.9100 
 1768.0000    64.7700 
 1770.0000    64.6100 
 1772.0000    64.4500 
 1774.0000    64.3600 
 1776.0000    64.2300 
 1778.0000    64.1700 
 1780.0000    64.1400 
 1782.0000    64.0900 
 1784.0000    64.0900 
 1786.0000    64.0600 
 1788.0000    63.9900 
 1790.0000    63.9800 
 1792.0000    63.9600 
 1794.0000    63.9100 
 1796.0000    63.8900 
 1798.0000    63.9400 
 1800.0000    63.9600 
 1802.0000    64.0400 
 1804.0000    64.1700 
 1806.0000    64.2400 
 1808.0000    64.3300 
 1810.0000    64.4200 
 1812.0000    64.4500 
 1814.0000    64.4900 
 1816.0000    64.5600 
 1818.0000    64.5800 
 1820.0000    64.6200 
 1822.0000    64.7300 
 1824.0000    64.8100 
 1826.0000    64.9200 
 1828.0000    65.0500 
 1830.0000    65.0800 
 1832.0000    65.1200 
 1834.0000    65.1100 
 1836.0000    65.0300 
 1838.0000    64.9300 
 1840.0000    64.8800 
 1842.0000    64.7600 
 1844.0000    64.5800 
 1846.0000    64.4400 
 1848.0000    64.2200 
 1850.0000    63.9900 
 1852.0000    63.8000 
 1854.0000    63.4400 
 1856.0000    62.9400 
 1858.0000    62.4200 
 1860.0000    61.7200 
 1862.0000    60.8900 
 1864.0000    60.0200 
 1866.0000    58.9800 
 1868.0000    57.8700 
 1870.0000    56.6800 
 1872.0000    55.2500 
 1874.0000    53.5800 
 1876.0000    51.7300 
 1878.0000    49.5600 
 1880.0000    47.1600 
 1882.0000    44.6300 
 1884.0000    41.9700 
 1886.0000    39.2500 
 1888.0000    36.7000 
 1890.0000    34.2700 
 1892.0000    31.9700 
 1894.0000    29.9400 
 1896.0000    28.1300 
 1898.0000    26.5600 
 1900.0000    25.3200 
 1902.0000    24.2500 
 1904.0000    23.4300 
 1906.0000    22.8600 
 1908.0000    22.3300 
 1910.0000    21.9600 
 1912.0000    21.6700 
 1914.0000    21.4200 
 1916.0000    21.2400 
 1918.0000    21.0000 
 1920.0000    20.8900 
 1922.0000    20.7700 
 1924.0000    20.7200 
 1926.0000    20.6800 
 1928.0000    20.6800 
 1930.0000    20.6700 
 1932.0000    20.6600 
 1934.0000    20.7100 
 1936.0000    20.7400 
 1938.0000    20.8700 
 1940.0000    20.9800 
 1942.0000    21.0900 
 1944.0000    21.2200 
 1946.0000    21.3900 
 1948.0000    21.5100 
 1950.0000    21.7300 
 1952.0000    21.9100 
 1954.0000    22.1300 
 1956.0000    22.3600 
 1958.0000    22.5700 
 1960.0000    22.8400 
 1962.0000    23.0600 
 1964.0000    23.3700 
 1966.0000    23.6200 
 1968.0000    23.9000 
 1970.0000    24.1600 
 1972.0000    24.4600 
 1974.0000    24.8200 
 1976.0000    25.1300 
 1978.0000    25.4600 
 1980.0000    25.7800 
 1982.0000    26.0500 
 1984.0000    26.4000 
 1986.0000    26.7500 
 1988.0000    27.0900 
 1990.0000    27.4800 
 1992.0000    27.8400 
 1994.0000    28.2100 
 1996.0000    28.5600 
 1998.0000    28.9400 
 2000.0000    29.3300 
 2002.0000    29.7600 
 2004.0000    30.1300 
 2006.0000    30.5500 
 2008.0000    30.9700 
 2010.0000    31.3800 
 2012.0000    31.8300 
 2014.0000    32.2700 
 2016.0000    32.7300 
 2018.0000    33.1800 
 2020.0000    33.6400 
 2022.0000    34.0600 
 2024.0000    34.5500 
 2026.0000    35.0000 
 2028.0000    35.5100 
 2030.0000    35.9200 
 2032.0000    36.3300 
 2034.0000    36.7700 
 2036.0000    37.2300 
 2038.0000    37.6800 
 2040.0000    38.1100 
 2042.0000    38.5900 
 2044.0000    38.9800 
 2046.0000    39.4700 
 2048.0000    39.9000 
 2050.0000    40.3900 
 2052.0000    40.8400 
 2054.0000    41.3400 
 2056.0000    41.8200 
 2058.0000    42.3200 
 2060.0000    42.7600 
 2062.0000    43.1600 
 2064.0000    43.6000 
 2066.0000    43.9600 
 2068.0000    44.4800 
 2070.0000    44.9300 
 2072.0000    45.4000 
 2074.0000    45.8800 
 2076.0000    46.3500 
 2078.0000    46.7900 
 2080.0000    47.2500 
 2082.0000    47.7000 
 2084.0000    48.1600 
 2086.0000    48.6700 
 2088.0000    49.0000 
 2090.0000    49.5200 
 2092.0000    49.9600 
 2094.0000    50.4100 
 2096.0000    50.8800 
 2098.0000    51.2900 
 2100.0000    51.6800 
 2102.0000    52.1300 
 2104.0000    52.6100 
 2106.0000    53.0500 
 2108.0000    53.5300 
 2110.0000    53.9300 
 2112.0000    54.4100 
 2114.0000    54.8500 
 2116.0000    55.2800 
 2118.0000    55.7200 
 2120.0000    56.2000 
 2122.0000    56.5600 
 2124.0000    57.0200 
 2126.0000    57.4100 
 2128.0000    57.6600 
 2130.0000    58.0100 
 2132.0000    58.3000 
 2134.0000    58.6300 
 2136.0000    58.8700 
 2138.0000    58.9900 
 2140.0000    59.2400 
 2142.0000    59.4700 
 2144.0000    59.6500 
 2146.0000    59.8100 
 2148.0000    59.9400 
 2150.0000    60.0200 
 2152.0000    60.1200 
 2154.0000    60.2900 
 2156.0000    60.3900 
 2158.0000    60.3600 
 2160.0000    60.2300 
 2162.0000    60.2100 
 2164.0000    60.2300 
 2166.0000    60.1700 
 2168.0000    60.1400 
 2170.0000    60.1700 
 2172.0000    60.2000 
 2174.0000    60.1700 
 2176.0000    60.1400 
 2178.0000    60.1700 
 2180.0000    60.1100 
 2182.0000    60.0200 
 2184.0000    60.0100 
 2186.0000    60.0100 
 2188.0000    59.9100 
 2190.0000    59.7300 
 2192.0000    59.6600 
 2194.0000    59.6500 
 2196.0000    59.5500 
 2198.0000    59.4000 
 2200.0000    59.3000 
 2202.0000    59.2300 
 2204.0000    59.1700 
 2206.0000    59.1900 
 2208.0000    59.2100 
 2210.0000    59.1600 
 2212.0000    59.0400 
 2214.0000    59.1100 
 2216.0000    59.2800 
 2218.0000    59.3500 
 2220.0000    59.2400 
 2222.0000    59.1900 
 2224.0000    59.3000 
 2226.0000    59.4800 
 2228.0000    59.5200 
 2230.0000    59.5100 
 2232.0000    59.4800 
 2234.0000    59.5200 
 2236.0000    59.5500 
 2238.0000    59.5600 
 2240.0000    59.5900 
 2242.0000    59.5300 
 2244.0000    59.5200 
 2246.0000    59.5300 
 2248.0000    59.6500 
 2250.0000    59.6700 
 2252.0000    59.5300 
 2254.0000    59.5100 
 2256.0000    59.5700 
 2258.0000    59.6200 
 2260.0000    59.4900 
 2262.0000    59.3100 
 2264.0000    59.3100 
 2266.0000    59.3400 
 2268.0000    59.2900 
 2270.0000    59.1500 
 2272.0000    59.0400 
 2274.0000    58.9700 
 2276.0000    58.8300 
 2278.0000    58.7300 
 2280.0000    58.6300 
 2282.0000    58.5600 
 2284.0000    58.5100 
 2286.0000    58.4200 
 2288.0000    58.3100 
 2290.0000    58.1600 
 2292.0000    58.0500 
 2294.0000    57.8900 
 2296.0000    57.7300 
 2298.0000    57.5500 
 2300.0000    57.3900 
 2302.0000    57.2500 
 2304.0000    57.1000 
 2306.0000    56.9600 
 2308.0000    56.7500 
 2310.0000    56.4800 
 2312.0000    56.2100 
 2314.0000    55.9300 
 2316.0000    55.7400 
 2318.0000    55.5600 
 2320.0000    55.3400 
 2322.0000    55.0800 
 2324.0000    54.7900 
 2326.0000    54.5000 
 2328.0000    54.3200 
 2330.0000    54.1300 
 2332.0000    53.8800 
 2334.0000    53.6800 
 2336.0000    53.5100 
 2338.0000    53.3300 
 2340.0000    53.0100 
 2342.0000    52.6500 
 2344.0000    52.3100 
 2346.0000    52.0100 
 2348.0000    51.7500 
 2350.0000    51.4100 
 2352.0000    51.0500 
 2354.0000    50.7300 
 2356.0000    50.3500 
 2358.0000    50.0100 
 2360.0000    49.6600 
 2362.0000    49.2200 
 2364.0000    48.9100 
 2366.0000    48.6900 
 2368.0000    48.4800 
 2370.0000    48.0800 
 2372.0000    47.6700 
 2374.0000    47.2800 
 2376.0000    46.9800 
 2378.0000    46.6700 
 2380.0000    46.3300 
 2382.0000    45.9100 
 2384.0000    45.5100 
 2386.0000    45.2100 
 2388.0000    44.8900 
 2390.0000    44.5800 
 2392.0000    44.2800 
 2394.0000    43.9200 
 2396.0000    43.5500 
 2398.0000    43.2000 
 2400.0000    42.9200 
 2402.0000    42.6600 
 2404.0000    42.4000 
 2406.0000    42.1700 
 2408.0000    41.8100 
 2410.0000    41.4700 
 2412.0000    41.1500 
 2414.0000    40.9300 
 2416.0000    40.6400 
 2418.0000    40.3200 
 2420.0000    39.9600 
 2422.0000    39.6800 
 2424.0000    39.4300 
 2426.0000    39.2300 
 2428.0000    38.8600 
 2430.0000    38.5400 
 2432.0000    38.1600 
 2434.0000    37.9600 
 2436.0000    37.5900 
 2438.0000    37.3800 
 2440.0000    37.0400 
 2442.0000    36.8000 
 2444.0000    36.4400 
 2446.0000    36.1500 
 2448.0000    35.8300 
 2450.0000    35.5100 
 2452.0000    35.1100 
 2454.0000    34.7700 
 2456.0000    34.4500 
 2458.0000    34.2000 
 2460.0000    33.9400 
 2462.0000    33.6100 
 2464.0000    33.5200 
 2466.0000    33.2800 
 2468.0000    33.0600 
 2470.0000    32.7400 
 2472.0000    32.5500 
 2474.0000    32.3100 
 2476.0000    32.1000 
 2478.0000    31.8200 
 2480.0000    31.6100 
 2482.0000    31.4300 
 2484.0000    31.3200 
 2486.0000    31.3100 
 2488.0000    31.0500 
 2490.0000    31.0700 
 2492.0000    30.8900 
 2494.0000    30.8500 
 2496.0000    30.5900 
 2498.0000    30.5300 
 2500.0000    30.5400 
