 1300.0000    63.8800 
 1302.0000    63.9100 
 1304.0000    63.7350 
 1306.0000    63.5400 
 1308.0000    63.5900 
 1310.0000    63.6000 
 1312.0000    63.5800 
 1314.0000    63.2200 
 1316.0000    62.7100 
 1318.0000    62.3200 
 1320.0000    61.9300 
 1322.0000    61.5700 
 1324.0000    61.3800 
 1326.0000    61.1600 
 1328.0000    60.8000 
 1330.0000    60.2000 
 1332.0000    59.4800 
 1334.0000    58.8300 
 1336.0000    58.4400 
 1338.0000    58.3600 
 1340.0000    58.4300 
 1342.0000    58.5600 
 1344.0000    58.6500 
 1346.0000    58.6100 
 1348.0000    58.5500 
 1350.0000    58.4550 
 1352.0000    58.3700 
 1354.0000    58.3700 
 1356.0000    58.4400 
 1358.0000    58.6500 
 1360.0000    59.0100 
 1362.0000    59.3550 
 1364.0000    59.6800 
 1366.0000    59.8800 
 1368.0000    59.8900 
 1370.0000    59.7600 
 1372.0000    59.5300 
 1374.0000    59.2900 
 1376.0000    59.0900 
 1378.0000    58.9700 
 1380.0000    58.8900 
 1382.0000    58.7700 
 1384.0000    58.5900 
 1386.0000    58.3100 
 1388.0000    57.9400 
 1390.0000    57.5100 
 1392.0000    57.0400 
 1394.0000    56.5100 
 1396.0000    55.9050 
 1398.0000    55.2400 
 1400.0000    54.4900 
 1402.0000    53.6600 
 1404.0000    52.7800 
 1406.0000    51.9000 
 1408.0000    50.9850 
 1410.0000    50.0400 
 1412.0000    49.0100 
 1414.0000    47.7500 
 1416.0000    46.0400 
 1418.0000    43.6600 
 1420.0000    40.5400 
 1422.0000    36.9300 
 1424.0000    33.4700 
 1426.0000    30.8050 
 1428.0000    29.3600 
 1430.0000    29.1800 
 1432.0000    29.9900 
 1434.0000    31.4700 
 1436.0000    33.3400 
 1438.0000    35.3100 
 1440.0000    37.1000 
 1442.0000    38.4200 
 1444.0000    39.1600 
 1446.0000    39.3400 
 1448.0000    39.1300 
 1450.0000    38.6500 
 1452.0000    37.9900 
 1454.0000    37.2000 
 1456.0000    36.3500 
 1458.0000    35.4750 
 1460.0000    34.7000 
 1462.0000    34.0900 
 1464.0000    33.7100 
 1466.0000    33.4900 
 1468.0000    33.3200 
 1470.0000    33.0150 
 1472.0000    32.3600 
 1474.0000    31.1300 
 1476.0000    29.2400 
 1478.0000    26.8500 
 1480.0000    24.3400 
 1482.0000    22.4500 
 1484.0000    21.9500 
 1486.0000    23.2300 
 1488.0000    25.9200 
 1490.0000    29.2900 
 1492.0000    32.5600 
 1494.0000    35.2000 
 1496.0000    37.0900 
 1498.0000    38.3200 
 1500.0000    39.0850 
 1502.0000    39.6300 
 1504.0000    40.1200 
 1506.0000    40.7000 
 1508.0000    41.4300 
 1510.0000    42.2700 
 1512.0000    43.2400 
 1514.0000    44.1600 
 1516.0000    45.0100 
 1518.0000    45.7400 
 1520.0000    46.3200 
 1522.0000    46.7900 
 1524.0000    47.2000 
 1526.0000    47.4800 
 1528.0000    47.7000 
 1530.0000    47.8600 
 1532.0000    47.9500 
 1534.0000    48.0200 
 1536.0000    48.1000 
 1538.0000    48.1900 
 1540.0000    48.3400 
 1542.0000    48.5200 
 1544.0000    48.6500 
 1546.0000    48.7200 
 1548.0000    48.7500 
 1550.0000    48.7900 
 1552.0000    48.8200 
 1554.0000    48.8700 
 1556.0000    48.8500 
 1558.0000    48.8500 
 1560.0000    48.8700 
 1562.0000    48.8400 
 1564.0000    48.8400 
 1566.0000    48.8300 
 1568.0000    48.7800 
 1570.0000    48.7500 
 1572.0000    48.6900 
 1574.0000    48.6000 
 1576.0000    48.5600 
 1578.0000    48.5400 
 1580.0000    48.4900 
 1582.0000    48.4300 
 1584.0000    48.3800 
 1586.0000    48.3200 
 1588.0000    48.2600 
 1590.0000    48.2300 
 1592.0000    48.2200 
 1594.0000    48.2300 
 1596.0000    48.2300 
 1598.0000    48.2000 
 1600.0000    48.1500 
 1602.0000    48.1000 
 1604.0000    48.0400 
 1606.0000    48.0000 
 1608.0000    47.9900 
 1610.0000    48.0300 
 1612.0000    48.0500 
 1614.0000    48.0300 
 1616.0000    47.9800 
 1618.0000    47.9300 
 1620.0000    47.8900 
 1622.0000    47.8600 
 1624.0000    47.8400 
 1626.0000    47.8100 
 1628.0000    47.7500 
 1630.0000    47.7000 
 1632.0000    47.6100 
 1634.0000    47.5200 
 1636.0000    47.4600 
 1638.0000    47.4200 
 1640.0000    47.3600 
 1642.0000    47.2800 
 1644.0000    47.1500 
 1646.0000    47.0300 
 1648.0000    46.9300 
 1650.0000    46.8500 
 1652.0000    46.7800 
 1654.0000    46.7100 
 1656.0000    46.5900 
 1658.0000    46.4600 
 1660.0000    46.3100 
 1662.0000    46.1800 
 1664.0000    46.0400 
 1666.0000    45.8700 
 1668.0000    45.7200 
 1670.0000    45.5800 
 1672.0000    45.4300 
 1674.0000    45.2800 
 1676.0000    45.1100 
 1678.0000    44.9400 
 1680.0000    44.7800 
 1682.0000    44.6500 
 1684.0000    44.5200 
 1686.0000    44.4100 
 1688.0000    44.2900 
 1690.0000    44.1500 
 1692.0000    44.0000 
 1694.0000    43.8600 
 1696.0000    43.7400 
 1698.0000    43.6200 
 1700.0000    43.4900 
 1702.0000    43.3700 
 1704.0000    43.2500 
 1706.0000    43.1300 
 1708.0000    43.0100 
 1710.0000    42.8600 
 1712.0000    42.6500 
 1714.0000    42.4400 
 1716.0000    42.2300 
 1718.0000    42.0000 
 1720.0000    41.7400 
 1722.0000    41.4600 
 1724.0000    41.1000 
 1726.0000    40.6500 
 1728.0000    40.1600 
 1730.0000    39.6300 
 1732.0000    39.1000 
 1734.0000    38.5400 
 1736.0000    37.9300 
 1738.0000    37.3600 
 1740.0000    36.8000 
 1742.0000    36.2200 
 1744.0000    35.5800 
 1746.0000    34.8900 
 1748.0000    34.2200 
 1750.0000    33.5350 
 1752.0000    32.9200 
 1754.0000    32.3900 
 1756.0000    31.9400 
 1758.0000    31.5800 
 1760.0000    31.2200 
 1762.0000    30.8700 
 1764.0000    30.5300 
 1766.0000    30.2100 
 1768.0000    29.9700 
 1770.0000    29.8300 
 1772.0000    29.9200 
 1774.0000    30.2400 
 1776.0000    30.7300 
 1778.0000    31.2900 
 1780.0000    31.8600 
 1782.0000    32.4700 
 1784.0000    33.1950 
 1786.0000    34.0600 
 1788.0000    35.0800 
 1790.0000    36.1900 
 1792.0000    37.3400 
 1794.0000    38.4200 
 1796.0000    39.3100 
 1798.0000    39.9800 
 1800.0000    40.4500 
 1802.0000    40.7800 
 1804.0000    41.0300 
 1806.0000    41.2100 
 1808.0000    41.3300 
 1810.0000    41.4200 
 1812.0000    41.4900 
 1814.0000    41.5500 
 1816.0000    41.6200 
 1818.0000    41.6000 
 1820.0000    41.5700 
 1822.0000    41.5200 
 1824.0000    41.4700 
 1826.0000    41.4100 
 1828.0000    41.3200 
 1830.0000    41.2400 
 1832.0000    41.1700 
 1834.0000    41.0900 
 1836.0000    41.0100 
 1838.0000    40.9000 
 1840.0000    40.8000 
 1842.0000    40.7100 
 1844.0000    40.6000 
 1846.0000    40.5000 
 1848.0000    40.3900 
 1850.0000    40.2900 
 1852.0000    40.1450 
 1854.0000    40.0200 
 1856.0000    39.8750 
 1858.0000    39.7200 
 1860.0000    39.5500 
 1862.0000    39.3800 
 1864.0000    39.2100 
 1866.0000    39.0200 
 1868.0000    38.8000 
 1870.0000    38.5650 
 1872.0000    38.3400 
 1874.0000    38.0600 
 1876.0000    37.7700 
 1878.0000    37.4500 
 1880.0000    37.1300 
 1882.0000    36.8400 
 1884.0000    36.5100 
 1886.0000    36.1750 
 1888.0000    35.8600 
 1890.0000    35.5600 
 1892.0000    35.2500 
 1894.0000    34.9500 
 1896.0000    34.6100 
 1898.0000    34.2400 
 1900.0000    33.8800 
 1902.0000    33.5100 
 1904.0000    33.1800 
 1906.0000    32.8300 
 1908.0000    32.4600 
 1910.0000    32.0800 
 1912.0000    31.7100 
 1914.0000    31.3400 
 1916.0000    31.0300 
 1918.0000    30.8000 
 1920.0000    30.5900 
 1922.0000    30.3400 
 1924.0000    30.1050 
 1926.0000    29.9200 
 1928.0000    29.7400 
 1930.0000    29.6000 
 1932.0000    29.4500 
 1934.0000    29.3100 
 1936.0000    29.2100 
 1938.0000    29.1350 
 1940.0000    29.0700 
 1942.0000    29.0000 
 1944.0000    28.9000 
 1946.0000    28.7700 
 1948.0000    28.6600 
 1950.0000    28.5400 
 1952.0000    28.4000 
 1954.0000    28.2400 
 1956.0000    28.0700 
 1958.0000    27.9150 
 1960.0000    27.8000 
 1962.0000    27.6600 
 1964.0000    27.5550 
 1966.0000    27.4900 
 1968.0000    27.4500 
 1970.0000    27.4500 
 1972.0000    27.4900 
 1974.0000    27.5500 
 1976.0000    27.6000 
 1978.0000    27.6450 
 1980.0000    27.6900 
 1982.0000    27.7200 
 1984.0000    27.7000 
 1986.0000    27.6100 
 1988.0000    27.5400 
 1990.0000    27.4100 
 1992.0000    27.2100 
 1994.0000    26.9300 
 1996.0000    26.6500 
 1998.0000    26.3700 
 2000.0000    26.0600 
 2002.0000    25.7500 
 2004.0000    25.4800 
 2006.0000    25.2500 
 2008.0000    25.0300 
 2010.0000    24.8400 
 2012.0000    24.6700 
 2014.0000    24.6100 
 2016.0000    24.6200 
 2018.0000    24.6700 
 2020.0000    24.7100 
 2022.0000    24.7300 
 2024.0000    24.7300 
 2026.0000    24.7200 
 2028.0000    24.6700 
 2030.0000    24.6000 
 2032.0000    24.4500 
 2034.0000    24.3200 
 2036.0000    24.1800 
 2038.0000    24.0600 
 2040.0000    23.9900 
 2042.0000    23.8600 
 2044.0000    23.7200 
 2046.0000    23.5600 
 2048.0000    23.4000 
 2050.0000    23.2600 
 2052.0000    23.1200 
 2054.0000    22.9700 
 2056.0000    22.8600 
 2058.0000    22.7700 
 2060.0000    22.7100 
 2062.0000    22.6600 
 2064.0000    22.6200 
 2066.0000    22.6300 
 2068.0000    22.6600 
 2070.0000    22.7300 
 2072.0000    22.7500 
 2074.0000    22.7400 
 2076.0000    22.7000 
 2078.0000    22.6500 
 2080.0000    22.6000 
 2082.0000    22.5200 
 2084.0000    22.4200 
 2086.0000    22.2800 
 2088.0000    22.1000 
 2090.0000    21.8400 
 2092.0000    21.5800 
 2094.0000    21.3500 
 2096.0000    21.1100 
 2098.0000    20.8200 
 2100.0000    20.5000 
 2102.0000    20.1100 
 2104.0000    19.6700 
 2106.0000    19.1900 
 2108.0000    18.7050 
 2110.0000    18.2500 
 2112.0000    17.7500 
 2114.0000    17.2000 
 2116.0000    16.6400 
 2118.0000    16.0400 
 2120.0000    15.4800 
 2122.0000    14.9900 
 2124.0000    14.5200 
 2126.0000    14.1200 
 2128.0000    13.8000 
 2130.0000    13.5100 
 2132.0000    13.2700 
 2134.0000    13.0200 
 2136.0000    12.8000 
 2138.0000    12.5800 
 2140.0000    12.3500 
 2142.0000    12.1100 
 2144.0000    11.9400 
 2146.0000    11.8000 
 2148.0000    11.6300 
 2150.0000    11.4000 
 2152.0000    11.1000 
 2154.0000    10.8600 
 2156.0000    10.6500 
 2158.0000    10.4800 
 2160.0000    10.3900 
 2162.0000    10.3600 
 2164.0000    10.4100 
 2166.0000    10.4300 
 2168.0000    10.3600 
 2170.0000    10.3200 
 2172.0000    10.3000 
 2174.0000    10.4000 
 2176.0000    10.5300 
 2178.0000    10.6400 
 2180.0000    10.6500 
 2182.0000    10.5700 
 2184.0000    10.4900 
 2186.0000    10.5500 
 2188.0000    10.8300 
 2190.0000    11.2400 
 2192.0000    11.6700 
 2194.0000    12.0600 
 2196.0000    12.5450 
 2198.0000    13.2400 
 2200.0000    13.9800 
 2202.0000    14.5200 
 2204.0000    14.5400 
 2206.0000    14.0500 
 2208.0000    13.2900 
 2210.0000    12.6200 
 2212.0000    12.3400 
 2214.0000    12.5900 
 2216.0000    13.3700 
 2218.0000    14.5400 
 2220.0000    15.9500 
 2222.0000    17.5000 
 2224.0000    19.1900 
 2226.0000    20.7300 
 2228.0000    21.9900 
 2230.0000    22.8900 
 2232.0000    23.5000 
 2234.0000    24.0000 
 2236.0000    24.4400 
 2238.0000    24.8000 
 2240.0000    25.0900 
 2242.0000    25.3200 
 2244.0000    25.4600 
 2246.0000    25.5400 
 2248.0000    25.6000 
 2250.0000    25.6300 
 2252.0000    25.6800 
 2254.0000    25.6700 
 2256.0000    25.6300 
 2258.0000    25.5900 
 2260.0000    25.5200 
 2262.0000    25.4500 
 2264.0000    25.4000 
 2266.0000    25.3900 
 2268.0000    25.3900 
 2270.0000    25.3000 
 2272.0000    25.2300 
 2274.0000    25.1400 
 2276.0000    25.0200 
 2278.0000    24.8600 
 2280.0000    24.7400 
 2282.0000    24.5900 
 2284.0000    24.4200 
 2286.0000    24.1900 
 2288.0000    23.9200 
 2290.0000    23.6200 
 2292.0000    23.3000 
 2294.0000    22.8900 
 2296.0000    22.3800 
 2298.0000    21.7600 
 2300.0000    21.0100 
 2302.0000    20.1500 
 2304.0000    19.2100 
 2306.0000    18.1750 
 2308.0000    17.1900 
 2310.0000    16.3700 
 2312.0000    15.8100 
 2314.0000    15.3800 
 2316.0000    15.0500 
 2318.0000    14.9000 
 2320.0000    15.0300 
 2322.0000    15.3200 
 2324.0000    15.6600 
 2326.0000    16.0400 
 2328.0000    16.4800 
 2330.0000    16.9900 
 2332.0000    17.4900 
 2334.0000    18.0500 
 2336.0000    18.5600 
 2338.0000    19.0000 
 2340.0000    19.4500 
 2342.0000    19.8300 
 2344.0000    20.0800 
 2346.0000    20.2500 
 2348.0000    20.4000 
 2350.0000    20.5300 
 2352.0000    20.5100 
 2354.0000    20.4650 
 2356.0000    20.4650 
 2358.0000    20.4000 
 2360.0000    20.2900 
 2362.0000    20.1500 
 2364.0000    20.0000 
 2366.0000    19.8000 
 2368.0000    19.4800 
 2370.0000    19.0550 
 2372.0000    18.6000 
 2374.0000    18.1100 
 2376.0000    17.6600 
 2378.0000    17.0600 
 2380.0000    16.4000 
 2382.0000    15.7300 
 2384.0000    15.0700 
 2386.0000    14.3950 
 2388.0000    13.7750 
 2390.0000    13.1800 
 2392.0000    12.6300 
 2394.0000    12.2000 
 2396.0000    11.9400 
 2398.0000    11.7300 
 2400.0000    11.5300 
 2402.0000    11.4000 
 2404.0000    11.3100 
 2406.0000    11.1800 
 2408.0000    11.0600 
 2410.0000    10.9800 
 2412.0000    10.8000 
 2414.0000    10.6000 
 2416.0000    10.3600 
 2418.0000    10.1000 
 2420.0000     9.7600 
 2422.0000     9.4500 
 2424.0000     9.2500 
 2426.0000     9.0000 
 2428.0000     8.7350 
 2430.0000     8.5300 
 2432.0000     8.4250 
 2434.0000     8.4200 
 2436.0000     8.4400 
 2438.0000     8.5600 
 2440.0000     8.7700 
 2442.0000     8.9700 
 2444.0000     9.0700 
 2446.0000     9.1300 
 2448.0000     9.2200 
 2450.0000     9.1500 
 2452.0000     9.0800 
 2454.0000     8.9500 
 2456.0000     8.7800 
 2458.0000     8.5300 
 2460.0000     8.2600 
 2462.0000     7.9850 
 2464.0000     7.8550 
 2466.0000     7.7800 
 2468.0000     7.8400 
 2470.0000     8.0600 
 2472.0000     8.3900 
 2474.0000     8.6000 
 2476.0000     8.7300 
 2478.0000     8.8300 
 2480.0000     8.7800 
 2482.0000     8.6300 
 2484.0000     8.3900 
 2486.0000     8.1400 
 2488.0000     7.8200 
 2490.0000     7.5000 
 2492.0000     7.2900 
 2494.0000     7.0200 
 2496.0000     6.6650 
 2498.0000     6.3600 
 2500.0000     6.1700 
