 1300.0000   104.9600 
 1302.0000   105.3200 
 1304.0000   105.3900 
 1306.0000   105.2000 
 1308.0000   105.1500 
 1310.0000   105.2600 
 1312.0000   105.1100 
 1314.0000   105.1500 
 1316.0000   105.0650 
 1318.0000   104.6700 
 1320.0000   104.2200 
 1322.0000   104.1200 
 1324.0000   103.9100 
 1326.0000   103.9300 
 1328.0000   103.6800 
 1330.0000   103.4400 
 1332.0000   103.0400 
 1334.0000   102.5600 
 1336.0000   101.8600 
 1338.0000   101.2300 
 1340.0000   100.6600 
 1342.0000   100.2600 
 1344.0000    99.6200 
 1346.0000    98.8200 
 1348.0000    98.0200 
 1350.0000    97.1800 
 1352.0000    96.5200 
 1354.0000    95.8300 
 1356.0000    94.9600 
 1358.0000    94.0300 
 1360.0000    93.0400 
 1362.0000    92.1700 
 1364.0000    91.4400 
 1366.0000    90.8500 
 1368.0000    90.4000 
 1370.0000    90.0400 
 1372.0000    89.8100 
 1374.0000    89.6200 
 1376.0000    89.4500 
 1378.0000    89.2800 
 1380.0000    89.0300 
 1382.0000    88.8000 
 1384.0000    88.5500 
 1386.0000    88.2900 
 1388.0000    88.1400 
 1390.0000    87.8700 
 1392.0000    87.5300 
 1394.0000    87.1100 
 1396.0000    86.4800 
 1398.0000    85.7200 
 1400.0000    84.9000 
 1402.0000    83.9700 
 1404.0000    83.0400 
 1406.0000    82.0300 
 1408.0000    80.9050 
 1410.0000    79.6400 
 1412.0000    78.3100 
 1414.0000    76.9400 
 1416.0000    75.6250 
 1418.0000    74.3900 
 1420.0000    73.2100 
 1422.0000    72.1050 
 1424.0000    71.0500 
 1426.0000    70.0400 
 1428.0000    69.1100 
 1430.0000    68.2250 
 1432.0000    67.4600 
 1434.0000    66.8500 
 1436.0000    66.2400 
 1438.0000    65.7300 
 1440.0000    65.1700 
 1442.0000    64.5700 
 1444.0000    64.0700 
 1446.0000    63.5200 
 1448.0000    63.0800 
 1450.0000    62.6800 
 1452.0000    62.2700 
 1454.0000    61.7700 
 1456.0000    61.2600 
 1458.0000    60.6700 
 1460.0000    60.1000 
 1462.0000    59.5100 
 1464.0000    58.8600 
 1466.0000    58.2200 
 1468.0000    57.4800 
 1470.0000    56.7400 
 1472.0000    56.0300 
 1474.0000    55.3500 
 1476.0000    54.7550 
 1478.0000    54.1300 
 1480.0000    53.6000 
 1482.0000    53.1200 
 1484.0000    52.7200 
 1486.0000    52.4000 
 1488.0000    52.1900 
 1490.0000    52.0800 
 1492.0000    52.0200 
 1494.0000    51.9800 
 1496.0000    51.9800 
 1498.0000    52.0000 
 1500.0000    52.0800 
 1502.0000    52.1900 
 1504.0000    52.3100 
 1506.0000    52.4600 
 1508.0000    52.7200 
 1510.0000    52.9900 
 1512.0000    53.2400 
 1514.0000    53.4700 
 1516.0000    53.6400 
 1518.0000    53.7500 
 1520.0000    53.8800 
 1522.0000    53.8950 
 1524.0000    53.8950 
 1526.0000    53.8500 
 1528.0000    53.6700 
 1530.0000    53.5350 
 1532.0000    53.4100 
 1534.0000    53.3500 
 1536.0000    53.2900 
 1538.0000    53.2000 
 1540.0000    53.1400 
 1542.0000    53.1400 
 1544.0000    53.1600 
 1546.0000    53.2200 
 1548.0000    53.3100 
 1550.0000    53.4800 
 1552.0000    53.7300 
 1554.0000    53.9400 
 1556.0000    54.0900 
 1558.0000    54.2800 
 1560.0000    54.4700 
 1562.0000    54.7000 
 1564.0000    54.9300 
 1566.0000    55.0400 
 1568.0000    55.1800 
 1570.0000    55.2100 
 1572.0000    55.3500 
 1574.0000    55.5000 
 1576.0000    55.6100 
 1578.0000    55.6500 
 1580.0000    55.6900 
 1582.0000    55.6900 
 1584.0000    55.7500 
 1586.0000    55.8200 
 1588.0000    55.9400 
 1590.0000    56.1800 
 1592.0000    56.5100 
 1594.0000    56.9100 
 1596.0000    57.4600 
 1598.0000    58.0500 
 1600.0000    58.6700 
 1602.0000    59.4200 
 1604.0000    60.0800 
 1606.0000    60.7550 
 1608.0000    61.4500 
 1610.0000    62.1300 
 1612.0000    62.8400 
 1614.0000    63.5550 
 1616.0000    64.2400 
 1618.0000    64.8850 
 1620.0000    65.5400 
 1622.0000    66.1800 
 1624.0000    66.8100 
 1626.0000    67.3800 
 1628.0000    67.9500 
 1630.0000    68.4800 
 1632.0000    69.0300 
 1634.0000    69.5100 
 1636.0000    69.9600 
 1638.0000    70.4400 
 1640.0000    70.9100 
 1642.0000    71.3900 
 1644.0000    71.8500 
 1646.0000    72.2500 
 1648.0000    72.6800 
 1650.0000    73.1600 
 1652.0000    73.6500 
 1654.0000    74.0450 
 1656.0000    74.3900 
 1658.0000    74.7500 
 1660.0000    75.1500 
 1662.0000    75.5100 
 1664.0000    75.8000 
 1666.0000    76.0500 
 1668.0000    76.2900 
 1670.0000    76.5800 
 1672.0000    76.7500 
 1674.0000    76.9000 
 1676.0000    77.0200 
 1678.0000    77.1100 
 1680.0000    77.1300 
 1682.0000    77.0500 
 1684.0000    76.9400 
 1686.0000    76.8300 
 1688.0000    76.6900 
 1690.0000    76.5400 
 1692.0000    76.2350 
 1694.0000    75.8900 
 1696.0000    75.4400 
 1698.0000    74.8700 
 1700.0000    74.2800 
 1702.0000    73.6700 
 1704.0000    73.2500 
 1706.0000    72.9700 
 1708.0000    72.8000 
 1710.0000    72.8200 
 1712.0000    72.8900 
 1714.0000    73.0100 
 1716.0000    73.0600 
 1718.0000    73.0600 
 1720.0000    73.0400 
 1722.0000    72.9900 
 1724.0000    72.9100 
 1726.0000    72.8500 
 1728.0000    72.7400 
 1730.0000    72.5700 
 1732.0000    72.3400 
 1734.0000    72.1700 
 1736.0000    72.0000 
 1738.0000    71.8100 
 1740.0000    71.6000 
 1742.0000    71.4700 
 1744.0000    71.3700 
 1746.0000    71.2600 
 1748.0000    70.9900 
 1750.0000    70.8200 
 1752.0000    70.7200 
 1754.0000    70.6700 
 1756.0000    70.5700 
 1758.0000    70.3100 
 1760.0000    69.9500 
 1762.0000    69.7200 
 1764.0000    69.5300 
 1766.0000    69.3900 
 1768.0000    69.2400 
 1770.0000    69.0100 
 1772.0000    68.8200 
 1774.0000    68.7100 
 1776.0000    68.6300 
 1778.0000    68.6000 
 1780.0000    68.5600 
 1782.0000    68.5800 
 1784.0000    68.5600 
 1786.0000    68.5800 
 1788.0000    68.6500 
 1790.0000    68.6300 
 1792.0000    68.6000 
 1794.0000    68.6100 
 1796.0000    68.7100 
 1798.0000    68.9000 
 1800.0000    69.0300 
 1802.0000    69.0700 
 1804.0000    68.9900 
 1806.0000    68.9400 
 1808.0000    68.7900 
 1810.0000    68.6700 
 1812.0000    68.5600 
 1814.0000    68.3900 
 1816.0000    68.2700 
 1818.0000    68.1550 
 1820.0000    68.0800 
 1822.0000    68.0800 
 1824.0000    68.0800 
 1826.0000    68.1200 
 1828.0000    68.2500 
 1830.0000    68.4600 
 1832.0000    68.6100 
 1834.0000    68.8200 
 1836.0000    69.0300 
 1838.0000    69.3200 
 1840.0000    69.6200 
 1842.0000    69.8500 
 1844.0000    70.0600 
 1846.0000    70.2300 
 1848.0000    70.4600 
 1850.0000    70.6700 
 1852.0000    70.8600 
 1854.0000    70.9700 
 1856.0000    70.9300 
 1858.0000    70.8600 
 1860.0000    70.6700 
 1862.0000    70.5700 
 1864.0000    70.5500 
 1866.0000    70.4800 
 1868.0000    70.3300 
 1870.0000    70.0200 
 1872.0000    69.5700 
 1874.0000    69.0500 
 1876.0000    68.4200 
 1878.0000    67.7600 
 1880.0000    67.1100 
 1882.0000    66.3900 
 1884.0000    65.5500 
 1886.0000    64.5500 
 1888.0000    63.4800 
 1890.0000    62.2500 
 1892.0000    60.9000 
 1894.0000    59.3800 
 1896.0000    57.7600 
 1898.0000    56.1600 
 1900.0000    54.5300 
 1902.0000    52.9000 
 1904.0000    51.2600 
 1906.0000    49.7000 
 1908.0000    48.1300 
 1910.0000    46.7300 
 1912.0000    45.5700 
 1914.0000    44.5600 
 1916.0000    43.5700 
 1918.0000    42.7700 
 1920.0000    41.9800 
 1922.0000    41.3100 
 1924.0000    40.7000 
 1926.0000    40.2300 
 1928.0000    39.9000 
 1930.0000    39.7500 
 1932.0000    39.6800 
 1934.0000    39.6200 
 1936.0000    39.5600 
 1938.0000    39.5200 
 1940.0000    39.6600 
 1942.0000    39.8900 
 1944.0000    40.2500 
 1946.0000    40.5900 
 1948.0000    40.9700 
 1950.0000    41.3100 
 1952.0000    41.6500 
 1954.0000    41.9800 
 1956.0000    42.3800 
 1958.0000    42.8700 
 1960.0000    43.3800 
 1962.0000    43.8800 
 1964.0000    44.2800 
 1966.0000    44.7100 
 1968.0000    45.0700 
 1970.0000    45.5100 
 1972.0000    45.9700 
 1974.0000    46.4600 
 1976.0000    46.9800 
 1978.0000    47.3800 
 1980.0000    47.7500 
 1982.0000    48.0700 
 1984.0000    48.4600 
 1986.0000    48.8600 
 1988.0000    49.3800 
 1990.0000    49.8600 
 1992.0000    50.1000 
 1994.0000    50.3700 
 1996.0000    50.6100 
 1998.0000    50.9600 
 2000.0000    51.2800 
 2002.0000    51.4500 
 2004.0000    51.5800 
 2006.0000    51.6800 
 2008.0000    51.7700 
 2010.0000    51.7700 
 2012.0000    51.6600 
 2014.0000    51.5500 
 2016.0000    51.5800 
 2018.0000    51.5600 
 2020.0000    51.4300 
 2022.0000    51.0100 
 2024.0000    50.5000 
 2026.0000    50.0300 
 2028.0000    49.5800 
 2030.0000    49.0100 
 2032.0000    48.3200 
 2034.0000    47.6100 
 2036.0000    46.8200 
 2038.0000    45.9100 
 2040.0000    44.8500 
 2042.0000    43.6900 
 2044.0000    42.6000 
 2046.0000    41.5800 
 2048.0000    40.5500 
 2050.0000    39.4300 
 2052.0000    38.3100 
 2054.0000    37.2100 
 2056.0000    36.1600 
 2058.0000    35.2100 
 2060.0000    34.3000 
 2062.0000    33.5900 
 2064.0000    32.8100 
 2066.0000    31.9000 
 2068.0000    30.9500 
 2070.0000    30.0150 
 2072.0000    29.2200 
 2074.0000    28.4000 
 2076.0000    27.6300 
 2078.0000    26.8800 
 2080.0000    26.2400 
 2082.0000    25.8200 
 2084.0000    25.3800 
 2086.0000    24.9600 
 2088.0000    24.4900 
 2090.0000    24.0500 
 2092.0000    23.7500 
 2094.0000    23.3500 
 2096.0000    22.9500 
 2098.0000    22.4900 
 2100.0000    22.2800 
 2102.0000    22.1300 
 2104.0000    21.9600 
 2106.0000    21.7900 
 2108.0000    21.8300 
 2110.0000    21.9600 
 2112.0000    22.1900 
 2114.0000    22.4200 
 2116.0000    22.5900 
 2118.0000    22.8700 
 2120.0000    23.1200 
 2122.0000    23.4800 
 2124.0000    23.9200 
 2126.0000    24.3400 
 2128.0000    24.6200 
 2130.0000    24.9600 
 2132.0000    25.4400 
 2134.0000    25.9500 
 2136.0000    26.3900 
 2138.0000    26.6200 
 2140.0000    26.9600 
 2142.0000    27.4900 
 2144.0000    27.9500 
 2146.0000    28.3100 
 2148.0000    28.6100 
 2150.0000    28.8600 
 2152.0000    29.3000 
 2154.0000    29.7200 
 2156.0000    30.1000 
 2158.0000    30.5000 
 2160.0000    30.7200 
 2162.0000    31.1400 
 2164.0000    31.5800 
 2166.0000    31.9800 
 2168.0000    32.3400 
 2170.0000    32.7200 
 2172.0000    33.0600 
 2174.0000    33.5000 
 2176.0000    33.9200 
 2178.0000    34.3000 
 2180.0000    34.5950 
 2182.0000    34.9550 
 2184.0000    35.3800 
 2186.0000    35.7600 
 2188.0000    36.0500 
 2190.0000    36.4100 
 2192.0000    36.8300 
 2194.0000    37.2350 
 2196.0000    37.5900 
 2198.0000    37.9800 
 2200.0000    38.3100 
 2202.0000    38.5500 
 2204.0000    38.8000 
 2206.0000    38.9700 
 2208.0000    39.2400 
 2210.0000    39.3900 
 2212.0000    39.5200 
 2214.0000    39.6800 
 2216.0000    39.8100 
 2218.0000    39.9400 
 2220.0000    40.0000 
 2222.0000    40.0900 
 2224.0000    40.1450 
 2226.0000    40.0900 
 2228.0000    40.1100 
 2230.0000    40.0200 
 2232.0000    40.0900 
 2234.0000    40.0550 
 2236.0000    39.9200 
 2238.0000    39.9000 
 2240.0000    39.6800 
 2242.0000    39.2800 
 2244.0000    38.7800 
 2246.0000    37.9100 
 2248.0000    37.0900 
 2250.0000    36.0300 
 2252.0000    34.9100 
 2254.0000    33.7500 
 2256.0000    32.4500 
 2258.0000    31.1800 
 2260.0000    29.7200 
 2262.0000    28.2100 
 2264.0000    26.8300 
 2266.0000    25.3800 
 2268.0000    24.1300 
 2270.0000    23.1000 
 2272.0000    22.5100 
 2274.0000    22.3400 
 2276.0000    22.4900 
 2278.0000    22.9700 
 2280.0000    23.5600 
 2282.0000    24.0700 
 2284.0000    24.5700 
 2286.0000    25.0600 
 2288.0000    25.4400 
 2290.0000    25.6500 
 2292.0000    25.6900 
 2294.0000    25.6700 
 2296.0000    25.5000 
 2298.0000    25.1400 
 2300.0000    24.7200 
 2302.0000    24.3200 
 2304.0000    23.9400 
 2306.0000    23.4200 
 2308.0000    22.8700 
 2310.0000    22.3600 
 2312.0000    21.8300 
 2314.0000    21.4100 
 2316.0000    20.9200 
 2318.0000    20.3500 
 2320.0000    19.8100 
 2322.0000    19.4300 
 2324.0000    19.0300 
 2326.0000    18.5200 
 2328.0000    17.9700 
 2330.0000    17.5500 
 2332.0000    17.1300 
 2334.0000    16.7300 
 2336.0000    16.4100 
 2338.0000    16.2800 
 2340.0000    16.2000 
 2342.0000    16.1400 
 2344.0000    16.1100 
 2346.0000    16.1800 
 2348.0000    16.3500 
 2350.0000    16.3700 
 2352.0000    16.2400 
 2354.0000    16.2600 
 2356.0000    16.5200 
 2358.0000    16.8500 
 2360.0000    17.1000 
 2362.0000    17.3800 
 2364.0000    17.5500 
 2366.0000    17.5500 
 2368.0000    17.5500 
 2370.0000    17.5500 
 2372.0000    17.7000 
 2374.0000    17.9500 
 2376.0000    18.1000 
 2378.0000    18.4300 
 2380.0000    18.7900 
 2382.0000    19.1450 
 2384.0000    19.2100 
 2386.0000    19.1450 
 2388.0000    19.1300 
 2390.0000    19.1300 
 2392.0000    19.3400 
 2394.0000    19.5700 
 2396.0000    19.6200 
 2398.0000    19.5300 
 2400.0000    19.6200 
 2402.0000    19.8500 
 2404.0000    20.1400 
 2406.0000    20.2700 
 2408.0000    20.1700 
 2410.0000    19.9100 
 2412.0000    19.6600 
 2414.0000    19.6000 
 2416.0000    19.5100 
 2418.0000    19.4300 
 2420.0000    19.3200 
 2422.0000    19.3200 
 2424.0000    19.0500 
 2426.0000    18.6700 
 2428.0000    18.2200 
 2430.0000    17.5700 
 2432.0000    17.0000 
 2434.0000    16.4300 
 2436.0000    15.8800 
 2438.0000    15.2500 
 2440.0000    14.5900 
 2442.0000    13.8100 
 2444.0000    12.9100 
 2446.0000    12.2100 
 2448.0000    11.6000 
 2450.0000    11.0500 
 2452.0000    10.4800 
 2454.0000    10.0100 
 2456.0000     9.4200 
 2458.0000     8.7100 
 2460.0000     7.8400 
 2462.0000     7.0800 
 2464.0000     6.3700 
 2466.0000     5.6700 
 2468.0000     4.8400 
 2470.0000     3.9000 
 2472.0000     3.0700 
 2474.0000     2.4800 
 2476.0000     2.1700 
 2478.0000     1.7200 
 2480.0000     1.1700 
 2482.0000     0.8100 
 2484.0000     0.6700 
 2486.0000     0.6300 
 2488.0000     0.6500 
 2490.0000     0.8200 
 2492.0000     1.1900 
 2494.0000     1.3400 
 2496.0000     1.5500 
 2498.0000     1.6200 
 2500.0000     1.9300 
