 1300.0000    64.9900 
 1302.0000    64.2200 
 1304.0000    63.7900 
 1306.0000    63.7700 
 1308.0000    63.9400 
 1310.0000    64.0700 
 1312.0000    64.1500 
 1314.0000    64.1600 
 1316.0000    64.1600 
 1318.0000    64.1500 
 1320.0000    64.0100 
 1322.0000    63.8700 
 1324.0000    63.7200 
 1326.0000    63.5550 
 1328.0000    63.3800 
 1330.0000    63.4400 
 1332.0000    63.6300 
 1334.0000    63.6300 
 1336.0000    63.4300 
 1338.0000    63.0900 
 1340.0000    62.5700 
 1342.0000    62.1700 
 1344.0000    61.8400 
 1346.0000    61.2700 
 1348.0000    60.6200 
 1350.0000    59.8300 
 1352.0000    58.8700 
 1354.0000    57.9500 
 1356.0000    57.1700 
 1358.0000    56.5500 
 1360.0000    56.1700 
 1362.0000    55.9200 
 1364.0000    55.5600 
 1366.0000    54.9000 
 1368.0000    53.7800 
 1370.0000    52.0500 
 1372.0000    49.8300 
 1374.0000    47.3500 
 1376.0000    45.0200 
 1378.0000    43.3200 
 1380.0000    42.6000 
 1382.0000    42.9800 
 1384.0000    44.4700 
 1386.0000    46.6000 
 1388.0000    48.9000 
 1390.0000    51.0500 
 1392.0000    52.7100 
 1394.0000    53.8500 
 1396.0000    54.5000 
 1398.0000    54.6100 
 1400.0000    54.2600 
 1402.0000    53.4100 
 1404.0000    51.9550 
 1406.0000    49.6600 
 1408.0000    46.5200 
 1410.0000    43.0000 
 1412.0000    39.9500 
 1414.0000    38.3100 
 1416.0000    38.6550 
 1418.0000    40.9100 
 1420.0000    44.5400 
 1422.0000    48.7600 
 1424.0000    52.8400 
 1426.0000    56.3000 
 1428.0000    59.0300 
 1430.0000    61.0900 
 1432.0000    62.6500 
 1434.0000    63.8700 
 1436.0000    64.7900 
 1438.0000    65.4950 
 1440.0000    66.0350 
 1442.0000    66.4300 
 1444.0000    66.7400 
 1446.0000    66.9800 
 1448.0000    67.2100 
 1450.0000    67.4700 
 1452.0000    67.7900 
 1454.0000    68.1300 
 1456.0000    68.4600 
 1458.0000    68.7300 
 1460.0000    68.9450 
 1462.0000    69.1250 
 1464.0000    69.2800 
 1466.0000    69.3700 
 1468.0000    69.4000 
 1470.0000    69.4400 
 1472.0000    69.4700 
 1474.0000    69.5000 
 1476.0000    69.6000 
 1478.0000    69.6900 
 1480.0000    69.7600 
 1482.0000    69.8050 
 1484.0000    69.8000 
 1486.0000    69.8000 
 1488.0000    69.8500 
 1490.0000    69.8900 
 1492.0000    69.9000 
 1494.0000    69.9100 
 1496.0000    69.9150 
 1498.0000    69.9400 
 1500.0000    69.9500 
 1502.0000    69.9300 
 1504.0000    69.9100 
 1506.0000    69.9000 
 1508.0000    69.9400 
 1510.0000    69.9600 
 1512.0000    69.9850 
 1514.0000    70.0000 
 1516.0000    69.9850 
 1518.0000    69.9800 
 1520.0000    69.9600 
 1522.0000    69.9500 
 1524.0000    69.9600 
 1526.0000    69.9700 
 1528.0000    69.9500 
 1530.0000    69.9000 
 1532.0000    69.8700 
 1534.0000    69.8300 
 1536.0000    69.7900 
 1538.0000    69.7500 
 1540.0000    69.7100 
 1542.0000    69.7000 
 1544.0000    69.6900 
 1546.0000    69.6700 
 1548.0000    69.6400 
 1550.0000    69.6300 
 1552.0000    69.6000 
 1554.0000    69.5800 
 1556.0000    69.5800 
 1558.0000    69.5800 
 1560.0000    69.5800 
 1562.0000    69.5800 
 1564.0000    69.5400 
 1566.0000    69.5300 
 1568.0000    69.5500 
 1570.0000    69.6000 
 1572.0000    69.6000 
 1574.0000    69.5900 
 1576.0000    69.5800 
 1578.0000    69.5900 
 1580.0000    69.5800 
 1582.0000    69.5900 
 1584.0000    69.6000 
 1586.0000    69.5900 
 1588.0000    69.6200 
 1590.0000    69.6300 
 1592.0000    69.6200 
 1594.0000    69.6400 
 1596.0000    69.6600 
 1598.0000    69.6800 
 1600.0000    69.7100 
 1602.0000    69.7200 
 1604.0000    69.7000 
 1606.0000    69.7000 
 1608.0000    69.6900 
 1610.0000    69.6600 
 1612.0000    69.6400 
 1614.0000    69.6000 
 1616.0000    69.6000 
 1618.0000    69.6000 
 1620.0000    69.5800 
 1622.0000    69.5300 
 1624.0000    69.4400 
 1626.0000    69.3750 
 1628.0000    69.3600 
 1630.0000    69.3600 
 1632.0000    69.3600 
 1634.0000    69.3300 
 1636.0000    69.3000 
 1638.0000    69.2900 
 1640.0000    69.2900 
 1642.0000    69.2700 
 1644.0000    69.2500 
 1646.0000    69.1800 
 1648.0000    69.1000 
 1650.0000    69.0900 
 1652.0000    69.0600 
 1654.0000    69.0600 
 1656.0000    69.0600 
 1658.0000    69.0300 
 1660.0000    69.0100 
 1662.0000    68.9800 
 1664.0000    68.9450 
 1666.0000    68.9600 
 1668.0000    68.9400 
 1670.0000    68.9450 
 1672.0000    68.9800 
 1674.0000    68.9450 
 1676.0000    68.9200 
 1678.0000    68.8700 
 1680.0000    68.7900 
 1682.0000    68.7300 
 1684.0000    68.7200 
 1686.0000    68.7200 
 1688.0000    68.7400 
 1690.0000    68.7200 
 1692.0000    68.6400 
 1694.0000    68.5700 
 1696.0000    68.5500 
 1698.0000    68.5300 
 1700.0000    68.5000 
 1702.0000    68.4500 
 1704.0000    68.3800 
 1706.0000    68.2900 
 1708.0000    68.2200 
 1710.0000    68.1900 
 1712.0000    68.1800 
 1714.0000    68.1500 
 1716.0000    68.1100 
 1718.0000    68.0700 
 1720.0000    68.0200 
 1722.0000    67.9700 
 1724.0000    67.9000 
 1726.0000    67.8200 
 1728.0000    67.7400 
 1730.0000    67.6700 
 1732.0000    67.5600 
 1734.0000    67.4700 
 1736.0000    67.3600 
 1738.0000    67.2300 
 1740.0000    67.1400 
 1742.0000    67.0500 
 1744.0000    66.9800 
 1746.0000    66.9100 
 1748.0000    66.8400 
 1750.0000    66.7800 
 1752.0000    66.6900 
 1754.0000    66.6400 
 1756.0000    66.6000 
 1758.0000    66.5400 
 1760.0000    66.4650 
 1762.0000    66.3400 
 1764.0000    66.2150 
 1766.0000    66.0700 
 1768.0000    65.9000 
 1770.0000    65.7500 
 1772.0000    65.6050 
 1774.0000    65.4500 
 1776.0000    65.2600 
 1778.0000    65.0500 
 1780.0000    64.8000 
 1782.0000    64.5200 
 1784.0000    64.2700 
 1786.0000    63.9900 
 1788.0000    63.7000 
 1790.0000    63.3700 
 1792.0000    63.0300 
 1794.0000    62.7200 
 1796.0000    62.4500 
 1798.0000    62.1800 
 1800.0000    62.0000 
 1802.0000    61.8800 
 1804.0000    61.8400 
 1806.0000    61.8900 
 1808.0000    61.9700 
 1810.0000    62.0800 
 1812.0000    62.2000 
 1814.0000    62.3200 
 1816.0000    62.3300 
 1818.0000    62.2600 
 1820.0000    62.1500 
 1822.0000    62.0300 
 1824.0000    61.9000 
 1826.0000    61.8100 
 1828.0000    61.7800 
 1830.0000    61.8400 
 1832.0000    61.9900 
 1834.0000    62.0800 
 1836.0000    62.1400 
 1838.0000    62.2200 
 1840.0000    62.3350 
 1842.0000    62.5100 
 1844.0000    62.7100 
 1846.0000    62.9900 
 1848.0000    63.4100 
 1850.0000    63.8300 
 1852.0000    64.2000 
 1854.0000    64.4700 
 1856.0000    64.6000 
 1858.0000    64.6800 
 1860.0000    64.6700 
 1862.0000    64.6900 
 1864.0000    64.7050 
 1866.0000    64.7500 
 1868.0000    64.7400 
 1870.0000    64.7000 
 1872.0000    64.5700 
 1874.0000    64.4400 
 1876.0000    64.3450 
 1878.0000    64.2700 
 1880.0000    64.2200 
 1882.0000    64.2000 
 1884.0000    64.1200 
 1886.0000    63.9900 
 1888.0000    63.8300 
 1890.0000    63.6900 
 1892.0000    63.5500 
 1894.0000    63.3700 
 1896.0000    63.1800 
 1898.0000    62.9400 
 1900.0000    62.7600 
 1902.0000    62.5500 
 1904.0000    62.3350 
 1906.0000    62.1500 
 1908.0000    61.9000 
 1910.0000    61.7100 
 1912.0000    61.5400 
 1914.0000    61.4700 
 1916.0000    61.4000 
 1918.0000    61.2800 
 1920.0000    61.1100 
 1922.0000    60.9100 
 1924.0000    60.7500 
 1926.0000    60.5900 
 1928.0000    60.5200 
 1930.0000    60.3800 
 1932.0000    60.2100 
 1934.0000    60.0900 
 1936.0000    59.9800 
 1938.0000    59.9500 
 1940.0000    59.8200 
 1942.0000    59.6500 
 1944.0000    59.4900 
 1946.0000    59.4000 
 1948.0000    59.3400 
 1950.0000    59.2700 
 1952.0000    59.1700 
 1954.0000    59.1200 
 1956.0000    59.1300 
 1958.0000    59.0600 
 1960.0000    59.0200 
 1962.0000    59.0300 
 1964.0000    59.0800 
 1966.0000    59.1400 
 1968.0000    59.1600 
 1970.0000    59.1400 
 1972.0000    59.1500 
 1974.0000    59.1400 
 1976.0000    59.0800 
 1978.0000    59.0500 
 1980.0000    58.9800 
 1982.0000    58.9300 
 1984.0000    58.9200 
 1986.0000    58.8300 
 1988.0000    58.7600 
 1990.0000    58.6700 
 1992.0000    58.6500 
 1994.0000    58.6350 
 1996.0000    58.6000 
 1998.0000    58.5000 
 2000.0000    58.4200 
 2002.0000    58.3500 
 2004.0000    58.3000 
 2006.0000    58.2900 
 2008.0000    58.2200 
 2010.0000    58.2000 
 2012.0000    58.1300 
 2014.0000    58.0600 
 2016.0000    57.9700 
 2018.0000    57.8400 
 2020.0000    57.7600 
 2022.0000    57.6400 
 2024.0000    57.5000 
 2026.0000    57.3400 
 2028.0000    57.1900 
 2030.0000    57.0900 
 2032.0000    56.9400 
 2034.0000    56.7900 
 2036.0000    56.6100 
 2038.0000    56.4100 
 2040.0000    56.2400 
 2042.0000    56.0000 
 2044.0000    55.7500 
 2046.0000    55.5000 
 2048.0000    55.2100 
 2050.0000    54.9350 
 2052.0000    54.6400 
 2054.0000    54.3200 
 2056.0000    53.9800 
 2058.0000    53.6800 
 2060.0000    53.4800 
 2062.0000    53.3900 
 2064.0000    53.3100 
 2066.0000    53.2100 
 2068.0000    53.0800 
 2070.0000    52.8500 
 2072.0000    52.5600 
 2074.0000    52.2500 
 2076.0000    52.0000 
 2078.0000    51.8100 
 2080.0000    51.6400 
 2082.0000    51.4100 
 2084.0000    51.1500 
 2086.0000    50.9100 
 2088.0000    50.6500 
 2090.0000    50.4400 
 2092.0000    50.1800 
 2094.0000    49.9800 
 2096.0000    49.8800 
 2098.0000    49.7600 
 2100.0000    49.6100 
 2102.0000    49.3000 
 2104.0000    48.8700 
 2106.0000    48.3500 
 2108.0000    47.7800 
 2110.0000    47.2600 
 2112.0000    46.8900 
 2114.0000    46.7400 
 2116.0000    46.7800 
 2118.0000    46.9900 
 2120.0000    47.1800 
 2122.0000    47.2500 
 2124.0000    47.1600 
 2126.0000    46.8700 
 2128.0000    46.3800 
 2130.0000    45.7800 
 2132.0000    45.1400 
 2134.0000    44.4900 
 2136.0000    43.7500 
 2138.0000    42.9600 
 2140.0000    42.1800 
 2142.0000    41.5100 
 2144.0000    40.9600 
 2146.0000    40.4300 
 2148.0000    39.9400 
 2150.0000    39.5600 
 2152.0000    39.1750 
 2154.0000    38.7300 
 2156.0000    38.0700 
 2158.0000    37.1900 
 2160.0000    36.0700 
 2162.0000    34.7500 
 2164.0000    33.4300 
 2166.0000    32.1800 
 2168.0000    31.1400 
 2170.0000    30.2850 
 2172.0000    29.5850 
 2174.0000    29.0300 
 2176.0000    28.5250 
 2178.0000    28.1500 
 2180.0000    27.9300 
 2182.0000    27.9900 
 2184.0000    28.4350 
 2186.0000    29.3300 
 2188.0000    30.5000 
 2190.0000    31.7300 
 2192.0000    32.8600 
 2194.0000    33.6200 
 2196.0000    33.9800 
 2198.0000    33.6250 
 2200.0000    32.5300 
 2202.0000    30.6900 
 2204.0000    28.5700 
 2206.0000    26.6500 
 2208.0000    25.6300 
 2210.0000    25.9400 
 2212.0000    27.3500 
 2214.0000    29.3300 
 2216.0000    31.4800 
 2218.0000    33.3000 
 2220.0000    34.8900 
 2222.0000    36.3500 
 2224.0000    37.7100 
 2226.0000    38.9900 
 2228.0000    40.0550 
 2230.0000    40.8700 
 2232.0000    41.4600 
 2234.0000    41.9000 
 2236.0000    42.2000 
 2238.0000    42.3400 
 2240.0000    42.3200 
 2242.0000    42.1400 
 2244.0000    41.8700 
 2246.0000    41.4800 
 2248.0000    41.0400 
 2250.0000    40.6200 
 2252.0000    40.2350 
 2254.0000    39.8200 
 2256.0000    39.4400 
 2258.0000    39.2300 
 2260.0000    39.2300 
 2262.0000    39.3000 
 2264.0000    39.4450 
 2266.0000    39.6100 
 2268.0000    39.6800 
 2270.0000    39.7000 
 2272.0000    39.7000 
 2274.0000    39.6600 
 2276.0000    39.4300 
 2278.0000    39.1100 
 2280.0000    38.7500 
 2282.0000    38.3800 
 2284.0000    37.9400 
 2286.0000    37.3500 
 2288.0000    36.7500 
 2290.0000    36.1900 
 2292.0000    35.7400 
 2294.0000    35.2600 
 2296.0000    34.8200 
 2298.0000    34.4100 
 2300.0000    34.1650 
 2302.0000    33.9800 
 2304.0000    33.9400 
 2306.0000    33.9700 
 2308.0000    33.9700 
 2310.0000    34.0100 
 2312.0000    34.0700 
 2314.0000    34.2100 
 2316.0000    34.3400 
 2318.0000    34.4000 
 2320.0000    34.4500 
 2322.0000    34.4600 
 2324.0000    34.4600 
 2326.0000    34.3900 
 2328.0000    34.2600 
 2330.0000    34.1800 
 2332.0000    34.1800 
 2334.0000    34.1800 
 2336.0000    34.1300 
 2338.0000    33.9300 
 2340.0000    33.6600 
 2342.0000    33.2600 
 2344.0000    32.8500 
 2346.0000    32.4500 
 2348.0000    32.0700 
 2350.0000    31.7300 
 2352.0000    31.4500 
 2354.0000    31.3200 
 2356.0000    31.2900 
 2358.0000    31.3400 
 2360.0000    31.4350 
 2362.0000    31.5600 
 2364.0000    31.6700 
 2366.0000    31.6500 
 2368.0000    31.4700 
 2370.0000    31.0500 
 2372.0000    30.6100 
 2374.0000    30.1800 
 2376.0000    29.7300 
 2378.0000    29.2800 
 2380.0000    28.9600 
 2382.0000    28.8400 
 2384.0000    28.7500 
 2386.0000    28.7950 
 2388.0000    29.0200 
 2390.0000    29.2800 
 2392.0000    29.6000 
 2394.0000    29.8300 
 2396.0000    30.1900 
 2398.0000    30.5100 
 2400.0000    30.8700 
 2402.0000    31.2000 
 2404.0000    31.4600 
 2406.0000    31.5400 
 2408.0000    31.5400 
 2410.0000    31.5000 
 2412.0000    31.5500 
 2414.0000    31.4900 
 2416.0000    31.5000 
 2418.0000    31.4700 
 2420.0000    31.4700 
 2422.0000    31.3600 
 2424.0000    31.2400 
 2426.0000    31.0400 
 2428.0000    30.8700 
 2430.0000    30.6100 
 2432.0000    30.3900 
 2434.0000    30.1300 
 2436.0000    29.8500 
 2438.0000    29.5700 
 2440.0000    29.3700 
 2442.0000    29.2900 
 2444.0000    29.2200 
 2446.0000    29.1800 
 2448.0000    29.1500 
 2450.0000    29.1300 
 2452.0000    29.2400 
 2454.0000    29.2900 
 2456.0000    29.2700 
 2458.0000    29.2500 
 2460.0000    29.2600 
 2462.0000    29.2600 
 2464.0000    29.1350 
 2466.0000    29.0100 
 2468.0000    28.9200 
 2470.0000    28.8700 
 2472.0000    28.8100 
 2474.0000    28.6800 
 2476.0000    28.4600 
 2478.0000    28.2550 
 2480.0000    27.9400 
 2482.0000    27.6200 
 2484.0000    27.2800 
 2486.0000    27.0800 
 2488.0000    26.9300 
 2490.0000    27.0200 
 2492.0000    27.0700 
 2494.0000    27.2100 
 2496.0000    27.3100 
 2498.0000    27.4100 
 2500.0000    27.3100 
