 1300.0000    51.2300 
 1302.0000    51.3800 
 1304.0000    51.5800 
 1306.0000    51.5950 
 1308.0000    51.3400 
 1310.0000    51.1800 
 1312.0000    51.1000 
 1314.0000    51.2100 
 1316.0000    51.3700 
 1318.0000    51.4100 
 1320.0000    51.3200 
 1322.0000    51.3000 
 1324.0000    51.2300 
 1326.0000    51.2500 
 1328.0000    51.2000 
 1330.0000    51.1900 
 1332.0000    51.2350 
 1334.0000    51.1900 
 1336.0000    51.1900 
 1338.0000    51.2100 
 1340.0000    51.1650 
 1342.0000    51.2600 
 1344.0000    51.3450 
 1346.0000    51.3100 
 1348.0000    51.2500 
 1350.0000    51.1800 
 1352.0000    51.1600 
 1354.0000    51.1900 
 1356.0000    51.2300 
 1358.0000    51.2500 
 1360.0000    51.2350 
 1362.0000    51.2100 
 1364.0000    51.1900 
 1366.0000    51.1800 
 1368.0000    51.2200 
 1370.0000    51.2350 
 1372.0000    51.2350 
 1374.0000    51.2300 
 1376.0000    51.2000 
 1378.0000    51.1800 
 1380.0000    51.1600 
 1382.0000    51.1100 
 1384.0000    51.0800 
 1386.0000    51.0400 
 1388.0000    51.0100 
 1390.0000    50.9400 
 1392.0000    50.9000 
 1394.0000    50.8300 
 1396.0000    50.7700 
 1398.0000    50.7200 
 1400.0000    50.6800 
 1402.0000    50.6400 
 1404.0000    50.6000 
 1406.0000    50.5500 
 1408.0000    50.4900 
 1410.0000    50.4400 
 1412.0000    50.4000 
 1414.0000    50.3750 
 1416.0000    50.4000 
 1418.0000    50.4400 
 1420.0000    50.5000 
 1422.0000    50.5300 
 1424.0000    50.5700 
 1426.0000    50.5800 
 1428.0000    50.5800 
 1430.0000    50.6000 
 1432.0000    50.6600 
 1434.0000    50.7300 
 1436.0000    50.7900 
 1438.0000    50.8000 
 1440.0000    50.7900 
 1442.0000    50.8050 
 1444.0000    50.8300 
 1446.0000    50.8600 
 1448.0000    50.8600 
 1450.0000    50.8800 
 1452.0000    50.9200 
 1454.0000    50.9400 
 1456.0000    50.9500 
 1458.0000    50.9300 
 1460.0000    50.9000 
 1462.0000    50.9300 
 1464.0000    50.9200 
 1466.0000    50.9200 
 1468.0000    50.9300 
 1470.0000    50.9300 
 1472.0000    50.9300 
 1474.0000    50.9400 
 1476.0000    50.9000 
 1478.0000    50.9200 
 1480.0000    50.9300 
 1482.0000    50.9400 
 1484.0000    50.9200 
 1486.0000    50.8900 
 1488.0000    50.8800 
 1490.0000    50.8900 
 1492.0000    50.8900 
 1494.0000    50.9000 
 1496.0000    50.8700 
 1498.0000    50.8600 
 1500.0000    50.8500 
 1502.0000    50.8050 
 1504.0000    50.7800 
 1506.0000    50.7300 
 1508.0000    50.7000 
 1510.0000    50.7200 
 1512.0000    50.6900 
 1514.0000    50.6600 
 1516.0000    50.6100 
 1518.0000    50.5100 
 1520.0000    50.4450 
 1522.0000    50.3900 
 1524.0000    50.2800 
 1526.0000    50.1700 
 1528.0000    50.0800 
 1530.0000    50.0100 
 1532.0000    49.9700 
 1534.0000    49.9100 
 1536.0000    49.8400 
 1538.0000    49.7700 
 1540.0000    49.7100 
 1542.0000    49.6400 
 1544.0000    49.5900 
 1546.0000    49.5100 
 1548.0000    49.5000 
 1550.0000    49.5300 
 1552.0000    49.6000 
 1554.0000    49.7200 
 1556.0000    49.8400 
 1558.0000    49.9900 
 1560.0000    50.1500 
 1562.0000    50.2900 
 1564.0000    50.4100 
 1566.0000    50.4700 
 1568.0000    50.5300 
 1570.0000    50.6600 
 1572.0000    50.7600 
 1574.0000    50.8600 
 1576.0000    50.9100 
 1578.0000    50.9500 
 1580.0000    51.0400 
 1582.0000    51.1400 
 1584.0000    51.2200 
 1586.0000    51.2900 
 1588.0000    51.3600 
 1590.0000    51.4150 
 1592.0000    51.4700 
 1594.0000    51.5100 
 1596.0000    51.5700 
 1598.0000    51.6300 
 1600.0000    51.6500 
 1602.0000    51.7000 
 1604.0000    51.7400 
 1606.0000    51.7900 
 1608.0000    51.8200 
 1610.0000    51.8200 
 1612.0000    51.8300 
 1614.0000    51.8600 
 1616.0000    51.9100 
 1618.0000    51.9300 
 1620.0000    51.9500 
 1622.0000    51.9800 
 1624.0000    52.0000 
 1626.0000    52.0200 
 1628.0000    52.0400 
 1630.0000    52.0700 
 1632.0000    52.1350 
 1634.0000    52.1700 
 1636.0000    52.1800 
 1638.0000    52.1700 
 1640.0000    52.1800 
 1642.0000    52.1900 
 1644.0000    52.2200 
 1646.0000    52.2050 
 1648.0000    52.2300 
 1650.0000    52.2400 
 1652.0000    52.2500 
 1654.0000    52.2600 
 1656.0000    52.3000 
 1658.0000    52.3150 
 1660.0000    52.3150 
 1662.0000    52.3000 
 1664.0000    52.2700 
 1666.0000    52.3000 
 1668.0000    52.3300 
 1670.0000    52.3150 
 1672.0000    52.3000 
 1674.0000    52.3000 
 1676.0000    52.3300 
 1678.0000    52.3600 
 1680.0000    52.3800 
 1682.0000    52.3800 
 1684.0000    52.3850 
 1686.0000    52.4100 
 1688.0000    52.4300 
 1690.0000    52.4400 
 1692.0000    52.4400 
 1694.0000    52.4300 
 1696.0000    52.4500 
 1698.0000    52.4900 
 1700.0000    52.5600 
 1702.0000    52.6100 
 1704.0000    52.6300 
 1706.0000    52.6200 
 1708.0000    52.6100 
 1710.0000    52.6200 
 1712.0000    52.6500 
 1714.0000    52.6800 
 1716.0000    52.7200 
 1718.0000    52.7100 
 1720.0000    52.7100 
 1722.0000    52.7300 
 1724.0000    52.7800 
 1726.0000    52.8500 
 1728.0000    52.8600 
 1730.0000    52.8600 
 1732.0000    52.8400 
 1734.0000    52.8400 
 1736.0000    52.8600 
 1738.0000    52.9100 
 1740.0000    52.9500 
 1742.0000    52.9500 
 1744.0000    52.9250 
 1746.0000    52.9250 
 1748.0000    52.9500 
 1750.0000    52.9500 
 1752.0000    52.9500 
 1754.0000    52.9600 
 1756.0000    52.9950 
 1758.0000    53.0500 
 1760.0000    53.0800 
 1762.0000    53.0900 
 1764.0000    53.1050 
 1766.0000    53.1200 
 1768.0000    53.1000 
 1770.0000    53.1000 
 1772.0000    53.1050 
 1774.0000    53.1050 
 1776.0000    53.1400 
 1778.0000    53.1400 
 1780.0000    53.1600 
 1782.0000    53.2000 
 1784.0000    53.2200 
 1786.0000    53.2500 
 1788.0000    53.2500 
 1790.0000    53.2400 
 1792.0000    53.2100 
 1794.0000    53.1900 
 1796.0000    53.1900 
 1798.0000    53.1900 
 1800.0000    53.1900 
 1802.0000    53.2000 
 1804.0000    53.2200 
 1806.0000    53.2400 
 1808.0000    53.2400 
 1810.0000    53.2100 
 1812.0000    53.1400 
 1814.0000    53.0500 
 1816.0000    52.9700 
 1818.0000    52.8900 
 1820.0000    52.7600 
 1822.0000    52.6100 
 1824.0000    52.4700 
 1826.0000    52.3850 
 1828.0000    52.3800 
 1830.0000    52.4000 
 1832.0000    52.4300 
 1834.0000    52.4800 
 1836.0000    52.5600 
 1838.0000    52.6600 
 1840.0000    52.7100 
 1842.0000    52.7600 
 1844.0000    52.8100 
 1846.0000    52.8800 
 1848.0000    52.9700 
 1850.0000    53.0600 
 1852.0000    53.1050 
 1854.0000    53.1000 
 1856.0000    53.0900 
 1858.0000    53.0500 
 1860.0000    53.0300 
 1862.0000    53.0700 
 1864.0000    52.9900 
 1866.0000    52.9200 
 1868.0000    52.8500 
 1870.0000    52.7450 
 1872.0000    52.6900 
 1874.0000    52.5600 
 1876.0000    52.4600 
 1878.0000    52.3800 
 1880.0000    52.2800 
 1882.0000    52.2000 
 1884.0000    52.1200 
 1886.0000    52.0100 
 1888.0000    51.8800 
 1890.0000    51.7000 
 1892.0000    51.4800 
 1894.0000    51.2800 
 1896.0000    51.0700 
 1898.0000    50.8400 
 1900.0000    50.6200 
 1902.0000    50.4100 
 1904.0000    50.2400 
 1906.0000    50.1300 
 1908.0000    50.0700 
 1910.0000    50.0400 
 1912.0000    50.0150 
 1914.0000    49.9700 
 1916.0000    49.9400 
 1918.0000    49.9900 
 1920.0000    50.0700 
 1922.0000    50.1100 
 1924.0000    50.1100 
 1926.0000    50.1100 
 1928.0000    50.1300 
 1930.0000    50.1500 
 1932.0000    50.1800 
 1934.0000    50.2100 
 1936.0000    50.2200 
 1938.0000    50.2400 
 1940.0000    50.2200 
 1942.0000    50.1950 
 1944.0000    50.1800 
 1946.0000    50.1600 
 1948.0000    50.1400 
 1950.0000    50.1300 
 1952.0000    50.0800 
 1954.0000    50.0800 
 1956.0000    50.1300 
 1958.0000    50.2100 
 1960.0000    50.2900 
 1962.0000    50.3700 
 1964.0000    50.4600 
 1966.0000    50.5700 
 1968.0000    50.6900 
 1970.0000    50.7900 
 1972.0000    50.8500 
 1974.0000    50.9000 
 1976.0000    50.9700 
 1978.0000    51.0550 
 1980.0000    51.1600 
 1982.0000    51.2500 
 1984.0000    51.3100 
 1986.0000    51.3900 
 1988.0000    51.4700 
 1990.0000    51.5100 
 1992.0000    51.5300 
 1994.0000    51.5200 
 1996.0000    51.5700 
 1998.0000    51.6300 
 2000.0000    51.7000 
 2002.0000    51.7700 
 2004.0000    51.8200 
 2006.0000    51.8600 
 2008.0000    51.8900 
 2010.0000    51.9400 
 2012.0000    51.9700 
 2014.0000    52.0400 
 2016.0000    52.0900 
 2018.0000    52.1000 
 2020.0000    52.1200 
 2022.0000    52.1500 
 2024.0000    52.1800 
 2026.0000    52.2200 
 2028.0000    52.2600 
 2030.0000    52.3000 
 2032.0000    52.3700 
 2034.0000    52.3850 
 2036.0000    52.4100 
 2038.0000    52.4300 
 2040.0000    52.4600 
 2042.0000    52.5200 
 2044.0000    52.5600 
 2046.0000    52.5650 
 2048.0000    52.5600 
 2050.0000    52.5800 
 2052.0000    52.5900 
 2054.0000    52.6300 
 2056.0000    52.6700 
 2058.0000    52.7200 
 2060.0000    52.7700 
 2062.0000    52.8100 
 2064.0000    52.7900 
 2066.0000    52.7700 
 2068.0000    52.7800 
 2070.0000    52.7900 
 2072.0000    52.7900 
 2074.0000    52.7700 
 2076.0000    52.7900 
 2078.0000    52.7800 
 2080.0000    52.7900 
 2082.0000    52.7800 
 2084.0000    52.7700 
 2086.0000    52.7900 
 2088.0000    52.7800 
 2090.0000    52.8000 
 2092.0000    52.7900 
 2094.0000    52.7700 
 2096.0000    52.7700 
 2098.0000    52.7700 
 2100.0000    52.7300 
 2102.0000    52.7000 
 2104.0000    52.7100 
 2106.0000    52.7300 
 2108.0000    52.7450 
 2110.0000    52.7400 
 2112.0000    52.7200 
 2114.0000    52.7300 
 2116.0000    52.6900 
 2118.0000    52.6700 
 2120.0000    52.6400 
 2122.0000    52.5800 
 2124.0000    52.5900 
 2126.0000    52.5300 
 2128.0000    52.5100 
 2130.0000    52.4600 
 2132.0000    52.4500 
 2134.0000    52.5200 
 2136.0000    52.5200 
 2138.0000    52.5300 
 2140.0000    52.4900 
 2142.0000    52.4300 
 2144.0000    52.3800 
 2146.0000    52.3500 
 2148.0000    52.3150 
 2150.0000    52.2800 
 2152.0000    52.2400 
 2154.0000    52.2050 
 2156.0000    52.1900 
 2158.0000    52.1600 
 2160.0000    52.1100 
 2162.0000    52.0900 
 2164.0000    52.0250 
 2166.0000    51.9400 
 2168.0000    51.8600 
 2170.0000    51.8700 
 2172.0000    51.8700 
 2174.0000    51.7900 
 2176.0000    51.6800 
 2178.0000    51.5950 
 2180.0000    51.5000 
 2182.0000    51.4100 
 2184.0000    51.2900 
 2186.0000    51.2000 
 2188.0000    51.0800 
 2190.0000    50.9600 
 2192.0000    50.8600 
 2194.0000    50.7500 
 2196.0000    50.6600 
 2198.0000    50.5600 
 2200.0000    50.4400 
 2202.0000    50.3400 
 2204.0000    50.2100 
 2206.0000    50.1100 
 2208.0000    49.9700 
 2210.0000    49.8400 
 2212.0000    49.7600 
 2214.0000    49.7200 
 2216.0000    49.7000 
 2218.0000    49.6400 
 2220.0000    49.5700 
 2222.0000    49.4700 
 2224.0000    49.3600 
 2226.0000    49.2300 
 2228.0000    49.0500 
 2230.0000    48.7900 
 2232.0000    48.4900 
 2234.0000    48.1600 
 2236.0000    47.6900 
 2238.0000    47.0900 
 2240.0000    46.3600 
 2242.0000    45.5400 
 2244.0000    44.7000 
 2246.0000    43.7900 
 2248.0000    42.9000 
 2250.0000    42.1100 
 2252.0000    41.5200 
 2254.0000    41.4100 
 2256.0000    41.6600 
 2258.0000    42.1700 
 2260.0000    42.7600 
 2262.0000    43.3100 
 2264.0000    43.7900 
 2266.0000    44.1700 
 2268.0000    44.4300 
 2270.0000    44.5900 
 2272.0000    44.6600 
 2274.0000    44.7000 
 2276.0000    44.6300 
 2278.0000    44.4800 
 2280.0000    44.1900 
 2282.0000    43.8500 
 2284.0000    43.4600 
 2286.0000    43.1000 
 2288.0000    42.7000 
 2290.0000    42.3200 
 2292.0000    41.9000 
 2294.0000    41.4800 
 2296.0000    41.0100 
 2298.0000    40.4150 
 2300.0000    39.7850 
 2302.0000    39.0300 
 2304.0000    38.2600 
 2306.0000    37.4400 
 2308.0000    36.5900 
 2310.0000    35.8300 
 2312.0000    35.1500 
 2314.0000    34.4100 
 2316.0000    33.7000 
 2318.0000    32.9500 
 2320.0000    32.2900 
 2322.0000    31.6100 
 2324.0000    30.9200 
 2326.0000    30.2100 
 2328.0000    29.4900 
 2330.0000    28.8200 
 2332.0000    28.2300 
 2334.0000    27.8100 
 2336.0000    27.5100 
 2338.0000    27.3100 
 2340.0000    27.3100 
 2342.0000    27.5000 
 2344.0000    27.8250 
 2346.0000    28.3900 
 2348.0000    29.1100 
 2350.0000    29.9700 
 2352.0000    30.9500 
 2354.0000    32.0300 
 2356.0000    33.2100 
 2358.0000    34.4800 
 2360.0000    35.7450 
 2362.0000    37.0200 
 2364.0000    38.2400 
 2366.0000    39.4100 
 2368.0000    40.4500 
 2370.0000    41.3000 
 2372.0000    42.0900 
 2374.0000    42.8100 
 2376.0000    43.3600 
 2378.0000    43.8600 
 2380.0000    44.2500 
 2382.0000    44.7000 
 2384.0000    45.0700 
 2386.0000    45.4300 
 2388.0000    45.7200 
 2390.0000    45.9900 
 2392.0000    46.2200 
 2394.0000    46.3200 
 2396.0000    46.3400 
 2398.0000    46.5000 
 2400.0000    46.7400 
 2402.0000    46.9600 
 2404.0000    46.9800 
 2406.0000    47.0000 
 2408.0000    47.0800 
 2410.0000    47.1700 
 2412.0000    47.1700 
 2414.0000    47.1500 
 2416.0000    47.1400 
 2418.0000    47.2700 
 2420.0000    47.3100 
 2422.0000    47.2900 
 2424.0000    47.2700 
 2426.0000    47.3400 
 2428.0000    47.3200 
 2430.0000    47.1800 
 2432.0000    47.1000 
 2434.0000    47.0500 
 2436.0000    47.0100 
 2438.0000    46.8900 
 2440.0000    46.7500 
 2442.0000    46.6300 
 2444.0000    46.5200 
 2446.0000    46.4300 
 2448.0000    46.3900 
 2450.0000    46.3200 
 2452.0000    46.2200 
 2454.0000    46.1500 
 2456.0000    46.0600 
 2458.0000    45.9900 
 2460.0000    45.8500 
 2462.0000    45.7500 
 2464.0000    45.6200 
 2466.0000    45.5500 
 2468.0000    45.4100 
 2470.0000    45.2300 
 2472.0000    45.1300 
 2474.0000    44.9500 
 2476.0000    44.7700 
 2478.0000    44.5800 
 2480.0000    44.4800 
 2482.0000    44.3800 
 2484.0000    44.2700 
 2486.0000    44.2200 
 2488.0000    44.0400 
 2490.0000    43.8600 
 2492.0000    43.7700 
 2494.0000    43.7200 
 2496.0000    43.5300 
 2498.0000    43.3500 
 2500.0000    43.2500 
