 1300.0000    77.6500 
 1302.0000    77.4100 
 1304.0000    77.2400 
 1306.0000    77.6000 
 1308.0000    77.5400 
 1310.0000    77.4500 
 1312.0000    77.2600 
 1314.0000    77.0250 
 1316.0000    77.0000 
 1318.0000    77.1200 
 1320.0000    77.1200 
 1322.0000    77.0250 
 1324.0000    76.9400 
 1326.0000    76.7500 
 1328.0000    76.6100 
 1330.0000    76.4700 
 1332.0000    76.2350 
 1334.0000    76.0100 
 1336.0000    75.8500 
 1338.0000    75.5700 
 1340.0000    75.3600 
 1342.0000    75.2100 
 1344.0000    75.0600 
 1346.0000    74.8300 
 1348.0000    74.6500 
 1350.0000    74.3900 
 1352.0000    74.1500 
 1354.0000    73.9700 
 1356.0000    73.8000 
 1358.0000    73.6150 
 1360.0000    73.5200 
 1362.0000    73.3600 
 1364.0000    73.2100 
 1366.0000    73.0700 
 1368.0000    72.9100 
 1370.0000    72.7600 
 1372.0000    72.6450 
 1374.0000    72.5350 
 1376.0000    72.4600 
 1378.0000    72.3700 
 1380.0000    72.2500 
 1382.0000    72.1600 
 1384.0000    72.0800 
 1386.0000    71.9900 
 1388.0000    71.8700 
 1390.0000    71.7200 
 1392.0000    71.5300 
 1394.0000    71.3400 
 1396.0000    71.0800 
 1398.0000    70.7750 
 1400.0000    70.4500 
 1402.0000    70.0900 
 1404.0000    69.6900 
 1406.0000    69.2800 
 1408.0000    68.8000 
 1410.0000    68.3000 
 1412.0000    67.7900 
 1414.0000    67.2550 
 1416.0000    66.7000 
 1418.0000    66.1300 
 1420.0000    65.4900 
 1422.0000    64.8300 
 1424.0000    64.2200 
 1426.0000    63.6800 
 1428.0000    63.2000 
 1430.0000    62.7500 
 1432.0000    62.2400 
 1434.0000    61.6700 
 1436.0000    60.9800 
 1438.0000    60.1800 
 1440.0000    59.2400 
 1442.0000    58.2200 
 1444.0000    57.2300 
 1446.0000    56.3800 
 1448.0000    55.7200 
 1450.0000    55.4300 
 1452.0000    55.4900 
 1454.0000    55.9000 
 1456.0000    56.5700 
 1458.0000    57.3400 
 1460.0000    58.0500 
 1462.0000    58.6500 
 1464.0000    59.1600 
 1466.0000    59.5700 
 1468.0000    59.8900 
 1470.0000    60.1300 
 1472.0000    60.3250 
 1474.0000    60.5200 
 1476.0000    60.6900 
 1478.0000    60.8250 
 1480.0000    60.9100 
 1482.0000    60.9600 
 1484.0000    61.0400 
 1486.0000    61.0300 
 1488.0000    60.9000 
 1490.0000    60.6600 
 1492.0000    60.3700 
 1494.0000    60.1400 
 1496.0000    60.0700 
 1498.0000    60.1450 
 1500.0000    60.3950 
 1502.0000    60.8000 
 1504.0000    61.2900 
 1506.0000    61.8700 
 1508.0000    62.4400 
 1510.0000    62.9400 
 1512.0000    63.3300 
 1514.0000    63.6600 
 1516.0000    63.9300 
 1518.0000    64.1200 
 1520.0000    64.2200 
 1522.0000    64.3000 
 1524.0000    64.2750 
 1526.0000    64.2400 
 1528.0000    64.1700 
 1530.0000    64.0700 
 1532.0000    63.9150 
 1534.0000    63.7500 
 1536.0000    63.5800 
 1538.0000    63.4700 
 1540.0000    63.4700 
 1542.0000    63.5550 
 1544.0000    63.7350 
 1546.0000    63.9800 
 1548.0000    64.3450 
 1550.0000    64.8000 
 1552.0000    65.2900 
 1554.0000    65.7800 
 1556.0000    66.2400 
 1558.0000    66.6900 
 1560.0000    67.1400 
 1562.0000    67.5600 
 1564.0000    67.9200 
 1566.0000    68.2250 
 1568.0000    68.4900 
 1570.0000    68.7800 
 1572.0000    69.1000 
 1574.0000    69.4200 
 1576.0000    69.6200 
 1578.0000    69.7900 
 1580.0000    69.9850 
 1582.0000    70.2100 
 1584.0000    70.4400 
 1586.0000    70.6400 
 1588.0000    70.8100 
 1590.0000    71.0200 
 1592.0000    71.2700 
 1594.0000    71.5100 
 1596.0000    71.7400 
 1598.0000    71.9700 
 1600.0000    72.1700 
 1602.0000    72.3800 
 1604.0000    72.5900 
 1606.0000    72.7800 
 1608.0000    72.9700 
 1610.0000    73.1600 
 1612.0000    73.3200 
 1614.0000    73.4800 
 1616.0000    73.6100 
 1618.0000    73.7500 
 1620.0000    73.8650 
 1622.0000    74.0000 
 1624.0000    74.1600 
 1626.0000    74.2700 
 1628.0000    74.4000 
 1630.0000    74.5500 
 1632.0000    74.6700 
 1634.0000    74.7900 
 1636.0000    74.8600 
 1638.0000    74.9800 
 1640.0000    75.1200 
 1642.0000    75.2500 
 1644.0000    75.3700 
 1646.0000    75.4400 
 1648.0000    75.5300 
 1650.0000    75.6100 
 1652.0000    75.6400 
 1654.0000    75.6900 
 1656.0000    75.7200 
 1658.0000    75.7600 
 1660.0000    75.7800 
 1662.0000    75.7700 
 1664.0000    75.8200 
 1666.0000    75.8600 
 1668.0000    75.9000 
 1670.0000    75.8800 
 1672.0000    75.7800 
 1674.0000    75.6500 
 1676.0000    75.5700 
 1678.0000    75.5400 
 1680.0000    75.5800 
 1682.0000    75.6000 
 1684.0000    75.5500 
 1686.0000    75.4400 
 1688.0000    75.3100 
 1690.0000    75.1500 
 1692.0000    74.9900 
 1694.0000    74.8600 
 1696.0000    74.7600 
 1698.0000    74.5850 
 1700.0000    74.4000 
 1702.0000    74.1500 
 1704.0000    73.9000 
 1706.0000    73.6100 
 1708.0000    73.2800 
 1710.0000    72.8900 
 1712.0000    72.4300 
 1714.0000    71.9800 
 1716.0000    71.5600 
 1718.0000    71.1100 
 1720.0000    70.6800 
 1722.0000    70.2100 
 1724.0000    69.7000 
 1726.0000    69.1700 
 1728.0000    68.6400 
 1730.0000    68.0900 
 1732.0000    67.5600 
 1734.0000    66.9800 
 1736.0000    66.4100 
 1738.0000    65.9000 
 1740.0000    65.4100 
 1742.0000    64.9300 
 1744.0000    64.5100 
 1746.0000    64.1200 
 1748.0000    63.7800 
 1750.0000    63.5100 
 1752.0000    63.3200 
 1754.0000    63.2400 
 1756.0000    63.3000 
 1758.0000    63.4300 
 1760.0000    63.6300 
 1762.0000    63.8800 
 1764.0000    64.1500 
 1766.0000    64.4000 
 1768.0000    64.6000 
 1770.0000    64.7050 
 1772.0000    64.8000 
 1774.0000    64.8800 
 1776.0000    64.9600 
 1778.0000    65.0400 
 1780.0000    65.1400 
 1782.0000    65.3000 
 1784.0000    65.4950 
 1786.0000    65.7900 
 1788.0000    66.0900 
 1790.0000    66.4100 
 1792.0000    66.7600 
 1794.0000    67.1000 
 1796.0000    67.4100 
 1798.0000    67.7000 
 1800.0000    67.9750 
 1802.0000    68.2400 
 1804.0000    68.4900 
 1806.0000    68.6900 
 1808.0000    68.8300 
 1810.0000    68.9700 
 1812.0000    69.0600 
 1814.0000    69.1400 
 1816.0000    69.2100 
 1818.0000    69.3000 
 1820.0000    69.3900 
 1822.0000    69.4700 
 1824.0000    69.5100 
 1826.0000    69.5300 
 1828.0000    69.5400 
 1830.0000    69.5300 
 1832.0000    69.5000 
 1834.0000    69.4400 
 1836.0000    69.3900 
 1838.0000    69.3000 
 1840.0000    69.1700 
 1842.0000    68.9800 
 1844.0000    68.7900 
 1846.0000    68.5800 
 1848.0000    68.3350 
 1850.0000    68.0400 
 1852.0000    67.6900 
 1854.0000    67.3000 
 1856.0000    66.8600 
 1858.0000    66.3500 
 1860.0000    65.8000 
 1862.0000    65.2200 
 1864.0000    64.6200 
 1866.0000    63.9600 
 1868.0000    63.1700 
 1870.0000    62.2900 
 1872.0000    61.4400 
 1874.0000    60.5750 
 1876.0000    59.7400 
 1878.0000    58.8900 
 1880.0000    57.9700 
 1882.0000    57.0800 
 1884.0000    56.1600 
 1886.0000    55.2200 
 1888.0000    54.3000 
 1890.0000    53.3400 
 1892.0000    52.5100 
 1894.0000    51.6600 
 1896.0000    50.7900 
 1898.0000    49.8800 
 1900.0000    48.9400 
 1902.0000    48.0000 
 1904.0000    47.0300 
 1906.0000    46.0400 
 1908.0000    45.0700 
 1910.0000    44.1300 
 1912.0000    43.1500 
 1914.0000    42.1400 
 1916.0000    41.1400 
 1918.0000    40.1450 
 1920.0000    39.1500 
 1922.0000    38.1100 
 1924.0000    37.0000 
 1926.0000    35.8800 
 1928.0000    34.7600 
 1930.0000    33.6100 
 1932.0000    32.4000 
 1934.0000    31.2400 
 1936.0000    30.1700 
 1938.0000    29.3100 
 1940.0000    28.6150 
 1942.0000    28.1400 
 1944.0000    27.8200 
 1946.0000    27.6300 
 1948.0000    27.5550 
 1950.0000    27.6700 
 1952.0000    27.9150 
 1954.0000    28.3400 
 1956.0000    28.9400 
 1958.0000    29.7600 
 1960.0000    30.7900 
 1962.0000    31.9100 
 1964.0000    32.9800 
 1966.0000    33.7800 
 1968.0000    34.3500 
 1970.0000    34.7000 
 1972.0000    34.9000 
 1974.0000    35.0700 
 1976.0000    35.2200 
 1978.0000    35.4700 
 1980.0000    35.8100 
 1982.0000    36.1600 
 1984.0000    36.5700 
 1986.0000    36.9800 
 1988.0000    37.4300 
 1990.0000    37.9600 
 1992.0000    38.6000 
 1994.0000    39.4300 
 1996.0000    40.5100 
 1998.0000    41.8300 
 2000.0000    43.3400 
 2002.0000    44.9100 
 2004.0000    46.4600 
 2006.0000    47.9300 
 2008.0000    49.2600 
 2010.0000    50.4400 
 2012.0000    51.4500 
 2014.0000    52.3600 
 2016.0000    53.1400 
 2018.0000    53.8300 
 2020.0000    54.4500 
 2022.0000    54.9200 
 2024.0000    55.3900 
 2026.0000    55.8300 
 2028.0000    56.2500 
 2030.0000    56.6100 
 2032.0000    56.9100 
 2034.0000    57.1600 
 2036.0000    57.4000 
 2038.0000    57.6300 
 2040.0000    57.8300 
 2042.0000    58.0500 
 2044.0000    58.2300 
 2046.0000    58.4100 
 2048.0000    58.5300 
 2050.0000    58.5800 
 2052.0000    58.6300 
 2054.0000    58.6100 
 2056.0000    58.5600 
 2058.0000    58.4700 
 2060.0000    58.3700 
 2062.0000    58.3300 
 2064.0000    58.3500 
 2066.0000    58.3600 
 2068.0000    58.4000 
 2070.0000    58.4700 
 2072.0000    58.4500 
 2074.0000    58.4200 
 2076.0000    58.3500 
 2078.0000    58.2750 
 2080.0000    58.2300 
 2082.0000    58.1100 
 2084.0000    58.0100 
 2086.0000    57.9000 
 2088.0000    57.7600 
 2090.0000    57.6200 
 2092.0000    57.4100 
 2094.0000    57.1900 
 2096.0000    57.0000 
 2098.0000    56.7800 
 2100.0000    56.6250 
 2102.0000    56.4400 
 2104.0000    56.2400 
 2106.0000    56.0300 
 2108.0000    55.7900 
 2110.0000    55.5900 
 2112.0000    55.4300 
 2114.0000    55.2400 
 2116.0000    55.0100 
 2118.0000    54.8100 
 2120.0000    54.5900 
 2122.0000    54.4000 
 2124.0000    54.1900 
 2126.0000    53.9900 
 2128.0000    53.8300 
 2130.0000    53.6900 
 2132.0000    53.5600 
 2134.0000    53.4000 
 2136.0000    53.2500 
 2138.0000    53.1050 
 2140.0000    52.9950 
 2142.0000    52.8900 
 2144.0000    52.7450 
 2146.0000    52.5400 
 2148.0000    52.3300 
 2150.0000    52.1500 
 2152.0000    51.9900 
 2154.0000    51.8300 
 2156.0000    51.6500 
 2158.0000    51.4400 
 2160.0000    51.2500 
 2162.0000    51.0700 
 2164.0000    50.9000 
 2166.0000    50.7100 
 2168.0000    50.5100 
 2170.0000    50.3300 
 2172.0000    50.1000 
 2174.0000    49.8700 
 2176.0000    49.6900 
 2178.0000    49.5700 
 2180.0000    49.5000 
 2182.0000    49.4200 
 2184.0000    49.3000 
 2186.0000    49.2100 
 2188.0000    49.1300 
 2190.0000    49.0500 
 2192.0000    48.9600 
 2194.0000    48.8100 
 2196.0000    48.6600 
 2198.0000    48.4600 
 2200.0000    48.2400 
 2202.0000    48.0300 
 2204.0000    47.7800 
 2206.0000    47.5600 
 2208.0000    47.2600 
 2210.0000    46.9800 
 2212.0000    46.6700 
 2214.0000    46.4200 
 2216.0000    46.1900 
 2218.0000    46.0100 
 2220.0000    45.9400 
 2222.0000    45.9700 
 2224.0000    46.2500 
 2226.0000    46.5800 
 2228.0000    46.9800 
 2230.0000    47.3800 
 2232.0000    47.7200 
 2234.0000    48.1100 
 2236.0000    48.4400 
 2238.0000    48.6100 
 2240.0000    48.7000 
 2242.0000    48.7700 
 2244.0000    48.8400 
 2246.0000    48.8800 
 2248.0000    48.8200 
 2250.0000    48.7200 
 2252.0000    48.6400 
 2254.0000    48.5700 
 2256.0000    48.4700 
 2258.0000    48.3000 
 2260.0000    48.1000 
 2262.0000    47.9000 
 2264.0000    47.7000 
 2266.0000    47.6400 
 2268.0000    47.7400 
 2270.0000    47.9600 
 2272.0000    48.2600 
 2274.0000    48.5600 
 2276.0000    48.8500 
 2278.0000    49.1000 
 2280.0000    49.3300 
 2282.0000    49.5800 
 2284.0000    49.7700 
 2286.0000    49.9100 
 2288.0000    50.0600 
 2290.0000    50.1500 
 2292.0000    50.2800 
 2294.0000    50.3000 
 2296.0000    50.3500 
 2298.0000    50.3750 
 2300.0000    50.3000 
 2302.0000    50.3400 
 2304.0000    50.3700 
 2306.0000    50.4300 
 2308.0000    50.4600 
 2310.0000    50.4700 
 2312.0000    50.4000 
 2314.0000    50.3100 
 2316.0000    50.2650 
 2318.0000    50.2650 
 2320.0000    50.1950 
 2322.0000    50.1500 
 2324.0000    50.0600 
 2326.0000    49.9700 
 2328.0000    49.8800 
 2330.0000    49.8000 
 2332.0000    49.6700 
 2334.0000    49.4600 
 2336.0000    49.2300 
 2338.0000    49.0700 
 2340.0000    48.8900 
 2342.0000    48.7500 
 2344.0000    48.5600 
 2346.0000    48.4200 
 2348.0000    48.1900 
 2350.0000    47.9200 
 2352.0000    47.6700 
 2354.0000    47.3800 
 2356.0000    47.1800 
 2358.0000    46.9300 
 2360.0000    46.6400 
 2362.0000    46.3400 
 2364.0000    46.0500 
 2366.0000    45.8100 
 2368.0000    45.4600 
 2370.0000    45.0500 
 2372.0000    44.6300 
 2374.0000    44.2500 
 2376.0000    43.7900 
 2378.0000    43.3300 
 2380.0000    42.7300 
 2382.0000    42.1900 
 2384.0000    41.6700 
 2386.0000    41.1800 
 2388.0000    40.6000 
 2390.0000    39.8900 
 2392.0000    39.2200 
 2394.0000    38.5600 
 2396.0000    37.8800 
 2398.0000    37.2350 
 2400.0000    36.5350 
 2402.0000    35.8300 
 2404.0000    35.1400 
 2406.0000    34.5300 
 2408.0000    33.9600 
 2410.0000    33.3600 
 2412.0000    32.8500 
 2414.0000    32.3900 
 2416.0000    31.9100 
 2418.0000    31.4800 
 2420.0000    31.0900 
 2422.0000    30.8900 
 2424.0000    30.6600 
 2426.0000    30.5000 
 2428.0000    30.3200 
 2430.0000    30.0500 
 2432.0000    29.8100 
 2434.0000    29.6000 
 2436.0000    29.4700 
 2438.0000    29.3100 
 2440.0000    29.1900 
 2442.0000    29.0450 
 2444.0000    29.0200 
 2446.0000    28.9700 
 2448.0000    28.9200 
 2450.0000    28.7700 
 2452.0000    28.6900 
 2454.0000    28.6300 
 2456.0000    28.5000 
 2458.0000    28.1600 
 2460.0000    27.8500 
 2462.0000    27.6450 
 2464.0000    27.4900 
 2466.0000    27.2100 
 2468.0000    26.9000 
 2470.0000    26.7100 
 2472.0000    26.5300 
 2474.0000    26.3500 
 2476.0000    26.2800 
 2478.0000    26.2400 
 2480.0000    26.3400 
 2482.0000    26.3200 
 2484.0000    26.2400 
 2486.0000    26.2600 
 2488.0000    26.3900 
 2490.0000    26.4400 
 2492.0000    26.4300 
 2494.0000    26.5100 
 2496.0000    26.4950 
 2498.0000    26.5200 
 2500.0000    26.5300 
