 1300.0000    65.1700 
 1302.0000    65.2700 
 1304.0000    65.4400 
 1306.0000    65.4100 
 1308.0000    65.5300 
 1310.0000    65.8700 
 1312.0000    66.1500 
 1314.0000    66.3600 
 1316.0000    66.6000 
 1318.0000    66.7000 
 1320.0000    66.9300 
 1322.0000    67.2000 
 1324.0000    67.3500 
 1326.0000    67.4900 
 1328.0000    67.7300 
 1330.0000    67.8500 
 1332.0000    68.0100 
 1334.0000    68.2100 
 1336.0000    68.2900 
 1338.0000    68.2500 
 1340.0000    68.3350 
 1342.0000    68.4900 
 1344.0000    68.6600 
 1346.0000    68.8500 
 1348.0000    68.9600 
 1350.0000    69.0100 
 1352.0000    69.0900 
 1354.0000    69.1900 
 1356.0000    69.3500 
 1358.0000    69.5100 
 1360.0000    69.7200 
 1362.0000    69.8600 
 1364.0000    69.9400 
 1366.0000    70.0700 
 1368.0000    70.2400 
 1370.0000    70.4100 
 1372.0000    70.5600 
 1374.0000    70.6400 
 1376.0000    70.7300 
 1378.0000    70.8800 
 1380.0000    71.0200 
 1382.0000    71.1500 
 1384.0000    71.2600 
 1386.0000    71.3600 
 1388.0000    71.5200 
 1390.0000    71.7000 
 1392.0000    71.8900 
 1394.0000    72.0700 
 1396.0000    72.2400 
 1398.0000    72.3550 
 1400.0000    72.4800 
 1402.0000    72.5600 
 1404.0000    72.6700 
 1406.0000    72.7700 
 1408.0000    72.8950 
 1410.0000    73.0000 
 1412.0000    73.1100 
 1414.0000    73.2200 
 1416.0000    73.3100 
 1418.0000    73.4100 
 1420.0000    73.5200 
 1422.0000    73.5900 
 1424.0000    73.6600 
 1426.0000    73.6800 
 1428.0000    73.6850 
 1430.0000    73.6850 
 1432.0000    73.6800 
 1434.0000    73.6600 
 1436.0000    73.6800 
 1438.0000    73.6800 
 1440.0000    73.7100 
 1442.0000    73.6000 
 1444.0000    73.4700 
 1446.0000    73.2700 
 1448.0000    73.0750 
 1450.0000    72.8700 
 1452.0000    72.6000 
 1454.0000    72.1900 
 1456.0000    71.6750 
 1458.0000    71.0300 
 1460.0000    70.3100 
 1462.0000    69.5500 
 1464.0000    68.7600 
 1466.0000    67.9500 
 1468.0000    67.1000 
 1470.0000    66.2300 
 1472.0000    65.2900 
 1474.0000    64.4100 
 1476.0000    63.7700 
 1478.0000    63.4400 
 1480.0000    63.5500 
 1482.0000    64.1900 
 1484.0000    65.1900 
 1486.0000    66.4400 
 1488.0000    67.7400 
 1490.0000    68.8900 
 1492.0000    69.8050 
 1494.0000    70.4900 
 1496.0000    70.9200 
 1498.0000    71.1600 
 1500.0000    71.3300 
 1502.0000    71.4300 
 1504.0000    71.5400 
 1506.0000    71.6400 
 1508.0000    71.6700 
 1510.0000    71.6600 
 1512.0000    71.6400 
 1514.0000    71.6200 
 1516.0000    71.5650 
 1518.0000    71.4900 
 1520.0000    71.3900 
 1522.0000    71.3000 
 1524.0000    71.1900 
 1526.0000    71.1000 
 1528.0000    71.0200 
 1530.0000    70.9400 
 1532.0000    70.8850 
 1534.0000    70.8400 
 1536.0000    70.7750 
 1538.0000    70.7300 
 1540.0000    70.7300 
 1542.0000    70.7200 
 1544.0000    70.7000 
 1546.0000    70.7000 
 1548.0000    70.7300 
 1550.0000    70.7750 
 1552.0000    70.8500 
 1554.0000    70.9300 
 1556.0000    71.0600 
 1558.0000    71.2200 
 1560.0000    71.4200 
 1562.0000    71.6300 
 1564.0000    71.8000 
 1566.0000    71.9800 
 1568.0000    72.0900 
 1570.0000    72.2100 
 1572.0000    72.4000 
 1574.0000    72.5900 
 1576.0000    72.7900 
 1578.0000    72.9600 
 1580.0000    73.1400 
 1582.0000    73.3600 
 1584.0000    73.5600 
 1586.0000    73.7400 
 1588.0000    73.8800 
 1590.0000    74.0300 
 1592.0000    74.1800 
 1594.0000    74.3400 
 1596.0000    74.4750 
 1598.0000    74.6200 
 1600.0000    74.7700 
 1602.0000    74.9100 
 1604.0000    75.0100 
 1606.0000    75.1500 
 1608.0000    75.3100 
 1610.0000    75.4800 
 1612.0000    75.6500 
 1614.0000    75.7500 
 1616.0000    75.8300 
 1618.0000    75.9600 
 1620.0000    76.0800 
 1622.0000    76.2100 
 1624.0000    76.3200 
 1626.0000    76.3900 
 1628.0000    76.5000 
 1630.0000    76.6400 
 1632.0000    76.7600 
 1634.0000    76.8800 
 1636.0000    76.9550 
 1638.0000    77.0400 
 1640.0000    77.1300 
 1642.0000    77.2400 
 1644.0000    77.3300 
 1646.0000    77.4300 
 1648.0000    77.5300 
 1650.0000    77.6300 
 1652.0000    77.7000 
 1654.0000    77.7800 
 1656.0000    77.8150 
 1658.0000    77.9000 
 1660.0000    77.9950 
 1662.0000    78.1000 
 1664.0000    78.2200 
 1666.0000    78.2800 
 1668.0000    78.3500 
 1670.0000    78.3800 
 1672.0000    78.4400 
 1674.0000    78.5300 
 1676.0000    78.6200 
 1678.0000    78.7100 
 1680.0000    78.8100 
 1682.0000    78.8950 
 1684.0000    78.9500 
 1686.0000    78.9800 
 1688.0000    79.0400 
 1690.0000    79.1200 
 1692.0000    79.2000 
 1694.0000    79.3100 
 1696.0000    79.3400 
 1698.0000    79.3700 
 1700.0000    79.4000 
 1702.0000    79.4700 
 1704.0000    79.5500 
 1706.0000    79.6000 
 1708.0000    79.6600 
 1710.0000    79.6600 
 1712.0000    79.6800 
 1714.0000    79.6850 
 1716.0000    79.7300 
 1718.0000    79.7900 
 1720.0000    79.8400 
 1722.0000    79.8600 
 1724.0000    79.8500 
 1726.0000    79.8200 
 1728.0000    79.8200 
 1730.0000    79.8300 
 1732.0000    79.8300 
 1734.0000    79.8300 
 1736.0000    79.8100 
 1738.0000    79.7300 
 1740.0000    79.6600 
 1742.0000    79.6100 
 1744.0000    79.5600 
 1746.0000    79.5050 
 1748.0000    79.4000 
 1750.0000    79.3200 
 1752.0000    79.2500 
 1754.0000    79.1700 
 1756.0000    79.1000 
 1758.0000    78.9900 
 1760.0000    78.8800 
 1762.0000    78.7600 
 1764.0000    78.6600 
 1766.0000    78.5800 
 1768.0000    78.5100 
 1770.0000    78.4500 
 1772.0000    78.3800 
 1774.0000    78.3100 
 1776.0000    78.2300 
 1778.0000    78.1500 
 1780.0000    78.0800 
 1782.0000    77.9950 
 1784.0000    77.9200 
 1786.0000    77.8400 
 1788.0000    77.7450 
 1790.0000    77.6700 
 1792.0000    77.5500 
 1794.0000    77.4300 
 1796.0000    77.2900 
 1798.0000    77.1000 
 1800.0000    76.8450 
 1802.0000    76.5800 
 1804.0000    76.3300 
 1806.0000    76.0900 
 1808.0000    75.7800 
 1810.0000    75.4200 
 1812.0000    75.0300 
 1814.0000    74.6300 
 1816.0000    74.2800 
 1818.0000    73.9000 
 1820.0000    73.5400 
 1822.0000    73.1500 
 1824.0000    72.7000 
 1826.0000    72.1500 
 1828.0000    71.4000 
 1830.0000    70.4800 
 1832.0000    69.4000 
 1834.0000    68.2200 
 1836.0000    67.0200 
 1838.0000    65.7800 
 1840.0000    64.6300 
 1842.0000    63.6600 
 1844.0000    63.0200 
 1846.0000    62.8400 
 1848.0000    63.0100 
 1850.0000    63.3900 
 1852.0000    63.8000 
 1854.0000    64.1800 
 1856.0000    64.5100 
 1858.0000    64.7300 
 1860.0000    65.0200 
 1862.0000    65.4600 
 1864.0000    66.1050 
 1866.0000    67.0000 
 1868.0000    68.0000 
 1870.0000    69.1100 
 1872.0000    70.3000 
 1874.0000    71.4600 
 1876.0000    72.5200 
 1878.0000    73.3500 
 1880.0000    74.0000 
 1882.0000    74.5000 
 1884.0000    74.8500 
 1886.0000    75.1400 
 1888.0000    75.3600 
 1890.0000    75.5100 
 1892.0000    75.6000 
 1894.0000    75.5800 
 1896.0000    75.5800 
 1898.0000    75.5800 
 1900.0000    75.5500 
 1902.0000    75.4800 
 1904.0000    75.3600 
 1906.0000    75.2900 
 1908.0000    75.3000 
 1910.0000    75.2800 
 1912.0000    75.1950 
 1914.0000    75.0600 
 1916.0000    74.8900 
 1918.0000    74.8300 
 1920.0000    74.7900 
 1922.0000    74.7500 
 1924.0000    74.6550 
 1926.0000    74.5300 
 1928.0000    74.4000 
 1930.0000    74.2200 
 1932.0000    74.1300 
 1934.0000    74.0800 
 1936.0000    74.0100 
 1938.0000    73.9200 
 1940.0000    73.8300 
 1942.0000    73.8100 
 1944.0000    73.8200 
 1946.0000    73.7900 
 1948.0000    73.7600 
 1950.0000    73.7200 
 1952.0000    73.6400 
 1954.0000    73.5800 
 1956.0000    73.5400 
 1958.0000    73.4800 
 1960.0000    73.4100 
 1962.0000    73.3100 
 1964.0000    73.2700 
 1966.0000    73.2300 
 1968.0000    73.2000 
 1970.0000    73.1900 
 1972.0000    73.1700 
 1974.0000    73.1500 
 1976.0000    73.1500 
 1978.0000    73.1600 
 1980.0000    73.1800 
 1982.0000    73.1500 
 1984.0000    73.1000 
 1986.0000    73.0500 
 1988.0000    73.0300 
 1990.0000    72.9400 
 1992.0000    72.8400 
 1994.0000    72.7700 
 1996.0000    72.6700 
 1998.0000    72.5900 
 2000.0000    72.4500 
 2002.0000    72.3000 
 2004.0000    72.1400 
 2006.0000    72.0300 
 2008.0000    71.9800 
 2010.0000    71.9000 
 2012.0000    71.8500 
 2014.0000    71.7700 
 2016.0000    71.7300 
 2018.0000    71.6500 
 2020.0000    71.5200 
 2022.0000    71.3700 
 2024.0000    71.2000 
 2026.0000    71.0000 
 2028.0000    70.8000 
 2030.0000    70.6600 
 2032.0000    70.4600 
 2034.0000    70.2300 
 2036.0000    69.9700 
 2038.0000    69.6900 
 2040.0000    69.4600 
 2042.0000    69.1900 
 2044.0000    68.9600 
 2046.0000    68.8100 
 2048.0000    68.6900 
 2050.0000    68.5700 
 2052.0000    68.3500 
 2054.0000    68.1300 
 2056.0000    67.9500 
 2058.0000    67.8500 
 2060.0000    67.7700 
 2062.0000    67.6700 
 2064.0000    67.5500 
 2066.0000    67.4100 
 2068.0000    67.2800 
 2070.0000    67.1850 
 2072.0000    67.1100 
 2074.0000    67.0300 
 2076.0000    66.9500 
 2078.0000    66.8250 
 2080.0000    66.7400 
 2082.0000    66.6400 
 2084.0000    66.5300 
 2086.0000    66.4650 
 2088.0000    66.4400 
 2090.0000    66.3950 
 2092.0000    66.3300 
 2094.0000    66.2400 
 2096.0000    66.1050 
 2098.0000    66.0300 
 2100.0000    65.9400 
 2102.0000    65.8800 
 2104.0000    65.8000 
 2106.0000    65.7100 
 2108.0000    65.5800 
 2110.0000    65.3700 
 2112.0000    65.1900 
 2114.0000    64.9900 
 2116.0000    64.9000 
 2118.0000    64.7600 
 2120.0000    64.6350 
 2122.0000    64.5100 
 2124.0000    64.2900 
 2126.0000    64.1400 
 2128.0000    64.0000 
 2130.0000    63.8700 
 2132.0000    63.6900 
 2134.0000    63.4850 
 2136.0000    63.3500 
 2138.0000    63.1700 
 2140.0000    62.9600 
 2142.0000    62.7500 
 2144.0000    62.5800 
 2146.0000    62.4500 
 2148.0000    62.2600 
 2150.0000    62.0850 
 2152.0000    61.9000 
 2154.0000    61.7600 
 2156.0000    61.6150 
 2158.0000    61.5300 
 2160.0000    61.4000 
 2162.0000    61.2300 
 2164.0000    61.0700 
 2166.0000    60.9600 
 2168.0000    60.8200 
 2170.0000    60.6700 
 2172.0000    60.5300 
 2174.0000    60.4100 
 2176.0000    60.3100 
 2178.0000    60.1300 
 2180.0000    59.9400 
 2182.0000    59.6600 
 2184.0000    59.3900 
 2186.0000    59.1200 
 2188.0000    58.8800 
 2190.0000    58.6200 
 2192.0000    58.3400 
 2194.0000    58.0500 
 2196.0000    57.7200 
 2198.0000    57.4300 
 2200.0000    57.1900 
 2202.0000    56.9100 
 2204.0000    56.6000 
 2206.0000    56.2600 
 2208.0000    55.9200 
 2210.0000    55.5600 
 2212.0000    55.1800 
 2214.0000    54.8400 
 2216.0000    54.5000 
 2218.0000    54.1000 
 2220.0000    53.7600 
 2222.0000    53.3900 
 2224.0000    53.1300 
 2226.0000    52.9250 
 2228.0000    52.7100 
 2230.0000    52.5600 
 2232.0000    52.3300 
 2234.0000    52.2000 
 2236.0000    52.0800 
 2238.0000    51.9900 
 2240.0000    51.8800 
 2242.0000    51.8000 
 2244.0000    51.5950 
 2246.0000    51.3200 
 2248.0000    50.9000 
 2250.0000    50.4700 
 2252.0000    49.9200 
 2254.0000    49.1400 
 2256.0000    48.2500 
 2258.0000    47.2900 
 2260.0000    46.6200 
 2262.0000    45.9700 
 2264.0000    45.4600 
 2266.0000    45.1600 
 2268.0000    45.0500 
 2270.0000    45.2000 
 2272.0000    45.4000 
 2274.0000    45.7600 
 2276.0000    46.1700 
 2278.0000    46.7300 
 2280.0000    47.4300 
 2282.0000    48.3800 
 2284.0000    49.3500 
 2286.0000    50.4000 
 2288.0000    51.3900 
 2290.0000    52.3800 
 2292.0000    53.2900 
 2294.0000    53.9100 
 2296.0000    54.2600 
 2298.0000    54.3600 
 2300.0000    54.4100 
 2302.0000    54.3700 
 2304.0000    54.3600 
 2306.0000    54.5300 
 2308.0000    54.9700 
 2310.0000    55.7000 
 2312.0000    56.5700 
 2314.0000    57.5200 
 2316.0000    58.4000 
 2318.0000    59.1300 
 2320.0000    59.7000 
 2322.0000    60.1700 
 2324.0000    60.5700 
 2326.0000    60.7800 
 2328.0000    60.9900 
 2330.0000    61.2000 
 2332.0000    61.4600 
 2334.0000    61.6800 
 2336.0000    61.7200 
 2338.0000    61.6900 
 2340.0000    61.6600 
 2342.0000    61.7000 
 2344.0000    61.6700 
 2346.0000    61.5400 
 2348.0000    61.4800 
 2350.0000    61.3400 
 2352.0000    61.2400 
 2354.0000    61.0800 
 2356.0000    60.8600 
 2358.0000    60.5700 
 2360.0000    60.2300 
 2362.0000    60.0000 
 2364.0000    59.6700 
 2366.0000    59.3500 
 2368.0000    58.9600 
 2370.0000    58.4800 
 2372.0000    57.9700 
 2374.0000    57.4800 
 2376.0000    57.1100 
 2378.0000    56.6200 
 2380.0000    56.0700 
 2382.0000    55.4600 
 2384.0000    54.8400 
 2386.0000    54.2300 
 2388.0000    53.5500 
 2390.0000    52.8700 
 2392.0000    52.1300 
 2394.0000    51.4300 
 2396.0000    50.7300 
 2398.0000    49.9700 
 2400.0000    49.3900 
 2402.0000    48.8900 
 2404.0000    48.4400 
 2406.0000    47.9100 
 2408.0000    47.5800 
 2410.0000    47.3300 
 2412.0000    47.1800 
 2414.0000    47.0500 
 2416.0000    46.9600 
 2418.0000    46.9100 
 2420.0000    46.8500 
 2422.0000    46.8800 
 2424.0000    46.9900 
 2426.0000    47.1000 
 2428.0000    47.1100 
 2430.0000    47.1700 
 2432.0000    47.2300 
 2434.0000    47.3800 
 2436.0000    47.3100 
 2438.0000    47.2100 
 2440.0000    46.9800 
 2442.0000    46.8300 
 2444.0000    46.5500 
 2446.0000    46.1300 
 2448.0000    45.6200 
 2450.0000    45.1600 
 2452.0000    44.7000 
 2454.0000    44.2400 
 2456.0000    43.8100 
 2458.0000    43.4700 
 2460.0000    43.2200 
 2462.0000    43.0000 
 2464.0000    42.9500 
 2466.0000    43.0400 
 2468.0000    43.2600 
 2470.0000    43.4300 
 2472.0000    43.6000 
 2474.0000    43.8000 
 2476.0000    43.9900 
 2478.0000    44.1500 
 2480.0000    44.2100 
 2482.0000    44.3100 
 2484.0000    44.3000 
 2486.0000    44.2700 
 2488.0000    44.1800 
 2490.0000    44.2100 
 2492.0000    44.1700 
 2494.0000    44.0500 
 2496.0000    43.7100 
 2498.0000    43.3000 
 2500.0000    42.7400 
