 1300.0000    81.2800 
 1302.0000    81.3800 
 1304.0000    81.3350 
 1306.0000    81.2300 
 1308.0000    81.2200 
 1310.0000    81.1000 
 1312.0000    81.0100 
 1314.0000    80.8300 
 1316.0000    80.5700 
 1318.0000    80.4100 
 1320.0000    80.3650 
 1322.0000    80.2950 
 1324.0000    80.2200 
 1326.0000    80.0600 
 1328.0000    79.9350 
 1330.0000    79.7800 
 1332.0000    79.6100 
 1334.0000    79.5300 
 1336.0000    79.4900 
 1338.0000    79.4400 
 1340.0000    79.3000 
 1342.0000    79.1450 
 1344.0000    79.0400 
 1346.0000    79.0100 
 1348.0000    78.8950 
 1350.0000    78.7400 
 1352.0000    78.6000 
 1354.0000    78.4600 
 1356.0000    78.3900 
 1358.0000    78.3400 
 1360.0000    78.2600 
 1362.0000    78.1500 
 1364.0000    78.0300 
 1366.0000    77.8800 
 1368.0000    77.7600 
 1370.0000    77.6400 
 1372.0000    77.4700 
 1374.0000    77.3000 
 1376.0000    77.0600 
 1378.0000    76.8000 
 1380.0000    76.5300 
 1382.0000    76.2300 
 1384.0000    75.9000 
 1386.0000    75.5800 
 1388.0000    75.1950 
 1390.0000    74.7700 
 1392.0000    74.3300 
 1394.0000    73.8600 
 1396.0000    73.3600 
 1398.0000    72.9100 
 1400.0000    72.4400 
 1402.0000    71.9900 
 1404.0000    71.5600 
 1406.0000    71.1200 
 1408.0000    70.7200 
 1410.0000    70.3450 
 1412.0000    69.9850 
 1414.0000    69.7000 
 1416.0000    69.4500 
 1418.0000    69.2200 
 1420.0000    69.0500 
 1422.0000    68.9000 
 1424.0000    68.7600 
 1426.0000    68.6200 
 1428.0000    68.4700 
 1430.0000    68.3000 
 1432.0000    68.2100 
 1434.0000    68.0450 
 1436.0000    67.9300 
 1438.0000    67.7500 
 1440.0000    67.6100 
 1442.0000    67.4500 
 1444.0000    67.2800 
 1446.0000    67.1100 
 1448.0000    66.9700 
 1450.0000    66.8400 
 1452.0000    66.7500 
 1454.0000    66.6200 
 1456.0000    66.4900 
 1458.0000    66.3400 
 1460.0000    66.1900 
 1462.0000    66.0350 
 1464.0000    65.9100 
 1466.0000    65.8000 
 1468.0000    65.7000 
 1470.0000    65.5800 
 1472.0000    65.4400 
 1474.0000    65.3150 
 1476.0000    65.2450 
 1478.0000    65.1700 
 1480.0000    65.0650 
 1482.0000    64.9700 
 1484.0000    64.8600 
 1486.0000    64.7300 
 1488.0000    64.6300 
 1490.0000    64.5100 
 1492.0000    64.3900 
 1494.0000    64.2900 
 1496.0000    64.1800 
 1498.0000    64.0800 
 1500.0000    63.9900 
 1502.0000    63.8900 
 1504.0000    63.8100 
 1506.0000    63.7350 
 1508.0000    63.6400 
 1510.0000    63.5100 
 1512.0000    63.4100 
 1514.0000    63.3400 
 1516.0000    63.2800 
 1518.0000    63.2300 
 1520.0000    63.1700 
 1522.0000    63.1000 
 1524.0000    63.0600 
 1526.0000    62.9800 
 1528.0000    62.9000 
 1530.0000    62.8400 
 1532.0000    62.8100 
 1534.0000    62.8000 
 1536.0000    62.7800 
 1538.0000    62.7500 
 1540.0000    62.7200 
 1542.0000    62.7200 
 1544.0000    62.6950 
 1546.0000    62.6900 
 1548.0000    62.7200 
 1550.0000    62.7650 
 1552.0000    62.8200 
 1554.0000    62.8600 
 1556.0000    62.8700 
 1558.0000    62.9200 
 1560.0000    62.9700 
 1562.0000    63.0300 
 1564.0000    63.0700 
 1566.0000    63.0900 
 1568.0000    63.1000 
 1570.0000    63.1250 
 1572.0000    63.1700 
 1574.0000    63.1900 
 1576.0000    63.2100 
 1578.0000    63.2100 
 1580.0000    63.2200 
 1582.0000    63.2500 
 1584.0000    63.2500 
 1586.0000    63.2200 
 1588.0000    63.2300 
 1590.0000    63.2600 
 1592.0000    63.2900 
 1594.0000    63.3000 
 1596.0000    63.2800 
 1598.0000    63.2700 
 1600.0000    63.2700 
 1602.0000    63.2600 
 1604.0000    63.2400 
 1606.0000    63.2200 
 1608.0000    63.1900 
 1610.0000    63.1500 
 1612.0000    63.1250 
 1614.0000    63.1100 
 1616.0000    63.1100 
 1618.0000    63.1000 
 1620.0000    63.0700 
 1622.0000    63.0200 
 1624.0000    62.9800 
 1626.0000    62.9600 
 1628.0000    62.9400 
 1630.0000    62.9100 
 1632.0000    62.8700 
 1634.0000    62.8500 
 1636.0000    62.8400 
 1638.0000    62.8400 
 1640.0000    62.8300 
 1642.0000    62.8000 
 1644.0000    62.8000 
 1646.0000    62.8000 
 1648.0000    62.8000 
 1650.0000    62.7800 
 1652.0000    62.7800 
 1654.0000    62.7400 
 1656.0000    62.6950 
 1658.0000    62.6600 
 1660.0000    62.6200 
 1662.0000    62.5800 
 1664.0000    62.5600 
 1666.0000    62.5300 
 1668.0000    62.5100 
 1670.0000    62.4800 
 1672.0000    62.4300 
 1674.0000    62.3800 
 1676.0000    62.3350 
 1678.0000    62.3000 
 1680.0000    62.2600 
 1682.0000    62.2100 
 1684.0000    62.1800 
 1686.0000    62.1400 
 1688.0000    62.0800 
 1690.0000    61.9900 
 1692.0000    61.9400 
 1694.0000    61.9300 
 1696.0000    61.9200 
 1698.0000    61.9000 
 1700.0000    61.8700 
 1702.0000    61.8100 
 1704.0000    61.7500 
 1706.0000    61.6800 
 1708.0000    61.6300 
 1710.0000    61.6100 
 1712.0000    61.5800 
 1714.0000    61.5400 
 1716.0000    61.5100 
 1718.0000    61.4800 
 1720.0000    61.4500 
 1722.0000    61.4400 
 1724.0000    61.4000 
 1726.0000    61.3800 
 1728.0000    61.3650 
 1730.0000    61.3400 
 1732.0000    61.3500 
 1734.0000    61.3400 
 1736.0000    61.3100 
 1738.0000    61.2900 
 1740.0000    61.2900 
 1742.0000    61.3100 
 1744.0000    61.3000 
 1746.0000    61.2700 
 1748.0000    61.2700 
 1750.0000    61.2500 
 1752.0000    61.2300 
 1754.0000    61.2000 
 1756.0000    61.1500 
 1758.0000    61.1300 
 1760.0000    61.0900 
 1762.0000    61.0300 
 1764.0000    60.9800 
 1766.0000    60.9350 
 1768.0000    60.8800 
 1770.0000    60.8600 
 1772.0000    60.8200 
 1774.0000    60.7800 
 1776.0000    60.7300 
 1778.0000    60.6700 
 1780.0000    60.6300 
 1782.0000    60.5750 
 1784.0000    60.5200 
 1786.0000    60.4600 
 1788.0000    60.4200 
 1790.0000    60.3600 
 1792.0000    60.3000 
 1794.0000    60.2150 
 1796.0000    60.1400 
 1798.0000    60.0800 
 1800.0000    59.9650 
 1802.0000    59.8900 
 1804.0000    59.8100 
 1806.0000    59.7400 
 1808.0000    59.6500 
 1810.0000    59.5400 
 1812.0000    59.4400 
 1814.0000    59.3400 
 1816.0000    59.2450 
 1818.0000    59.1750 
 1820.0000    59.1100 
 1822.0000    59.0400 
 1824.0000    58.9500 
 1826.0000    58.8500 
 1828.0000    58.7500 
 1830.0000    58.6300 
 1832.0000    58.5500 
 1834.0000    58.4300 
 1836.0000    58.3000 
 1838.0000    58.1400 
 1840.0000    57.9900 
 1842.0000    57.8600 
 1844.0000    57.7100 
 1846.0000    57.5900 
 1848.0000    57.4700 
 1850.0000    57.3700 
 1852.0000    57.3200 
 1854.0000    57.3200 
 1856.0000    57.3900 
 1858.0000    57.4600 
 1860.0000    57.5100 
 1862.0000    57.5300 
 1864.0000    57.5600 
 1866.0000    57.5800 
 1868.0000    57.5200 
 1870.0000    57.3800 
 1872.0000    57.1400 
 1874.0000    56.8300 
 1876.0000    56.4300 
 1878.0000    55.9800 
 1880.0000    55.5200 
 1882.0000    55.0200 
 1884.0000    54.5050 
 1886.0000    53.9500 
 1888.0000    53.3550 
 1890.0000    52.7450 
 1892.0000    52.0800 
 1894.0000    51.4000 
 1896.0000    50.7100 
 1898.0000    50.0000 
 1900.0000    49.3000 
 1902.0000    48.6100 
 1904.0000    47.9900 
 1906.0000    47.4300 
 1908.0000    46.9300 
 1910.0000    46.5000 
 1912.0000    46.1000 
 1914.0000    45.8000 
 1916.0000    45.4800 
 1918.0000    45.2200 
 1920.0000    45.0100 
 1922.0000    44.7800 
 1924.0000    44.5400 
 1926.0000    44.2800 
 1928.0000    44.1100 
 1930.0000    43.9400 
 1932.0000    43.7500 
 1934.0000    43.5900 
 1936.0000    43.4500 
 1938.0000    43.3100 
 1940.0000    43.1300 
 1942.0000    42.9600 
 1944.0000    42.8300 
 1946.0000    42.7200 
 1948.0000    42.6000 
 1950.0000    42.4800 
 1952.0000    42.3500 
 1954.0000    42.2300 
 1956.0000    42.1200 
 1958.0000    42.0300 
 1960.0000    41.8900 
 1962.0000    41.7300 
 1964.0000    41.5800 
 1966.0000    41.5000 
 1968.0000    41.4600 
 1970.0000    41.3800 
 1972.0000    41.2700 
 1974.0000    41.1600 
 1976.0000    41.1300 
 1978.0000    41.0800 
 1980.0000    41.0600 
 1982.0000    40.9900 
 1984.0000    40.9300 
 1986.0000    40.9500 
 1988.0000    40.9700 
 1990.0000    41.0100 
 1992.0000    41.0200 
 1994.0000    40.9800 
 1996.0000    40.9600 
 1998.0000    40.9700 
 2000.0000    40.9700 
 2002.0000    40.9700 
 2004.0000    40.9600 
 2006.0000    40.9350 
 2008.0000    40.9350 
 2010.0000    40.9200 
 2012.0000    40.9500 
 2014.0000    40.9600 
 2016.0000    40.9300 
 2018.0000    40.9100 
 2020.0000    40.8800 
 2022.0000    40.8700 
 2024.0000    40.9000 
 2026.0000    40.9300 
 2028.0000    40.9800 
 2030.0000    41.0200 
 2032.0000    41.0200 
 2034.0000    41.0100 
 2036.0000    40.9900 
 2038.0000    41.0100 
 2040.0000    41.0300 
 2042.0000    41.0500 
 2044.0000    41.0800 
 2046.0000    41.1200 
 2048.0000    41.1800 
 2050.0000    41.2200 
 2052.0000    41.2600 
 2054.0000    41.2900 
 2056.0000    41.2900 
 2058.0000    41.2900 
 2060.0000    41.2900 
 2062.0000    41.3500 
 2064.0000    41.4300 
 2066.0000    41.5000 
 2068.0000    41.5900 
 2070.0000    41.6600 
 2072.0000    41.7300 
 2074.0000    41.7600 
 2076.0000    41.7700 
 2078.0000    41.8300 
 2080.0000    41.9000 
 2082.0000    42.0200 
 2084.0000    42.0900 
 2086.0000    42.1100 
 2088.0000    42.1300 
 2090.0000    42.1500 
 2092.0000    42.2400 
 2094.0000    42.3800 
 2096.0000    42.5400 
 2098.0000    42.6700 
 2100.0000    42.7200 
 2102.0000    42.7900 
 2104.0000    42.8700 
 2106.0000    42.9400 
 2108.0000    43.0200 
 2110.0000    43.0700 
 2112.0000    43.1500 
 2114.0000    43.2500 
 2116.0000    43.3500 
 2118.0000    43.4300 
 2120.0000    43.5100 
 2122.0000    43.5900 
 2124.0000    43.6700 
 2126.0000    43.7400 
 2128.0000    43.8400 
 2130.0000    43.9400 
 2132.0000    44.0500 
 2134.0000    44.1900 
 2136.0000    44.3600 
 2138.0000    44.5300 
 2140.0000    44.7000 
 2142.0000    44.8400 
 2144.0000    45.0500 
 2146.0000    45.2400 
 2148.0000    45.4100 
 2150.0000    45.5400 
 2152.0000    45.6400 
 2154.0000    45.7800 
 2156.0000    45.9300 
 2158.0000    46.0700 
 2160.0000    46.1900 
 2162.0000    46.2300 
 2164.0000    46.3000 
 2166.0000    46.3700 
 2168.0000    46.4900 
 2170.0000    46.5600 
 2172.0000    46.5700 
 2174.0000    46.5500 
 2176.0000    46.5400 
 2178.0000    46.5700 
 2180.0000    46.5300 
 2182.0000    46.4600 
 2184.0000    46.4100 
 2186.0000    46.4100 
 2188.0000    46.3300 
 2190.0000    46.2900 
 2192.0000    46.2000 
 2194.0000    46.1000 
 2196.0000    45.9500 
 2198.0000    45.7900 
 2200.0000    45.6700 
 2202.0000    45.5100 
 2204.0000    45.3200 
 2206.0000    45.0900 
 2208.0000    44.8600 
 2210.0000    44.6000 
 2212.0000    44.3800 
 2214.0000    44.1800 
 2216.0000    43.9700 
 2218.0000    43.7600 
 2220.0000    43.4900 
 2222.0000    43.2100 
 2224.0000    42.8700 
 2226.0000    42.5200 
 2228.0000    42.1700 
 2230.0000    41.8000 
 2232.0000    41.4300 
 2234.0000    41.0400 
 2236.0000    40.5900 
 2238.0000    40.1450 
 2240.0000    39.6900 
 2242.0000    39.2300 
 2244.0000    38.8000 
 2246.0000    38.3400 
 2248.0000    37.9200 
 2250.0000    37.5500 
 2252.0000    37.2200 
 2254.0000    36.9800 
 2256.0000    36.7600 
 2258.0000    36.4700 
 2260.0000    36.2000 
 2262.0000    35.9700 
 2264.0000    35.8100 
 2266.0000    35.6900 
 2268.0000    35.5200 
 2270.0000    35.3700 
 2272.0000    35.2700 
 2274.0000    35.1100 
 2276.0000    34.9900 
 2278.0000    34.8500 
 2280.0000    34.7100 
 2282.0000    34.5500 
 2284.0000    34.3600 
 2286.0000    34.2200 
 2288.0000    34.0300 
 2290.0000    33.8700 
 2292.0000    33.7300 
 2294.0000    33.5500 
 2296.0000    33.4500 
 2298.0000    33.3600 
 2300.0000    33.3300 
 2302.0000    33.2600 
 2304.0000    33.2600 
 2306.0000    33.3100 
 2308.0000    33.4200 
 2310.0000    33.5900 
 2312.0000    33.7600 
 2314.0000    34.0400 
 2316.0000    34.3700 
 2318.0000    34.7200 
 2320.0000    35.0900 
 2322.0000    35.5200 
 2324.0000    36.0100 
 2326.0000    36.5300 
 2328.0000    37.0500 
 2330.0000    37.5600 
 2332.0000    38.0250 
 2334.0000    38.5100 
 2336.0000    38.9900 
 2338.0000    39.3900 
 2340.0000    39.7600 
 2342.0000    39.9900 
 2344.0000    40.1100 
 2346.0000    40.1200 
 2348.0000    40.1000 
 2350.0000    40.0300 
 2352.0000    39.9100 
 2354.0000    39.7600 
 2356.0000    39.5700 
 2358.0000    39.3000 
 2360.0000    39.0100 
 2362.0000    38.7500 
 2364.0000    38.5100 
 2366.0000    38.2200 
 2368.0000    37.9700 
 2370.0000    37.7400 
 2372.0000    37.5200 
 2374.0000    37.3250 
 2376.0000    37.1300 
 2378.0000    36.9300 
 2380.0000    36.6250 
 2382.0000    36.3300 
 2384.0000    36.1300 
 2386.0000    35.8700 
 2388.0000    35.5800 
 2390.0000    35.2800 
 2392.0000    35.0000 
 2394.0000    34.7000 
 2396.0000    34.3700 
 2398.0000    34.1000 
 2400.0000    33.8400 
 2402.0000    33.5300 
 2404.0000    33.1950 
 2406.0000    32.9000 
 2408.0000    32.5900 
 2410.0000    32.3150 
 2412.0000    32.0400 
 2414.0000    31.6800 
 2416.0000    31.3450 
 2418.0000    31.0700 
 2420.0000    30.8300 
 2422.0000    30.4900 
 2424.0000    30.1300 
 2426.0000    29.7400 
 2428.0000    29.3400 
 2430.0000    28.9800 
 2432.0000    28.6300 
 2434.0000    28.3100 
 2436.0000    27.9400 
 2438.0000    27.6300 
 2440.0000    27.3750 
 2442.0000    27.0900 
 2444.0000    26.7800 
 2446.0000    26.4900 
 2448.0000    26.2900 
 2450.0000    26.1300 
 2452.0000    25.9000 
 2454.0000    25.6700 
 2456.0000    25.4700 
 2458.0000    25.3600 
 2460.0000    25.1600 
 2462.0000    25.0300 
 2464.0000    24.9700 
 2466.0000    24.8900 
 2468.0000    24.7900 
 2470.0000    24.6900 
 2472.0000    24.5500 
 2474.0000    24.4300 
 2476.0000    24.3100 
 2478.0000    24.2100 
 2480.0000    24.0600 
 2482.0000    23.9100 
 2484.0000    23.8300 
 2486.0000    23.8100 
 2488.0000    23.7600 
 2490.0000    23.6300 
 2492.0000    23.5600 
 2494.0000    23.5500 
 2496.0000    23.3900 
 2498.0000    23.2000 
 2500.0000    23.0800 
