 1300.0000    73.8300 
 1302.0000    73.3700 
 1304.0000    73.6100 
 1306.0000    74.5200 
 1308.0000    74.4050 
 1310.0000    73.9600 
 1312.0000    73.8100 
 1314.0000    73.8100 
 1316.0000    73.8600 
 1318.0000    74.2950 
 1320.0000    74.5400 
 1322.0000    74.3600 
 1324.0000    74.0450 
 1326.0000    74.0700 
 1328.0000    73.9700 
 1330.0000    73.8400 
 1332.0000    73.8300 
 1334.0000    73.8100 
 1336.0000    73.5900 
 1338.0000    73.2800 
 1340.0000    73.0900 
 1342.0000    72.8700 
 1344.0000    72.7400 
 1346.0000    72.7400 
 1348.0000    72.7150 
 1350.0000    72.5200 
 1352.0000    72.3550 
 1354.0000    72.3400 
 1356.0000    72.1200 
 1358.0000    71.9250 
 1360.0000    71.9700 
 1362.0000    71.9250 
 1364.0000    71.8550 
 1366.0000    71.8400 
 1368.0000    71.6200 
 1370.0000    71.2500 
 1372.0000    70.8100 
 1374.0000    70.3700 
 1376.0000    69.7500 
 1378.0000    69.0100 
 1380.0000    68.3000 
 1382.0000    67.3400 
 1384.0000    66.1300 
 1386.0000    64.8000 
 1388.0000    63.2400 
 1390.0000    61.3000 
 1392.0000    59.0650 
 1394.0000    56.5900 
 1396.0000    53.9500 
 1398.0000    51.3000 
 1400.0000    48.8000 
 1402.0000    46.3600 
 1404.0000    44.0200 
 1406.0000    41.9000 
 1408.0000    40.0100 
 1410.0000    38.2300 
 1412.0000    36.5900 
 1414.0000    35.1200 
 1416.0000    33.7600 
 1418.0000    32.4900 
 1420.0000    31.3900 
 1422.0000    30.5500 
 1424.0000    29.7800 
 1426.0000    29.1300 
 1428.0000    28.6700 
 1430.0000    28.2300 
 1432.0000    27.7900 
 1434.0000    27.5000 
 1436.0000    27.1800 
 1438.0000    26.8700 
 1440.0000    26.5800 
 1442.0000    26.3800 
 1444.0000    26.1400 
 1446.0000    25.9200 
 1448.0000    25.8800 
 1450.0000    25.9200 
 1452.0000    25.9300 
 1454.0000    26.0100 
 1456.0000    26.1900 
 1458.0000    26.2800 
 1460.0000    26.3900 
 1462.0000    26.6100 
 1464.0000    26.8200 
 1466.0000    27.0700 
 1468.0000    27.4200 
 1470.0000    27.9600 
 1472.0000    28.5250 
 1474.0000    29.2100 
 1476.0000    29.9600 
 1478.0000    30.6900 
 1480.0000    31.4700 
 1482.0000    32.2900 
 1484.0000    33.1000 
 1486.0000    33.8000 
 1488.0000    34.5000 
 1490.0000    35.3100 
 1492.0000    36.0400 
 1494.0000    36.9200 
 1496.0000    37.8400 
 1498.0000    38.7000 
 1500.0000    39.5100 
 1502.0000    40.4100 
 1504.0000    41.2400 
 1506.0000    42.1200 
 1508.0000    42.9500 
 1510.0000    43.8100 
 1512.0000    44.6000 
 1514.0000    45.3800 
 1516.0000    46.3000 
 1518.0000    47.2100 
 1520.0000    48.0600 
 1522.0000    48.9700 
 1524.0000    49.8500 
 1526.0000    50.5800 
 1528.0000    51.4300 
 1530.0000    52.2600 
 1532.0000    52.9500 
 1534.0000    53.6500 
 1536.0000    54.3900 
 1538.0000    55.1000 
 1540.0000    55.8350 
 1542.0000    56.6500 
 1544.0000    57.3400 
 1546.0000    57.9500 
 1548.0000    58.5900 
 1550.0000    59.2200 
 1552.0000    59.7500 
 1554.0000    60.3200 
 1556.0000    60.8900 
 1558.0000    61.4200 
 1560.0000    61.9200 
 1562.0000    62.5800 
 1564.0000    63.1700 
 1566.0000    63.7200 
 1568.0000    64.2500 
 1570.0000    64.7900 
 1572.0000    65.2300 
 1574.0000    65.7200 
 1576.0000    66.2400 
 1578.0000    66.6200 
 1580.0000    66.9500 
 1582.0000    67.4000 
 1584.0000    67.8200 
 1586.0000    68.3000 
 1588.0000    68.7650 
 1590.0000    69.1000 
 1592.0000    69.3600 
 1594.0000    69.7300 
 1596.0000    70.0800 
 1598.0000    70.4300 
 1600.0000    70.8100 
 1602.0000    71.2500 
 1604.0000    71.6000 
 1606.0000    72.0300 
 1608.0000    72.3800 
 1610.0000    72.6300 
 1612.0000    72.8700 
 1614.0000    73.1100 
 1616.0000    73.2900 
 1618.0000    73.5500 
 1620.0000    73.9200 
 1622.0000    74.2900 
 1624.0000    74.6200 
 1626.0000    74.9100 
 1628.0000    75.1100 
 1630.0000    75.3100 
 1632.0000    75.5200 
 1634.0000    75.7200 
 1636.0000    75.9000 
 1638.0000    75.9850 
 1640.0000    76.2500 
 1642.0000    76.4150 
 1644.0000    76.5800 
 1646.0000    76.8400 
 1648.0000    77.0200 
 1650.0000    77.2050 
 1652.0000    77.4300 
 1654.0000    77.5900 
 1656.0000    77.7000 
 1658.0000    77.8000 
 1660.0000    77.9200 
 1662.0000    77.9400 
 1664.0000    78.1300 
 1666.0000    78.3700 
 1668.0000    78.5100 
 1670.0000    78.6800 
 1672.0000    78.9300 
 1674.0000    78.9650 
 1676.0000    79.0400 
 1678.0000    79.1200 
 1680.0000    79.1400 
 1682.0000    79.1000 
 1684.0000    79.1200 
 1686.0000    79.1700 
 1688.0000    79.2300 
 1690.0000    79.4300 
 1692.0000    79.5600 
 1694.0000    79.6000 
 1696.0000    79.6850 
 1698.0000    79.8000 
 1700.0000    79.7200 
 1702.0000    79.6100 
 1704.0000    79.6000 
 1706.0000    79.5200 
 1708.0000    79.5400 
 1710.0000    79.6700 
 1712.0000    79.6500 
 1714.0000    79.6500 
 1716.0000    79.7400 
 1718.0000    79.6700 
 1720.0000    79.6500 
 1722.0000    79.6500 
 1724.0000    79.4900 
 1726.0000    79.3000 
 1728.0000    79.1200 
 1730.0000    79.0300 
 1732.0000    78.7850 
 1734.0000    78.6600 
 1736.0000    78.5500 
 1738.0000    78.3300 
 1740.0000    78.1600 
 1742.0000    77.9100 
 1744.0000    77.6100 
 1746.0000    77.3500 
 1748.0000    77.1900 
 1750.0000    76.8800 
 1752.0000    76.5300 
 1754.0000    76.2900 
 1756.0000    76.0300 
 1758.0000    75.8050 
 1760.0000    75.6500 
 1762.0000    75.4400 
 1764.0000    75.2600 
 1766.0000    75.0800 
 1768.0000    74.8200 
 1770.0000    74.5200 
 1772.0000    74.2250 
 1774.0000    74.0700 
 1776.0000    73.8300 
 1778.0000    73.7200 
 1780.0000    73.6600 
 1782.0000    73.5700 
 1784.0000    73.5700 
 1786.0000    73.5050 
 1788.0000    73.3900 
 1790.0000    73.3700 
 1792.0000    73.3250 
 1794.0000    73.2550 
 1796.0000    73.2000 
 1798.0000    73.2900 
 1800.0000    73.3250 
 1802.0000    73.4800 
 1804.0000    73.7200 
 1806.0000    73.8400 
 1808.0000    74.0100 
 1810.0000    74.1800 
 1812.0000    74.2500 
 1814.0000    74.2950 
 1816.0000    74.4300 
 1818.0000    74.4700 
 1820.0000    74.5400 
 1822.0000    74.7500 
 1824.0000    74.9100 
 1826.0000    75.0850 
 1828.0000    75.3300 
 1830.0000    75.3900 
 1832.0000    75.4600 
 1834.0000    75.4400 
 1836.0000    75.3000 
 1838.0000    75.1100 
 1840.0000    75.0150 
 1842.0000    74.8000 
 1844.0000    74.4700 
 1846.0000    74.2100 
 1848.0000    73.8100 
 1850.0000    73.3900 
 1852.0000    73.0400 
 1854.0000    72.3800 
 1856.0000    71.4700 
 1858.0000    70.5000 
 1860.0000    69.2100 
 1862.0000    67.6900 
 1864.0000    66.0900 
 1866.0000    64.1800 
 1868.0000    62.1400 
 1870.0000    59.9500 
 1872.0000    57.3300 
 1874.0000    54.2600 
 1876.0000    50.8600 
 1878.0000    46.8900 
 1880.0000    42.4700 
 1882.0000    37.8200 
 1884.0000    32.9400 
 1886.0000    27.9400 
 1888.0000    23.2500 
 1890.0000    18.7900 
 1892.0000    14.5600 
 1894.0000    10.8300 
 1896.0000     7.5100 
 1898.0000     4.6200 
 1900.0000     2.3400 
 1902.0000     0.3800 
 1904.0000    -1.1300 
 1906.0000    -2.1800 
 1908.0000    -3.1500 
 1910.0000    -3.8300 
 1912.0000    -4.3600 
 1914.0000    -4.8200 
 1916.0000    -5.1500 
 1918.0000    -5.6000 
 1920.0000    -5.8000 
 1922.0000    -6.0200 
 1924.0000    -6.1100 
 1926.0000    -6.1800 
 1928.0000    -6.1800 
 1930.0000    -6.2000 
 1932.0000    -6.2200 
 1934.0000    -6.1300 
 1936.0000    -6.0700 
 1938.0000    -5.8300 
 1940.0000    -5.6300 
 1942.0000    -5.4300 
 1944.0000    -5.1900 
 1946.0000    -4.8800 
 1948.0000    -4.6600 
 1950.0000    -4.2500 
 1952.0000    -3.9200 
 1954.0000    -3.5200 
 1956.0000    -3.1000 
 1958.0000    -2.7100 
 1960.0000    -2.2100 
 1962.0000    -1.8100 
 1964.0000    -1.2400 
 1966.0000    -0.7800 
 1968.0000    -0.2700 
 1970.0000     0.2100 
 1972.0000     0.7600 
 1974.0000     1.4200 
 1976.0000     1.9900 
 1978.0000     2.6000 
 1980.0000     3.1900 
 1982.0000     3.6800 
 1984.0000     4.3500 
 1986.0000     4.9700 
 1988.0000     5.5900 
 1990.0000     6.3100 
 1992.0000     6.9700 
 1994.0000     7.6500 
 1996.0000     8.2950 
 1998.0000     8.9900 
 2000.0000     9.7100 
 2002.0000    10.5000 
 2004.0000    11.1800 
 2006.0000    11.9700 
 2008.0000    12.7200 
 2010.0000    13.4800 
 2012.0000    14.3000 
 2014.0000    15.1100 
 2016.0000    15.9600 
 2018.0000    16.7800 
 2020.0000    17.6300 
 2022.0000    18.4000 
 2024.0000    19.3000 
 2026.0000    20.1300 
 2028.0000    21.0700 
 2030.0000    21.8200 
 2032.0000    22.5700 
 2034.0000    23.3800 
 2036.0000    24.2300 
 2038.0000    25.0700 
 2040.0000    25.8600 
 2042.0000    26.7200 
 2044.0000    27.4400 
 2046.0000    28.3400 
 2048.0000    29.1300 
 2050.0000    30.0300 
 2052.0000    30.8800 
 2054.0000    31.7750 
 2056.0000    32.6550 
 2058.0000    33.5800 
 2060.0000    34.3900 
 2062.0000    35.1200 
 2064.0000    35.9250 
 2066.0000    36.5900 
 2068.0000    37.5500 
 2070.0000    38.3700 
 2072.0000    39.2400 
 2074.0000    40.1200 
 2076.0000    40.9800 
 2078.0000    41.7900 
 2080.0000    42.6400 
 2082.0000    43.4600 
 2084.0000    44.3100 
 2086.0000    45.2600 
 2088.0000    45.8600 
 2090.0000    46.8200 
 2092.0000    47.6400 
 2094.0000    48.4700 
 2096.0000    49.3600 
 2098.0000    50.0500 
 2100.0000    50.7700 
 2102.0000    51.6100 
 2104.0000    52.4800 
 2106.0000    53.2800 
 2108.0000    54.1800 
 2110.0000    54.9000 
 2112.0000    55.7800 
 2114.0000    56.5900 
 2116.0000    57.3800 
 2118.0000    58.2050 
 2120.0000    59.0650 
 2122.0000    59.7300 
 2124.0000    60.5750 
 2126.0000    61.3100 
 2128.0000    61.7500 
 2130.0000    62.4000 
 2132.0000    62.9300 
 2134.0000    63.5550 
 2136.0000    63.9800 
 2138.0000    64.2200 
 2140.0000    64.6800 
 2142.0000    65.0800 
 2144.0000    65.4100 
 2146.0000    65.7100 
 2148.0000    65.9400 
 2150.0000    66.0900 
 2152.0000    66.2700 
 2154.0000    66.5900 
 2156.0000    66.7900 
 2158.0000    66.7200 
 2160.0000    66.4800 
 2162.0000    66.4600 
 2164.0000    66.4800 
 2166.0000    66.3700 
 2168.0000    66.3100 
 2170.0000    66.3700 
 2172.0000    66.4200 
 2174.0000    66.3700 
 2176.0000    66.3100 
 2178.0000    66.3700 
 2180.0000    66.2600 
 2182.0000    66.0900 
 2184.0000    66.0700 
 2186.0000    66.0700 
 2188.0000    65.8900 
 2190.0000    65.5600 
 2192.0000    65.4250 
 2194.0000    65.4100 
 2196.0000    65.2300 
 2198.0000    64.9500 
 2200.0000    64.7700 
 2202.0000    64.6350 
 2204.0000    64.5500 
 2206.0000    64.5700 
 2208.0000    64.6000 
 2210.0000    64.5100 
 2212.0000    64.2900 
 2214.0000    64.4200 
 2216.0000    64.7300 
 2218.0000    64.8600 
 2220.0000    64.6800 
 2222.0000    64.5700 
 2224.0000    64.7700 
 2226.0000    65.1000 
 2228.0000    65.1700 
 2230.0000    65.1500 
 2232.0000    65.1000 
 2234.0000    65.1700 
 2236.0000    65.2300 
 2238.0000    65.2450 
 2240.0000    65.3000 
 2242.0000    65.1900 
 2244.0000    65.1700 
 2246.0000    65.1900 
 2248.0000    65.4100 
 2250.0000    65.4500 
 2252.0000    65.1900 
 2254.0000    65.1500 
 2256.0000    65.2600 
 2258.0000    65.3600 
 2260.0000    65.1200 
 2262.0000    64.7900 
 2264.0000    64.7900 
 2266.0000    64.8400 
 2268.0000    64.7500 
 2270.0000    64.4900 
 2272.0000    64.2900 
 2274.0000    64.1600 
 2276.0000    63.9000 
 2278.0000    63.7200 
 2280.0000    63.5550 
 2282.0000    63.4300 
 2284.0000    63.3200 
 2286.0000    63.1500 
 2288.0000    62.9450 
 2290.0000    62.6700 
 2292.0000    62.4700 
 2294.0000    62.1800 
 2296.0000    61.8800 
 2298.0000    61.5450 
 2300.0000    61.2600 
 2302.0000    61.0000 
 2304.0000    60.7300 
 2306.0000    60.4700 
 2308.0000    60.0800 
 2310.0000    59.5900 
 2312.0000    59.0900 
 2314.0000    58.5800 
 2316.0000    58.2300 
 2318.0000    57.9000 
 2320.0000    57.4850 
 2322.0000    57.0100 
 2324.0000    56.4800 
 2326.0000    55.9700 
 2328.0000    55.6400 
 2330.0000    55.2700 
 2332.0000    54.8100 
 2334.0000    54.4400 
 2336.0000    54.1300 
 2338.0000    53.8000 
 2340.0000    53.2100 
 2342.0000    52.5500 
 2344.0000    51.9400 
 2346.0000    51.3700 
 2348.0000    50.9000 
 2350.0000    50.2650 
 2352.0000    49.6900 
 2354.0000    49.0600 
 2356.0000    48.3600 
 2358.0000    47.7500 
 2360.0000    47.0800 
 2362.0000    46.2700 
 2364.0000    45.7000 
 2366.0000    45.2900 
 2368.0000    44.9100 
 2370.0000    44.1600 
 2372.0000    43.4100 
 2374.0000    42.6900 
 2376.0000    42.1400 
 2378.0000    41.5700 
 2380.0000    40.9500 
 2382.0000    40.1700 
 2384.0000    39.4400 
 2386.0000    38.8900 
 2388.0000    38.2950 
 2390.0000    37.7300 
 2392.0000    37.1800 
 2394.0000    36.5200 
 2396.0000    35.8350 
 2398.0000    35.2000 
 2400.0000    34.6800 
 2402.0000    34.2000 
 2404.0000    33.7300 
 2406.0000    33.3000 
 2408.0000    32.6400 
 2410.0000    32.0200 
 2412.0000    31.4300 
 2414.0000    31.0400 
 2416.0000    30.4900 
 2418.0000    29.9000 
 2420.0000    29.2400 
 2422.0000    28.7300 
 2424.0000    28.2700 
 2426.0000    27.9000 
 2428.0000    27.2200 
 2430.0000    26.6300 
 2432.0000    25.9300 
 2434.0000    25.5700 
 2436.0000    24.9100 
 2438.0000    24.5000 
 2440.0000    23.8800 
 2442.0000    23.4500 
 2444.0000    22.7900 
 2446.0000    22.2400 
 2448.0000    21.6500 
 2450.0000    21.0700 
 2452.0000    20.3300 
 2454.0000    19.7200 
 2456.0000    19.1200 
 2458.0000    18.6600 
 2460.0000    18.1750 
 2462.0000    17.5700 
 2464.0000    17.4100 
 2466.0000    16.9700 
 2468.0000    16.5600 
 2470.0000    15.9750 
 2472.0000    15.6250 
 2474.0000    15.2000 
 2476.0000    14.8000 
 2478.0000    14.2900 
 2480.0000    13.9000 
 2482.0000    13.5700 
 2484.0000    13.3700 
 2486.0000    13.3500 
 2488.0000    12.8700 
 2490.0000    12.9100 
 2492.0000    12.6000 
 2494.0000    12.5000 
 2496.0000    12.0300 
 2498.0000    11.9200 
 2500.0000    11.9300 
